Oscilloscope data. 
Time step = 125,0 uS
Voltage step = 62,50 mV
Zero level = 75

N 	Smpl.	Trig

0	124	0
1	101	0
2	107	0
3	81	0
4	113	0
5	97	0
6	106	0
7	78	0
8	97	0
9	99	0
10	107	0
11	95	0
12	88	0
13	107	0
14	107	0
15	120	0
16	91	0
17	115	0
18	107	0
19	135	0
20	105	0
21	117	0
22	107	0
23	132	0
24	120	0
25	113	0
26	107	0
27	111	0
28	126	0
29	104	0
30	107	0
31	88	0
32	119	0
33	97	0
34	107	0
35	77	0
36	103	0
37	97	0
38	107	0
39	86	0
40	91	0
41	103	0
42	107	0
43	109	0
44	89	0
45	111	0
46	107	0
47	131	0
48	99	0
49	117	0
50	107	0
51	136	0
52	115	0
53	115	0
54	107	0
55	121	0
56	125	0
57	107	0
58	106	0
59	96	0
60	123	0
61	99	0
62	107	0
63	79	0
64	110	0
65	96	0
66	107	0
67	81	0
68	95	0
69	100	0
70	107	0
71	99	0
72	88	0
73	109	0
74	107	0
75	123	0
76	94	0
77	115	0
78	107	0
79	137	0
80	108	0
81	117	0
82	107	0
83	129	0
84	122	0
85	111	0
86	107	0
87	107	0
88	125	0
89	102	0
90	106	0
91	85	0
92	116	0
93	96	0
94	107	0
95	77	0
96	100	0
97	97	0
98	107	0
99	90	0
100	89	0
101	105	0
102	107	0
103	114	0
104	89	0
105	113	0
106	107	0
107	133	0
108	101	0
109	117	0
110	107	0
111	135	0
112	117	0
113	113	0
114	107	0
115	117	0
116	126	0
117	106	0
118	107	0
119	93	0
120	121	0
121	98	0
122	107	0
123	78	0
124	107	0
125	97	0
126	107	0
127	82	0
128	92	0
129	101	0
130	107	0
131	104	0
132	88	0
133	110	0
134	107	0
135	127	0
136	96	0
137	117	0
138	107	0
139	137	0
140	111	0
141	116	0
142	107	0
143	126	0
144	123	0
145	109	0
146	107	0
147	102	0
148	125	0
149	101	0
150	107	0
151	81	0
152	113	0
153	97	0
154	107	0
155	78	0
156	97	0
157	99	0
158	106	0
159	94	0
160	88	0
161	107	0
162	107	0
163	119	0
164	91	0
165	115	0
166	107	0
167	135	0
168	105	0
169	117	0
170	107	0
171	133	0
172	119	0
173	113	0
174	107	0
175	113	0
176	126	0
177	105	0
178	106	0
179	89	0
180	119	0
181	97	0
182	106	0
183	77	0
184	105	0
185	97	0
186	107	0
187	85	0
188	90	0
189	103	0
190	107	0
191	109	0
192	89	0
193	111	0
194	107	0
195	130	0
196	99	0
197	117	0
198	107	0
199	136	0
200	114	0
201	116	0
202	107	0
203	122	0
204	125	0
205	108	0
206	107	0
207	97	0
208	124	0
209	100	0
210	107	0
211	79	0
212	111	0
213	97	0
214	107	0
215	80	0
216	95	0
217	100	0
218	107	0
219	98	0
220	87	0
221	108	0
222	107	0
223	123	0
224	93	0
225	116	0
226	107	0
227	136	0
228	107	0
229	117	0
230	107	0
231	129	0
232	122	0
233	111	0
234	107	0
235	107	0
236	125	0
237	102	0
238	107	0
239	85	0
240	117	0
241	97	0
242	107	0
243	77	0
244	101	0
245	97	0
246	107	0
247	89	0
248	89	0
249	105	0
250	106	0
251	113	0
252	89	0
253	113	0
254	107	0
255	133	0
256	101	0
257	117	0
258	107	0
259	135	0
260	117	0
261	114	0
262	107	0
263	117	0
264	126	0
265	106	0
266	107	0
267	94	0
268	122	0
269	99	0
270	107	0
271	78	0
272	107	0
273	97	0
274	107	0
275	83	0
276	93	0
277	101	0
278	107	0
279	103	0
280	87	0
281	110	0
282	107	0
283	126	0
284	95	0
285	116	0
286	107	0
287	137	0
288	111	0
289	117	0
290	107	0
291	127	0
292	123	0
293	109	0
294	107	0
295	103	0
296	125	0
297	101	0
298	107	0
299	82	0
300	113	0
301	97	0
302	106	0
303	79	0
304	98	0
305	99	0
306	106	0
307	93	0
308	89	0
309	106	0
310	107	0
311	117	0
312	90	0
313	114	0
314	107	0
315	134	0
316	104	0
317	117	0
318	107	0
319	133	0
320	119	0
321	113	0
322	107	0
323	113	0
324	126	0
325	105	0
326	107	0
327	89	0
328	119	0
329	97	0
330	107	0
331	77	0
332	105	0
333	97	0
334	107	0
335	85	0
336	91	0
337	102	0
338	107	0
339	108	0
340	88	0
341	113	0
342	106	0
343	129	0
344	97	0
345	117	0
346	107	0
347	136	0
348	113	0
349	115	0
350	107	0
351	123	0
352	125	0
353	109	0
354	107	0
355	98	0
356	124	0
357	100	0
358	107	0
359	81	0
360	111	0
361	96	0
362	107	0
363	79	0
364	95	0
365	99	0
366	107	0
367	97	0
368	87	0
369	109	0
370	107	0
371	121	0
372	93	0
373	115	0
374	107	0
375	136	0
376	107	0
377	117	0
378	107	0
379	129	0
380	121	0
381	113	0
382	107	0
383	109	0
384	127	0
385	103	0
386	107	0
387	86	0
388	117	0
389	97	0
390	107	0
391	77	0
392	101	0
393	98	0
394	107	0
395	88	0
396	89	0
397	104	0
398	107	0
399	113	0
400	89	0
401	113	0
402	107	0
403	132	0
404	101	0
405	117	0
406	107	0
407	135	0
408	116	0
409	115	0
410	107	0
411	119	0
412	125	0
413	106	0
414	107	0
415	94	0
416	122	0
417	99	0
418	107	0
419	78	0
420	108	0
421	97	0
422	107	0
423	81	0
424	93	0
425	101	0
426	107	0
427	102	0
428	87	0
429	110	0
430	107	0
431	126	0
432	95	0
433	117	0
434	106	0
435	137	0
436	110	0
437	117	0
438	107	0
439	127	0
440	124	0
441	110	0
442	107	0
443	104	0
444	125	0
445	101	0
446	107	0
447	82	0
448	115	0
449	97	0
450	107	0
451	78	0
452	99	0
453	98	0
454	106	0
455	92	0
456	88	0
457	106	0
458	106	0
459	117	0
460	89	0
461	113	0
462	107	0
463	135	0
464	103	0
465	117	0
466	107	0
467	133	0
468	119	0
469	113	0
470	107	0
471	114	0
472	126	0
473	105	0
474	107	0
475	90	0
476	120	0
477	98	0
478	107	0
479	77	0
480	105	0
481	97	0
482	107	0
483	85	0
484	91	0
485	103	0
486	106	0
487	107	0
488	87	0
489	111	0
490	106	0
491	129	0
492	97	0
493	117	0
494	107	0
495	136	0
496	113	0
497	115	0
498	107	0
499	123	0
500	125	0
501	109	0
502	107	0
503	99	0
504	125	0
505	100	0
506	107	0
507	80	0
508	111	0
509	96	0
510	107	0
511	80	0
512	96	0
513	100	0
514	106	0
515	97	0
516	87	0
517	107	0
518	107	0
519	121	0
520	92	0
521	115	0
522	107	0
523	136	0
524	107	0
525	117	0
526	107	0
527	131	0
528	121	0
529	111	0
530	107	0
531	110	0
532	127	0
533	104	0
534	107	0
535	87	0
536	118	0
537	97	0
538	107	0
539	77	0
540	102	0
541	97	0
542	106	0
543	88	0
544	89	0
545	105	0
546	107	0
547	111	0
548	89	0
549	113	0
550	107	0
551	132	0
552	100	0
553	117	0
554	107	0
555	135	0
556	117	0
557	115	0
558	107	0
559	119	0
560	126	0
561	107	0
562	107	0
563	95	0
564	123	0
565	99	0
566	107	0
567	79	0
568	109	0
569	96	0
570	106	0
571	81	0
572	94	0
573	101	0
574	107	0
575	101	0
576	87	0
577	109	0
578	107	0
579	125	0
580	94	0
581	115	0
582	107	0
583	136	0
584	110	0
585	117	0
586	107	0
587	127	0
588	123	0
589	111	0
590	107	0
591	105	0
592	126	0
593	102	0
594	107	0
595	83	0
596	115	0
597	97	0
598	106	0
599	78	0
600	99	0
601	98	0
602	107	0
603	91	0
604	89	0
605	105	0
606	107	0
607	115	0
608	89	0
609	113	0
610	107	0
611	133	0
612	102	0
613	117	0
614	107	0
615	133	0
616	119	0
617	113	0
618	107	0
619	115	0
620	127	0
621	105	0
622	107	0
623	91	0
624	121	0
625	99	0
626	107	0
627	77	0
628	105	0
629	97	0
630	106	0
631	84	0
632	91	0
633	102	0
634	106	0
635	105	0
636	87	0
637	111	0
638	106	0
639	129	0
640	97	0
641	117	0
642	107	0
643	137	0
644	113	0
645	116	0
646	107	0
647	125	0
648	125	0
649	109	0
650	107	0
651	100	0
652	125	0
653	101	0
654	107	0
655	81	0
656	113	0
657	97	0
658	106	0
659	79	0
660	97	0
661	99	0
662	106	0
663	96	0
664	87	0
665	107	0
666	107	0
667	120	0
668	91	0
669	115	0
670	107	0
671	135	0
672	106	0
673	117	0
674	107	0
675	131	0
676	121	0
677	112	0
678	107	0
679	110	0
680	127	0
681	105	0
682	107	0
683	87	0
684	118	0
685	97	0
686	107	0
687	78	0
688	103	0
689	97	0
690	107	0
691	87	0
692	89	0
693	103	0
694	106	0
695	111	0
696	87	0
697	112	0
698	106	0
699	131	0
700	99	0
701	117	0
702	107	0
703	135	0
704	115	0
705	115	0
706	107	0
707	120	0
708	126	0
709	107	0
710	107	0
711	96	0
712	123	0
713	99	0
714	107	0
715	79	0
716	109	0
717	97	0
718	107	0
719	81	0
720	94	0
721	101	0
722	106	0
723	101	0
724	86	0
725	109	0
726	106	0
727	124	0
728	94	0
729	116	0
730	107	0
731	136	0
732	109	0
733	117	0
734	107	0
735	128	0
736	123	0
737	111	0
738	108	0
739	106	0
740	126	0
741	102	0
742	107	0
743	84	0
744	117	0
745	97	0
746	106	0
747	78	0
748	100	0
749	98	0
750	107	0
751	91	0
752	88	0
753	105	0
754	106	0
755	114	0
756	89	0
757	113	0
758	107	0
759	133	0
760	102	0
761	117	0
762	107	0
763	134	0
764	118	0
765	113	0
766	107	0
767	115	0
768	127	0
769	105	0
770	108	0
771	93	0
772	121	0
773	99	0
774	107	0
775	78	0
776	107	0
777	97	0
778	107	0
779	83	0
780	91	0
781	102	0
782	107	0
783	105	0
784	87	0
785	111	0
786	106	0
787	128	0
788	96	0
789	116	0
790	106	0
791	136	0
792	113	0
793	115	0
794	107	0
795	125	0
796	125	0
797	109	0
798	107	0
799	101	0
800	125	0
801	101	0
802	107	0
803	81	0
804	113	0
805	97	0
806	107	0
807	79	0
808	97	0
809	99	0
810	106	0
811	95	0
812	87	0
813	107	0
814	105	0
815	119	0
816	91	0
817	115	0
818	107	0
819	135	0
820	105	0
821	117	0
822	107	0
823	131	0
824	121	0
825	112	0
826	107	0
827	111	0
828	127	0
829	104	0
830	107	0
831	88	0
832	119	0
833	97	0
834	107	0
835	77	0
836	103	0
837	97	0
838	106	0
839	87	0
840	89	0
841	103	0
842	106	0
843	110	0
844	88	0
845	112	0
846	106	0
847	130	0
848	99	0
849	117	0
850	107	0
851	135	0
852	115	0
853	115	0
854	108	0
855	121	0
856	126	0
857	108	0
858	107	0
859	97	0
860	123	0
861	99	0
862	107	0
863	79	0
864	110	0
865	97	0
866	106	0
867	81	0
868	94	0
869	101	0
870	106	0
871	99	0
872	86	0
873	109	0
874	106	0
875	123	0
876	93	0
877	115	0
878	106	0
879	136	0
880	108	0
881	117	0
882	107	0
883	129	0
884	123	0
885	111	0
886	108	0
887	107	0
888	126	0
889	103	0
890	108	0
891	85	0
892	117	0
893	97	0
894	107	0
895	78	0
896	100	0
897	98	0
898	107	0
899	90	0
900	89	0
901	105	0
902	105	0
903	114	0
904	89	0
905	113	0
906	106	0
907	133	0
908	101	0
909	117	0
910	107	0
911	134	0
912	118	0
913	114	0
914	108	0
915	117	0
916	127	0
917	106	0
918	107	0
919	93	0
920	122	0
921	99	0
922	107	0
923	78	0
924	107	0
925	97	0
926	106	0
927	83	0
928	91	0
929	101	0
930	106	0
931	104	0
932	87	0
933	110	0
934	107	0
935	127	0
936	95	0
937	116	0
938	107	0
939	136	0
940	111	0
941	116	0
942	107	0
943	125	0
944	125	0
945	109	0
946	107	0
947	102	0
948	126	0
949	101	0
950	107	0
951	82	0
952	113	0
953	97	0
954	107	0
955	79	0
956	97	0
957	99	0
958	106	0
959	94	0
960	87	0
961	107	0
962	106	0
963	118	0
964	90	0
965	114	0
966	107	0
967	135	0
968	105	0
969	117	0
970	107	0
971	132	0
972	121	0
973	113	0
974	108	0
975	113	0
976	127	0
977	105	0
978	108	0
979	89	0
980	120	0
981	97	0
982	107	0
983	77	0
984	104	0
985	97	0
986	106	0
987	86	0
988	90	0
989	103	0
990	106	0
991	109	0
992	87	0
993	112	0
994	106	0
995	129	0
996	97	0
997	117	0
998	107	0
999	136	0
1000	115	0
1001	115	0
1002	108	0
1003	121	0
1004	126	0
1005	108	0
1006	108	0
1007	97	0
1008	124	0
1009	100	0
1010	107	0
1011	81	0
1012	111	0
1013	97	0
1014	107	0
1015	81	0
1016	94	0
1017	101	0
1018	105	0
1019	99	0
1020	86	0
1021	109	0
1022	106	0
1023	122	0
1024	92	0
1025	115	0
1026	106	0
1027	136	0
1028	108	0
1029	117	0
1030	107	0
1031	129	0
1032	123	0
1033	111	0
1034	108	0
1035	107	0
1036	127	0
1037	103	0
1038	109	0
1039	85	0
1040	117	0
1041	97	0
1042	107	0
1043	78	0
1044	101	0
1045	98	0
1046	106	0
1047	89	0
1048	89	0
1049	105	0
1050	105	0
1051	113	0
1052	89	0
1053	113	0
1054	107	0
1055	132	0
1056	101	0
1057	117	0
1058	107	0
1059	134	0
1060	117	0
1061	114	0
1062	107	0
1063	117	0
1064	127	0
1065	106	0
1066	108	0
1067	93	0
1068	123	0
1069	99	0
1070	107	0
1071	78	0
1072	108	0
1073	97	0
1074	106	0
1075	83	0
1076	92	0
1077	102	0
1078	106	0
1079	103	0
1080	86	0
1081	110	0
1082	106	0
1083	126	0
1084	95	0
1085	115	0
1086	107	0
1087	136	0
1088	111	0
1089	115	0
1090	107	0
1091	126	0
1092	125	0
1093	109	0
1094	108	0
1095	103	0
1096	126	0
1097	102	0
1098	107	0
1099	82	0
1100	114	0
1101	97	0
1102	106	0
1103	79	0
1104	97	0
1105	99	0
1106	106	0
1107	94	0
1108	87	0
1109	106	0
1110	105	0
1111	118	0
1112	90	0
1113	114	0
1114	105	0
1115	134	0
1116	104	0
1117	117	0
1118	107	0
1119	132	0
1120	120	0
1121	113	0
1122	109	0
1123	113	0
1124	127	0
1125	105	0
1126	108	0
1127	89	0
1128	120	0
1129	98	0
1130	107	0
1131	77	0
1132	105	0
1133	97	0
1134	107	0
1135	85	0
1136	89	0
1137	102	0
1138	105	0
1139	108	0
1140	87	0
1141	111	0
1142	106	0
1143	129	0
1144	97	0
1145	117	0
1146	107	0
1147	136	0
1148	114	0
1149	115	0
1150	108	0
1151	122	0
1152	126	0
1153	108	0
1154	108	0
1155	99	0
1156	125	0
1157	100	0
1158	107	0
1159	81	0
1160	111	0
1161	97	0
1162	107	0
1163	79	0
1164	95	0
1165	101	0
1166	106	0
1167	97	0
1168	86	0
1169	108	0
1170	106	0
1171	121	0
1172	92	0
1173	115	0
1174	107	0
1175	135	0
1176	107	0
1177	117	0
1178	107	0
1179	129	0
1180	122	0
1181	111	0
1182	108	0
1183	109	0
1184	127	0
1185	103	0
1186	107	0
1187	86	0
1188	118	0
1189	97	0
1190	107	0
1191	78	0
1192	101	0
1193	97	0
1194	106	0
1195	89	0
1196	89	0
1197	105	0
1198	105	0
1199	113	0
1200	87	0
1201	112	0
1202	105	0
1203	132	0
1204	100	0
1205	116	0
1206	107	0
1207	134	0
1208	117	0
1209	113	0
1210	108	0
1211	119	0
1212	127	0
1213	107	0
1214	108	0
1215	94	0
1216	123	0
1217	99	0
1218	107	0
1219	79	0
1220	108	0
1221	96	0
1222	107	0
1223	82	0
1224	93	0
1225	101	0
1226	105	0
1227	102	0
1228	86	0
1229	110	0
1230	105	0
1231	125	0
1232	94	0
1233	116	0
1234	107	0
1235	136	0
1236	110	0
1237	116	0
1238	107	0
1239	126	0
1240	125	0
1241	110	0
1242	107	0
1243	105	0
1244	127	0
1245	102	0
1246	107	0
1247	83	0
1248	115	0
1249	97	0
1250	107	0
1251	78	0
1252	98	0
1253	99	0
1254	105	0
1255	93	0
1256	87	0
1257	106	0
1258	105	0
1259	117	0
1260	89	0
1261	113	0
1262	106	0
1263	134	0
1264	103	0
1265	117	0
1266	107	0
1267	133	0
1268	120	0
1269	113	0
1270	108	0
1271	113	0
1272	127	0
1273	105	0
1274	109	0
1275	90	0
1276	121	0
1277	99	0
1278	107	0
1279	78	0
1280	105	0
1281	97	0
1282	106	0
1283	85	0
1284	89	0
1285	102	0
1286	105	0
1287	107	0
1288	87	0
1289	111	0
1290	106	0
1291	129	0
1292	97	0
1293	116	0
1294	107	0
1295	136	0
1296	113	0
1297	115	0
1298	108	0
1299	123	0
1300	126	0
1301	109	0
1302	108	0
1303	99	0
1304	125	0
1305	101	0
1306	107	0
1307	81	0
1308	112	0
1309	97	0
1310	106	0
1311	81	0
1312	95	0
1313	100	0
1314	105	0
1315	97	0
1316	86	0
1317	107	0
1318	105	0
1319	121	0
1320	91	0
1321	115	0
1322	106	0
1323	135	0
1324	107	0
1325	117	0
1326	107	0
1327	130	0
1328	122	0
1329	111	0
1330	108	0
1331	109	0
1332	128	0
1333	104	0
1334	108	0
1335	87	0
1336	118	0
1337	97	0
1338	106	0
1339	77	0
1340	102	0
1341	98	0
1342	105	0
1343	88	0
1344	88	0
1345	105	0
1346	105	0
1347	111	0
1348	87	0
1349	112	0
1350	106	0
1351	131	0
1352	99	0
1353	117	0
1354	106	0
1355	134	0
1356	117	0
1357	113	0
1358	108	0
1359	119	0
1360	127	0
1361	107	0
1362	108	0
1363	95	0
1364	123	0
1365	100	0
1366	107	0
1367	79	0
1368	109	0
1369	97	0
1370	107	0
1371	82	0
1372	93	0
1373	101	0
1374	105	0
1375	101	0
1376	86	0
1377	109	0
1378	105	0
1379	124	0
1380	94	0
1381	115	0
1382	106	0
1383	136	0
1384	110	0
1385	116	0
1386	107	0
1387	127	0
1388	124	0
1389	110	0
1390	108	0
1391	105	0
1392	127	0
1393	102	0
1394	108	0
1395	83	0
1396	115	0
1397	97	0
1398	107	0
1399	78	0
1400	99	0
1401	99	0
1402	105	0
1403	93	0
1404	87	0
1405	105	0
1406	105	0
1407	116	0
1408	89	0
1409	113	0
1410	106	0
1411	133	0
1412	103	0
1413	117	0
1414	107	0
1415	133	0
1416	119	0
1417	113	0
1418	108	0
1419	115	0
1420	129	0
1421	105	0
1422	108	0
1423	91	0
1424	122	0
1425	98	0
1426	107	0
1427	78	0
1428	105	0
1429	97	0
1430	106	0
1431	85	0
1432	90	0
1433	102	0
1434	105	0
1435	105	0
1436	86	0
1437	111	0
1438	105	0
1439	129	0
1440	96	0
1441	116	0
1442	107	0
1443	136	0
1444	113	0
1445	115	0
1446	107	0
1447	123	0
1448	126	0
1449	109	0
1450	108	0
1451	101	0
1452	125	0
1453	101	0
1454	108	0
1455	81	0
1456	113	0
1457	97	0
1458	106	0
1459	79	0
1460	97	0
1461	99	0
1462	105	0
1463	97	0
1464	87	0
1465	107	0
1466	105	0
1467	120	0
1468	91	0
1469	114	0
1470	106	0
1471	135	0
1472	105	0
1473	117	0
1474	107	0
1475	131	0
1476	121	0
1477	112	0
1478	109	0
1479	110	0
1480	129	0
1481	104	0
1482	109	0
1483	87	0
1484	119	0
1485	98	0
1486	107	0
1487	78	0
1488	102	0
1489	98	0
1490	106	0
1491	87	0
1492	89	0
1493	104	0
1494	105	0
1495	111	0
1496	87	0
1497	112	0
1498	105	0
1499	131	0
1500	99	0
1501	117	0
1502	107	0
1503	135	0
1504	116	0
1505	115	0
1506	108	0
1507	120	0
1508	127	0
1509	107	0
1510	109	0
1511	96	0
1512	124	0
1513	99	0
1514	108	0
1515	80	0
1516	109	0
1517	97	0
1518	106	0
1519	81	0
1520	93	0
1521	101	0
1522	105	0
1523	100	0
1524	85	0
1525	109	0
1526	105	0
1527	123	0
1528	93	0
1529	115	0
1530	107	0
1531	136	0
1532	109	0
1533	116	0
1534	107	0
1535	128	0
1536	124	0
1537	110	0
1538	108	0
1539	106	0
1540	127	0
1541	103	0
1542	108	0
1543	85	0
1544	117	0
1545	97	0
1546	107	0
1547	78	0
1548	99	0
1549	99	0
1550	105	0
1551	91	0
1552	87	0
1553	105	0
1554	105	0
1555	114	0
1556	88	0
1557	113	0
1558	106	0
1559	133	0
1560	102	0
1561	117	0
1562	107	0
1563	133	0
1564	119	0
1565	113	0
1566	107	0
1567	116	0
1568	129	0
1569	106	0
1570	108	0
1571	93	0
1572	122	0
1573	99	0
1574	107	0
1575	79	0
1576	106	0
1577	97	0
1578	107	0
1579	84	0
1580	90	0
1581	102	0
1582	105	0
1583	105	0
1584	86	0
1585	110	0
1586	105	0
1587	127	0
1588	95	0
1589	115	0
1590	107	0
1591	136	0
1592	113	0
1593	115	0
1594	107	0
1595	125	0
1596	125	0
1597	109	0
1598	109	0
1599	101	0
1600	126	0
1601	101	0
1602	108	0
1603	82	0
1604	113	0
1605	97	0
1606	107	0
1607	80	0
1608	96	0
1609	100	0
1610	105	0
1611	95	0
1612	86	0
1613	107	0
1614	105	0
1615	119	0
1616	90	0
1617	113	0
1618	106	0
1619	134	0
1620	105	0
1621	117	0
1622	107	0
1623	131	0
1624	121	0
1625	112	0
1626	108	0
1627	111	0
1628	127	0
1629	105	0
1630	108	0
1631	89	0
1632	120	0
1633	97	0
1634	107	0
1635	78	0
1636	103	0
1637	98	0
1638	105	0
1639	87	0
1640	89	0
1641	104	0
1642	105	0
1643	109	0
1644	87	0
1645	111	0
1646	105	0
1647	130	0
1648	98	0
1649	116	0
1650	107	0
1651	135	0
1652	115	0
1653	114	0
1654	108	0
1655	121	0
1656	127	0
1657	108	0
1658	109	0
1659	97	0
1660	125	0
1661	100	0
1662	108	0
1663	80	0
1664	110	0
1665	97	0
1666	106	0
1667	81	0
1668	94	0
1669	101	0
1670	105	0
1671	99	0
1672	85	0
1673	109	0
1674	105	0
1675	123	0
1676	92	0
1677	115	0
1678	106	0
1679	135	0
1680	109	0
1681	116	0
1682	107	0
1683	128	0
1684	123	0
1685	111	0
1686	108	0
1687	107	0
1688	127	0
1689	103	0
1690	109	0
1691	85	0
1692	117	0
1693	97	0
1694	107	0
1695	78	0
1696	99	0
1697	98	0
1698	105	0
1699	91	0
1700	87	0
1701	105	0
1702	105	0
1703	113	0
1704	88	0
1705	113	0
1706	105	0
1707	132	0
1708	101	0
1709	116	0
1710	107	0
1711	133	0
1712	118	0
1713	113	0
1714	108	0
1715	117	0
1716	127	0
1717	106	0
1718	109	0
1719	93	0
1720	122	0
1721	99	0
1722	107	0
1723	79	0
1724	107	0
1725	97	0
1726	106	0
1727	83	0
1728	91	0
1729	102	0
1730	105	0
1731	104	0
1732	86	0
1733	110	0
1734	105	0
1735	127	0
1736	94	0
1737	115	0
1738	107	0
1739	135	0
1740	111	0
1741	115	0
1742	108	0
1743	125	0
1744	125	0
1745	109	0
1746	109	0
1747	102	0
1748	127	0
1749	101	0
1750	109	0
1751	82	0
1752	114	0
1753	97	0
1754	107	0
1755	79	0
1756	97	0
1757	99	0
1758	105	0
1759	94	0
1760	86	0
1761	107	0
1762	105	0
1763	118	0
1764	89	0
1765	113	0
1766	106	0
1767	134	0
1768	105	0
1769	117	0
1770	108	0
1771	131	0
1772	121	0
1773	112	0
1774	108	0
1775	113	0
1776	129	0
1777	105	0
1778	109	0
1779	89	0
1780	120	0
1781	99	0
1782	107	0
1783	79	0
1784	104	0
1785	98	0
1786	106	0
1787	86	0
1788	89	0
1789	104	0
1790	105	0
1791	108	0
1792	86	0
1793	111	0
1794	105	0
1795	129	0
1796	97	0
1797	116	0
1798	107	0
1799	135	0
1800	115	0
1801	115	0
1802	108	0
1803	121	0
1804	127	0
1805	108	0
1806	109	0
1807	97	0
1808	125	0
1809	100	0
1810	108	0
1811	80	0
1812	110	0
1813	97	0
1814	107	0
1815	81	0
1816	94	0
1817	101	0
1818	105	0
1819	99	0
1820	86	0
1821	108	0
1822	105	0
1823	123	0
1824	92	0
1825	115	0
1826	106	0
1827	135	0
1828	108	0
1829	115	0
1830	108	0
1831	129	0
1832	123	0
1833	111	0
1834	109	0
1835	108	0
1836	129	0
1837	103	0
1838	108	0
1839	86	0
1840	118	0
1841	98	0
1842	107	0
1843	79	0
1844	100	0
1845	99	0
1846	105	0
1847	90	0
1848	88	0
1849	105	0
1850	104	0
1851	113	0
1852	87	0
1853	112	0
1854	105	0
1855	132	0
1856	101	0
1857	116	0
1858	107	0
1859	134	0
1860	117	0
1861	113	0
1862	108	0
1863	117	0
1864	129	0
1865	106	0
1866	109	0
1867	93	0
1868	123	0
1869	100	0
1870	107	0
1871	79	0
1872	108	0
1873	97	0
1874	106	0
1875	83	0
1876	91	0
1877	102	0
1878	105	0
1879	104	0
1880	86	0
1881	109	0
1882	105	0
1883	126	0
1884	94	0
1885	115	0
1886	106	0
1887	135	0
1888	111	0
1889	115	0
1890	108	0
1891	126	0
1892	125	0
1893	109	0
1894	109	0
1895	103	0
1896	127	0
1897	102	0
1898	108	0
1899	83	0
1900	115	0
1901	97	0
1902	107	0
1903	80	0
1904	97	0
1905	100	0
1906	105	0
1907	94	0
1908	86	0
1909	106	0
1910	105	0
1911	117	0
1912	89	0
1913	113	0
1914	105	0
1915	133	0
1916	104	0
1917	116	0
1918	107	0
1919	132	0
1920	121	0
1921	113	0
1922	109	0
1923	113	0
1924	128	0
1925	105	0
1926	109	0
1927	89	0
1928	121	0
1929	99	0
1930	108	0
1931	78	0
1932	105	0
1933	98	0
1934	105	0
1935	86	0
1936	89	0
1937	104	0
1938	105	0
1939	107	0
1940	86	0
1941	110	0
1942	105	0
1943	129	0
1944	97	0
1945	116	0
1946	107	0
1947	135	0
1948	114	0
1949	115	0
1950	109	0
1951	122	0
1952	127	0
1953	108	0
1954	109	0
1955	99	0
1956	126	0
1957	101	0
1958	109	0
1959	81	0
1960	111	0
1961	97	0
1962	107	0
1963	81	0
1964	95	0
1965	101	0
1966	105	0
1967	97	0
1968	85	0
1969	108	0
1970	105	0
1971	121	0
1972	91	0
1973	115	0
1974	106	0
1975	135	0
1976	107	0
1977	116	0
1978	108	0
1979	129	0
1980	123	0
1981	111	0
1982	109	0
1983	109	0
1984	129	0
1985	103	0
1986	108	0
1987	86	0
1988	118	0
1989	98	0
1990	107	0
1991	78	0
1992	101	0
1993	98	0
1994	105	0
1995	89	0
1996	87	0
1997	105	0
1998	105	0
1999	113	0
2000	87	0
2001	112	0
2002	105	0
2003	131	0
2004	100	0
2005	116	0
2006	107	0
2007	134	0
2008	117	0
2009	113	0
2010	108	0
2011	117	0
2012	127	0
2013	107	0
2014	109	0
2015	94	0
2016	123	0
2017	100	0
2018	107	0
2019	79	0
2020	109	0
2021	97	0
2022	106	0
2023	83	0
2024	92	0
2025	102	0
2026	105	0
2027	101	0
2028	85	0
2029	109	0
2030	105	0
2031	125	0
2032	93	0
2033	115	0
2034	106	0
2035	135	0
2036	111	0
2037	115	0
2038	109	0
2039	126	0
2040	125	0
2041	110	0
2042	109	0
2043	105	0
2044	129	0
2045	102	0
2046	109	0
2047	83	0
2048	115	0
2049	97	0
2050	107	0
2051	79	0
2052	98	0
2053	100	0
2054	105	0
2055	93	0
2056	86	0
2057	107	0
2058	104	0
2059	116	0
2060	89	0
2061	114	0
2062	105	0
2063	133	0
2064	103	0
2065	117	0
2066	107	0
2067	132	0
2068	121	0
2069	113	0
2070	109	0
2071	114	0
2072	128	0
2073	105	0
2074	109	0
2075	91	0
2076	121	0
2077	99	0
2078	107	0
2079	79	0
2080	105	0
2081	98	0
2082	105	0
2083	85	0
2084	89	0
2085	103	0
2086	105	0
2087	107	0
2088	86	0
2089	111	0
2090	105	0
2091	128	0
2092	96	0
2093	115	0
2094	107	0
2095	135	0
2096	114	0
2097	114	0
2098	108	0
2099	123	0
2100	127	0
2101	108	0
2102	109	0
2103	99	0
2104	126	0
2105	101	0
2106	108	0
2107	81	0
2108	113	0
2109	97	0
2110	107	0
2111	81	0
2112	95	0
2113	100	0
2114	105	0
2115	97	0
2116	85	0
2117	107	0
2118	105	0
2119	121	0
2120	91	0
2121	114	0
2122	106	0
2123	135	0
2124	107	0
2125	116	0
2126	108	0
2127	129	0
2128	123	0
2129	111	0
2130	109	0
2131	109	0
2132	128	0
2133	104	0
2134	109	0
2135	87	0
2136	119	0
2137	98	0
2138	107	0
2139	78	0
2140	102	0
2141	98	0
2142	105	0
2143	89	0
2144	88	0
2145	105	0
2146	104	0
2147	111	0
2148	87	0
2149	112	0
2150	105	0
2151	131	0
2152	99	0
2153	116	0
2154	107	0
2155	134	0
2156	117	0
2157	113	0
2158	109	0
2159	119	0
2160	127	0
2161	107	0
2162	109	0
2163	95	0
2164	125	0
2165	100	0
2166	108	0
2167	79	0
2168	109	0
2169	97	0
2170	107	0
2171	81	0
2172	92	0
2173	101	0
2174	105	0
2175	101	0
2176	85	0
2177	109	0
2178	105	0
2179	124	0
2180	93	0
2181	115	0
2182	106	0
2183	135	0
2184	110	0
2185	115	0
2186	107	0
2187	127	0
2188	125	0
2189	111	0
2190	109	0
2191	105	0
2192	127	0
2193	103	0
2194	109	0
2195	85	0
2196	116	0
2197	97	0
2198	107	0
2199	79	0
2200	98	0
2201	99	0
2202	105	0
2203	92	0
2204	86	0
2205	105	0
2206	105	0
2207	115	0
2208	88	0
2209	113	0
2210	105	0
2211	133	0
2212	102	0
2213	116	0
2214	107	0
2215	132	0
2216	120	0
2217	113	0
2218	109	0
2219	115	0
2220	128	0
2221	105	0
2222	109	0
2223	91	0
2224	122	0
2225	99	0
2226	108	0
2227	79	0
2228	105	0
2229	98	0
2230	105	0
2231	85	0
2232	90	0
2233	103	0
2234	104	0
2235	106	0
2236	85	0
2237	110	0
2238	105	0
2239	128	0
2240	95	0
2241	115	0
2242	107	0
2243	135	0
2244	113	0
2245	115	0
2246	109	0
2247	124	0
2248	127	0
2249	109	0
2250	110	0
2251	101	0
2252	127	0
2253	101	0
2254	109	0
2255	81	0
2256	113	0
2257	97	0
2258	106	0
2259	81	0
2260	95	0
2261	100	0
2262	105	0
2263	97	0
2264	85	0
2265	107	0
2266	104	0
2267	120	0
2268	89	0
2269	114	0
2270	105	0
2271	134	0
2272	106	0
2273	117	0
2274	107	0
2275	130	0
2276	123	0
2277	111	0
2278	109	0
2279	111	0
2280	128	0
2281	104	0
2282	109	0
2283	87	0
2284	120	0
2285	98	0
2286	107	0
2287	78	0
2288	102	0
2289	99	0
2290	105	0
2291	89	0
2292	87	0
2293	104	0
2294	104	0
2295	110	0
2296	86	0
2297	112	0
2298	105	0
2299	129	0
2300	98	0
2301	115	0
2302	107	0
2303	134	0
2304	117	0
2305	114	0
2306	109	0
2307	119	0
2308	129	0
2309	107	0
2310	109	0
2311	96	0
2312	125	0
2313	101	0
2314	108	0
2315	81	0
2316	109	0
2317	97	0
2318	106	0
2319	82	0
2320	93	0
2321	101	0
2322	105	0
2323	100	0
2324	85	0
2325	109	0
2326	105	0
2327	123	0
2328	92	0
2329	115	0
2330	106	0
2331	135	0
2332	109	0
2333	115	0
2334	108	0
2335	127	0
2336	125	0
2337	110	0
2338	109	0
2339	106	0
2340	128	0
2341	102	0
2342	109	0
2343	85	0
2344	117	0
2345	98	0
2346	107	0
2347	79	0
2348	99	0
2349	99	0
2350	105	0
2351	91	0
2352	86	0
2353	105	0
2354	104	0
2355	115	0
2356	87	0
2357	112	0
2358	105	0
2359	132	0
2360	101	0
2361	116	0
2362	107	0
2363	133	0
2364	120	0
2365	112	0
2366	109	0
2367	115	0
2368	129	0
2369	106	0
2370	109	0
2371	93	0
2372	123	0
2373	99	0
2374	107	0
2375	79	0
2376	106	0
2377	98	0
2378	106	0
2379	84	0
2380	90	0
2381	103	0
2382	105	0
2383	105	0
2384	85	0
2385	110	0
2386	105	0
2387	127	0
2388	95	0
2389	115	0
2390	107	0
2391	135	0
2392	113	0
2393	115	0
2394	109	0
2395	125	0
2396	127	0
2397	109	0
2398	109	0
2399	101	0
2400	127	0
2401	102	0
2402	109	0
2403	83	0
2404	113	0
2405	98	0
2406	107	0
2407	79	0
2408	97	0
2409	100	0
2410	105	0
2411	95	0
2412	85	0
2413	107	0
2414	105	0
2415	119	0
2416	89	0
2417	113	0
2418	105	0
2419	133	0
2420	105	0
2421	116	0
2422	107	0
2423	130	0
2424	122	0
2425	111	0
2426	109	0
2427	111	0
2428	129	0
2429	105	0
2430	109	0
2431	89	0
2432	120	0
2433	99	0
2434	107	0
2435	79	0
2436	103	0
2437	98	0
2438	105	0
2439	87	0
2440	89	0
2441	105	0
2442	105	0
2443	109	0
2444	86	0
2445	111	0
2446	105	0
2447	129	0
2448	97	0
2449	116	0
2450	107	0
2451	134	0
2452	116	0
2453	113	0
2454	109	0
2455	120	0
2456	129	0
2457	107	0
2458	109	0
2459	97	0
2460	125	0
2461	101	0
2462	109	0
2463	81	0
2464	111	0
2465	98	0
2466	106	0
2467	81	0
2468	93	0
2469	101	0
2470	105	0
2471	99	0
2472	85	0
2473	108	0
2474	105	0
2475	122	0
2476	91	0
2477	114	0
2478	106	0
2479	134	0
2480	108	0
2481	115	0
2482	108	0
2483	128	0
2484	125	0
2485	111	0
2486	109	0
2487	107	0
2488	129	0
2489	103	0
2490	109	0
2491	85	0
2492	118	0
2493	98	0
2494	107	0
2495	79	0
2496	99	0
2497	99	0
2498	105	0
2499	91	0
2500	87	0
2501	105	0
2502	104	0
2503	113	0
2504	87	0
2505	113	0
2506	105	0
2507	132	0
2508	101	0
2509	115	0
2510	107	0
2511	133	0
2512	118	0
2513	113	0
2514	109	0
2515	117	0
2516	129	0
2517	106	0
2518	109	0
2519	93	0
2520	123	0
2521	100	0
2522	108	0
2523	79	0
2524	107	0
2525	98	0
2526	105	0
2527	84	0
2528	89	0
2529	102	0
2530	105	0
2531	104	0
2532	85	0
2533	110	0
2534	105	0
2535	126	0
2536	94	0
2537	115	0
2538	106	0
2539	135	0
2540	112	0
2541	115	0
2542	108	0
2543	125	0
2544	126	0
2545	109	0
2546	110	0
2547	102	0
2548	127	0
2549	102	0
2550	109	0
2551	83	0
2552	114	0
2553	97	0
2554	107	0
2555	80	0
2556	96	0
2557	100	0
2558	105	0
2559	95	0
2560	85	0
2561	107	0
2562	105	0
2563	118	0
2564	89	0
2565	113	0
2566	105	0
2567	133	0
2568	105	0
2569	116	0
2570	107	0
2571	131	0
2572	122	0
2573	111	0
2574	109	0
2575	112	0
2576	129	0
2577	105	0
2578	109	0
2579	89	0
2580	121	0
2581	99	0
2582	107	0
2583	79	0
2584	104	0
2585	98	0
2586	105	0
2587	87	0
2588	89	0
2589	103	0
2590	104	0
2591	109	0
2592	86	0
2593	111	0
2594	105	0
2595	129	0
2596	97	0
2597	115	0
2598	107	0
2599	134	0
2600	115	0
2601	114	0
2602	109	0
2603	121	0
2604	128	0
2605	108	0
2606	110	0
2607	98	0
2608	126	0
2609	101	0
2610	109	0
2611	81	0
2612	111	0
2613	97	0
2614	106	0
2615	81	0
2616	93	0
2617	101	0
2618	104	0
2619	99	0
2620	85	0
2621	108	0
2622	105	0
2623	122	0
2624	91	0
2625	113	0
2626	105	0
2627	134	0
2628	107	0
2629	115	0
2630	108	0
2631	129	0
2632	123	0
2633	111	0
2634	109	0
2635	108	0
2636	129	0
2637	104	0
2638	109	0
2639	86	0
2640	118	0
2641	98	0
2642	107	0
2643	79	0
2644	100	0
2645	99	0
2646	104	0
2647	89	0
2648	86	0
2649	105	0
2650	104	0
2651	113	0
2652	87	0
2653	112	0
2654	105	0
2655	131	0
2656	101	0
2657	115	0
2658	107	0
2659	133	0
2660	118	0
2661	113	0
2662	109	0
2663	117	0
2664	129	0
2665	106	0
2666	110	0
2667	94	0
2668	124	0
2669	100	0
2670	107	0
2671	80	0
2672	107	0
2673	97	0
2674	105	0
2675	83	0
2676	91	0
2677	102	0
2678	104	0
2679	103	0
2680	85	0
2681	109	0
2682	104	0
2683	125	0
2684	93	0
2685	115	0
2686	106	0
2687	135	0
2688	111	0
2689	115	0
2690	108	0
2691	125	0
2692	126	0
2693	109	0
2694	110	0
2695	103	0
2696	128	0
2697	102	0
2698	109	0
2699	83	0
2700	115	0
2701	98	0
2702	107	0
2703	79	0
2704	97	0
2705	100	0
2706	105	0
2707	94	0
2708	85	0
2709	106	0
2710	105	0
2711	117	0
2712	88	0
2713	113	0
2714	105	0
2715	133	0
2716	104	0
2717	116	0
2718	108	0
2719	131	0
2720	121	0
2721	112	0
2722	109	0
2723	113	0
2724	129	0
2725	105	0
2726	109	0
2727	90	0
2728	121	0
2729	99	0
2730	108	0
2731	79	0
2732	105	0
2733	98	0
2734	105	0
2735	86	0
2736	89	0
2737	103	0
2738	104	0
2739	107	0
2740	85	0
2741	110	0
2742	104	0
2743	128	0
2744	97	0
2745	115	0
2746	107	0
2747	134	0
2748	115	0
2749	114	0
2750	109	0
2751	121	0
2752	127	0
2753	108	0
2754	110	0
2755	99	0
2756	126	0
2757	101	0
2758	109	0
2759	81	0
2760	112	0
2761	98	0
2762	105	0
2763	81	0
2764	94	0
2765	101	0
2766	104	0
2767	98	0
2768	85	0
2769	108	0
2770	104	0
2771	121	0
2772	90	0
2773	113	0
2774	105	0
2775	134	0
2776	107	0
2777	115	0
2778	108	0
2779	129	0
2780	123	0
2781	111	0
2782	110	0
2783	109	0
2784	129	0
2785	104	0
2786	109	0
2787	87	0
2788	119	0
2789	99	0
2790	107	0
2791	79	0
2792	101	0
2793	99	0
2794	105	0
2795	89	0
2796	87	0
2797	105	0
2798	105	0
2799	113	0
2800	86	0
2801	111	0
2802	105	0
2803	131	0
2804	100	0
2805	115	0
2806	107	0
2807	133	0
2808	118	0
2809	113	0
2810	109	0
2811	118	0
2812	129	0
2813	107	0
2814	110	0
2815	95	0
2816	125	0
2817	100	0
2818	108	0
2819	80	0
2820	109	0
2821	99	0
2822	105	0
2823	83	0
2824	91	0
2825	102	0
2826	104	0
2827	102	0
2828	85	0
2829	109	0
2830	104	0
2831	125	0
2832	93	0
2833	115	0
2834	105	0
2835	134	0
2836	111	0
2837	115	0
2838	109	0
2839	126	0
2840	126	0
2841	109	0
2842	110	0
2843	105	0
2844	129	0
2845	102	0
2846	109	0
2847	84	0
2848	116	0
2849	98	0
2850	107	0
2851	79	0
2852	97	0
2853	99	0
2854	105	0
2855	93	0
2856	85	0
2857	106	0
2858	103	0
2859	117	0
2860	89	0
2861	113	0
2862	105	0
2863	133	0
2864	103	0
2865	115	0
2866	107	0
2867	131	0
2868	121	0
2869	113	0
2870	110	0
2871	113	0
2872	129	0
2873	105	0
2874	109	0
2875	91	0
2876	122	0
2877	99	0
2878	109	0
2879	79	0
2880	105	0
2881	98	0
2882	105	0
2883	85	0
2884	88	0
2885	103	0
2886	104	0
2887	107	0
2888	85	0
2889	110	0
2890	105	0
2891	127	0
2892	96	0
2893	115	0
2894	106	0
2895	134	0
2896	114	0
2897	114	0
2898	109	0
2899	123	0
2900	129	0
2901	108	0
2902	110	0
2903	99	0
2904	127	0
2905	101	0
2906	109	0
2907	81	0
2908	113	0
2909	98	0
2910	106	0
2911	81	0
2912	94	0
2913	101	0
2914	104	0
2915	97	0
2916	85	0
2917	107	0
2918	104	0
2919	120	0
2920	89	0
2921	113	0
2922	105	0
2923	134	0
2924	107	0
2925	115	0
2926	107	0
2927	129	0
2928	124	0
2929	111	0
2930	110	0
2931	109	0
2932	129	0
2933	104	0
2934	109	0
2935	88	0
2936	120	0
2937	99	0
2938	107	0
2939	79	0
2940	101	0
2941	99	0
2942	105	0
2943	89	0
2944	87	0
2945	105	0
2946	103	0
2947	111	0
2948	85	0
2949	113	0
2950	104	0
2951	130	0
2952	99	0
2953	115	0
2954	107	0
2955	133	0
2956	117	0
2957	113	0
2958	109	0
2959	119	0
2960	129	0
2961	107	0
2962	110	0
2963	96	0
2964	125	0
2965	101	0
2966	109	0
2967	80	0
2968	109	0
2969	98	0
2970	106	0
2971	83	0
2972	91	0
2973	101	0
2974	104	0
2975	101	0
2976	85	0
2977	108	0
2978	104	0
2979	124	0
2980	92	0
2981	115	0
2982	106	0
2983	134	0
2984	110	0
2985	115	0
2986	109	0
2987	126	0
2988	125	0
2989	110	0
2990	110	0
2991	105	0
2992	129	0
2993	103	0
2994	109	0
2995	85	0
2996	117	0
2997	97	0
2998	107	0
2999	79	0
3000	98	0
3001	99	0
3002	105	0
3003	93	0
3004	85	0
3005	106	0
3006	104	0
3007	115	0
3008	87	0
3009	113	0
3010	105	0
3011	132	0
3012	102	0
3013	115	0
3014	107	0
3015	131	0
3016	121	0
3017	112	0
3018	109	0
3019	114	0
3020	129	0
3021	105	0
3022	110	0
3023	92	0
3024	123	0
3025	100	0
3026	108	0
3027	79	0
3028	105	0
3029	98	0
3030	105	0
3031	85	0
3032	89	0
3033	103	0
3034	104	0
3035	106	0
3036	85	0
3037	110	0
3038	104	0
3039	127	0
3040	96	0
3041	115	0
3042	107	0
3043	134	0
3044	113	0
3045	115	0
3046	109	0
3047	123	0
3048	128	0
3049	108	0
3050	110	0
3051	101	0
3052	127	0
3053	102	0
3054	109	0
3055	82	0
3056	113	0
3057	98	0
3058	107	0
3059	81	0
3060	95	0
3061	101	0
3062	104	0
3063	96	0
3064	85	0
3065	107	0
3066	104	0
3067	119	0
3068	89	0
3069	113	0
3070	105	0
3071	133	0
3072	106	0
3073	115	0
3074	107	0
3075	129	0
3076	123	0
3077	111	0
3078	109	0
3079	110	0
3080	129	0
3081	104	0
3082	110	0
3083	88	0
3084	121	0
3085	99	0
3086	107	0
3087	79	0
3088	101	0
3089	99	0
3090	105	0
3091	89	0
3092	87	0
3093	105	0
3094	104	0
3095	110	0
3096	85	0
3097	111	0
3098	105	0
3099	129	0
3100	97	0
3101	115	0
3102	107	0
3103	133	0
3104	117	0
3105	113	0
3106	109	0
3107	119	0
3108	129	0
3109	107	0
3110	110	0
3111	97	0
3112	125	0
3113	101	0
3114	108	0
3115	81	0
3116	110	0
3117	98	0
3118	105	0
3119	82	0
3120	91	0
3121	101	0
3122	104	0
3123	101	0
3124	84	0
3125	109	0
3126	104	0
3127	123	0
3128	91	0
3129	114	0
3130	105	0
3131	134	0
3132	109	0
3133	115	0
3134	109	0
3135	127	0
3136	126	0
3137	110	0
3138	110	0
3139	106	0
3140	129	0
3141	103	0
3142	110	0
3143	85	0
3144	117	0
3145	98	0
3146	107	0
3147	79	0
3148	98	0
3149	100	0
3150	105	0
3151	92	0
3152	86	0
3153	106	0
3154	103	0
3155	115	0
3156	86	0
3157	113	0
3158	105	0
3159	132	0
3160	101	0
3161	116	0
3162	107	0
3163	132	0
3164	120	0
3165	112	0
3166	110	0
3167	115	0
3168	129	0
3169	105	0
3170	110	0
3171	93	0
3172	124	0
3173	101	0
3174	108	0
3175	79	0
3176	107	0
3177	98	0
3178	105	0
3179	85	0
3180	89	0
3181	103	0
3182	103	0
3183	104	0
3184	84	0
3185	110	0
3186	104	0
3187	126	0
3188	94	0
3189	114	0
3190	106	0
3191	134	0
3192	113	0
3193	114	0
3194	109	0
3195	124	0
3196	127	0
3197	109	0
3198	110	0
3199	101	0
3200	127	0
3201	102	0
3202	109	0
3203	83	0
3204	114	0
3205	99	0
3206	106	0
3207	81	0
3208	95	0
3209	101	0
3210	105	0
3211	95	0
3212	85	0
3213	107	0
3214	103	0
3215	118	0
3216	89	0
3217	113	0
3218	105	0
3219	133	0
3220	105	0
3221	115	0
3222	108	0
3223	130	0
3224	123	0
3225	111	0
3226	110	0
3227	111	0
3228	129	0
3229	105	0
3230	110	0
3231	89	0
3232	121	0
3233	99	0
3234	108	0
3235	79	0
3236	103	0
3237	99	0
3238	105	0
3239	87	0
3240	87	0
3241	104	0
3242	103	0
3243	109	0
3244	85	0
3245	110	0
3246	104	0
3247	129	0
3248	97	0
3249	115	0
3250	107	0
3251	133	0
3252	116	0
3253	113	0
3254	110	0
3255	120	0
3256	128	0
3257	108	0
3258	110	0
3259	97	0
3260	127	0
3261	101	0
3262	109	0
3263	81	0
3264	111	0
3265	98	0
3266	106	0
3267	82	0
3268	93	0
3269	101	0
3270	104	0
3271	100	0
3272	84	0
3273	108	0
3274	104	0
3275	122	0
3276	91	0
3277	114	0
3278	105	0
3279	134	0
3280	109	0
3281	115	0
3282	109	0
3283	127	0
3284	125	0
3285	110	0
3286	110	0
3287	107	0
3288	129	0
3289	103	0
3290	110	0
3291	87	0
3292	117	0
3293	99	0
3294	107	0
3295	79	0
3296	99	0
3297	99	0
3298	104	0
3299	92	0
3300	86	0
3301	105	0
3302	103	0
3303	113	0
3304	86	0
3305	112	0
3306	105	0
3307	131	0
3308	101	0
3309	115	0
3310	107	0
3311	132	0
3312	119	0
3313	113	0
3314	110	0
3315	116	0
3316	129	0
3317	106	0
3318	110	0
3319	94	0
3320	124	0
3321	100	0
3322	109	0
3323	79	0
3324	107	0
3325	99	0
3326	105	0
3327	85	0
3328	90	0
3329	103	0
3330	103	0
3331	104	0
3332	84	0
3333	109	0
3334	103	0
3335	125	0
3336	94	0
3337	114	0
3338	106	0
3339	134	0
3340	113	0
3341	114	0
3342	109	0
3343	124	0
3344	127	0
3345	109	0
3346	111	0
3347	103	0
3348	128	0
3349	102	0
3350	109	0
3351	83	0
3352	115	0
3353	99	0
3354	107	0
3355	81	0
3356	97	0
3357	101	0
3358	103	0
3359	95	0
3360	85	0
3361	107	0
3362	103	0
3363	117	0
3364	88	0
3365	113	0
3366	105	0
3367	133	0
3368	105	0
3369	115	0
3370	108	0
3371	131	0
3372	122	0
3373	111	0
3374	111	0
3375	111	0
3376	129	0
3377	105	0
3378	110	0
3379	90	0
3380	121	0
3381	99	0
3382	109	0
3383	79	0
3384	103	0
3385	99	0
3386	105	0
3387	87	0
3388	87	0
3389	103	0
3390	103	0
3391	109	0
3392	85	0
3393	111	0
3394	104	0
3395	128	0
3396	97	0
3397	115	0
3398	106	0
3399	134	0
3400	115	0
3401	113	0
3402	110	0
3403	121	0
3404	129	0
3405	108	0
3406	110	0
3407	98	0
3408	126	0
3409	101	0
3410	109	0
3411	81	0
3412	111	0
3413	99	0
3414	106	0
3415	81	0
3416	93	0
3417	101	0
3418	105	0
3419	99	0
3420	84	0
3421	108	0
3422	103	0
3423	121	0
3424	90	0
3425	113	0
3426	105	0
3427	134	0
3428	108	0
3429	115	0
3430	108	0
3431	128	0
3432	125	0
3433	110	0
3434	110	0
3435	107	0
3436	129	0
3437	103	0
3438	110	0
3439	87	0
3440	118	0
3441	99	0
3442	107	0
3443	79	0
3444	100	0
3445	100	0
3446	104	0
3447	90	0
3448	85	0
3449	105	0
3450	103	0
3451	113	0
3452	85	0
3453	112	0
3454	105	0
3455	131	0
3456	99	0
3457	115	0
3458	107	0
3459	133	0
3460	119	0
3461	113	0
3462	110	0
3463	117	0
3464	129	0
3465	107	0
3466	110	0
3467	95	0
3468	125	0
3469	101	0
3470	108	0
3471	80	0
3472	108	0
3473	99	0
3474	105	0
3475	84	0
3476	90	0
3477	103	0
3478	103	0
3479	103	0
3480	84	0
3481	109	0
3482	103	0
3483	125	0
3484	93	0
3485	114	0
3486	106	0
3487	134	0
3488	111	0
3489	114	0
3490	109	0
3491	125	0
3492	127	0
3493	109	0
3494	110	0
3495	103	0
3496	129	0
3497	102	0
3498	109	0
3499	84	0
3500	115	0
3501	98	0
3502	107	0
3503	79	0
3504	97	0
3505	100	0
3506	104	0
3507	94	0
3508	85	0
3509	107	0
3510	103	0
3511	117	0
3512	88	0
3513	113	0
3514	104	0
3515	133	0
3516	105	0
3517	115	0
3518	108	0
3519	131	0
3520	121	0
3521	111	0
3522	110	0
3523	113	0
3524	129	0
3525	104	0
3526	110	0
3527	90	0
3528	122	0
3529	100	0
3530	108	0
3531	79	0
3532	104	0
3533	99	0
3534	105	0
3535	87	0
3536	88	0
3537	104	0
3538	103	0
3539	107	0
3540	84	0
3541	111	0
3542	104	0
3543	128	0
3544	96	0
3545	115	0
3546	107	0
3547	134	0
3548	115	0
3549	113	0
3550	109	0
3551	121	0
3552	128	0
3553	108	0
3554	110	0
3555	99	0
3556	127	0
3557	101	0
3558	109	0
3559	81	0
3560	112	0
3561	98	0
3562	106	0
3563	81	0
3564	94	0
3565	101	0
3566	103	0
3567	98	0
3568	83	0
3569	108	0
3570	103	0
3571	121	0
3572	89	0
3573	113	0
3574	105	0
3575	133	0
3576	107	0
3577	115	0
3578	108	0
3579	129	0
3580	125	0
3581	111	0
3582	110	0
3583	108	0
3584	129	0
3585	104	0
3586	110	0
3587	88	0
3588	119	0
3589	99	0
3590	107	0
3591	79	0
3592	101	0
3593	99	0
3594	105	0
3595	90	0
3596	86	0
3597	105	0
3598	103	0
3599	113	0
3600	85	0
3601	111	0
3602	104	0
3603	130	0
3604	99	0
3605	115	0
3606	107	0
3607	133	0
3608	118	0
3609	113	0
3610	110	0
3611	118	0
3612	129	0
3613	107	0
3614	110	0
3615	95	0
3616	125	0
3617	100	0
3618	109	0
3619	81	0
3620	108	0
3621	99	0
3622	105	0
3623	83	0
3624	91	0
3625	102	0
3626	103	0
3627	102	0
3628	84	0
3629	108	0
3630	103	0
3631	124	0
3632	93	0
3633	113	0
3634	105	0
3635	134	0
3636	111	0
3637	113	0
3638	109	0
3639	125	0
3640	126	0
3641	109	0
3642	111	0
3643	104	0
3644	129	0
3645	103	0
3646	110	0
3647	85	0
3648	116	0
3649	99	0
3650	107	0
3651	79	0
3652	97	0
3653	101	0
3654	103	0
3655	93	0
3656	85	0
3657	106	0
3658	103	0
3659	116	0
3660	87	0
3661	112	0
3662	105	0
3663	132	0
3664	103	0
3665	115	0
3666	107	0
3667	131	0
3668	121	0
3669	112	0
3670	111	0
3671	113	0
3672	131	0
3673	105	0
3674	111	0
3675	91	0
3676	123	0
3677	100	0
3678	108	0
3679	81	0
3680	104	0
3681	99	0
3682	105	0
3683	86	0
3684	88	0
3685	104	0
3686	103	0
3687	106	0
3688	84	0
3689	110	0
3690	103	0
3691	127	0
3692	95	0
3693	114	0
3694	106	0
3695	134	0
3696	114	0
3697	113	0
3698	110	0
3699	122	0
3700	129	0
3701	109	0
3702	111	0
3703	100	0
3704	128	0
3705	102	0
3706	109	0
3707	83	0
3708	113	0
3709	99	0
3710	106	0
3711	81	0
3712	94	0
3713	101	0
3714	103	0
3715	97	0
3716	83	0
3717	107	0
3718	103	0
3719	120	0
3720	89	0
3721	113	0
3722	105	0
3723	133	0
3724	107	0
3725	115	0
3726	108	0
3727	129	0
3728	125	0
3729	110	0
3730	111	0
3731	109	0
3732	130	0
3733	105	0
3734	110	0
3735	87	0
3736	120	0
3737	99	0
3738	108	0
3739	79	0
3740	101	0
3741	99	0
3742	104	0
3743	89	0
3744	86	0
3745	105	0
3746	103	0
3747	111	0
3748	85	0
3749	111	0
3750	103	0
3751	129	0
3752	99	0
3753	115	0
3754	107	0
3755	133	0
3756	117	0
3757	113	0
3758	110	0
3759	118	0
3760	129	0
3761	107	0
3762	111	0
3763	95	0
3764	126	0
3765	101	0
3766	109	0
3767	81	0
3768	109	0
3769	99	0
3770	105	0
3771	83	0
3772	91	0
3773	102	0
3774	103	0
3775	101	0
3776	83	0
3777	109	0
3778	103	0
3779	123	0
3780	92	0
3781	114	0
3782	106	0
3783	134	0
3784	110	0
3785	114	0
3786	109	0
3787	126	0
3788	127	0
3789	110	0
3790	111	0
3791	105	0
3792	129	0
3793	103	0
3794	110	0
3795	85	0
3796	117	0
3797	99	0
3798	107	0
3799	81	0
3800	97	0
3801	101	0
3802	104	0
3803	93	0
3804	84	0
3805	106	0
3806	102	0
3807	115	0
3808	86	0
3809	113	0
3810	105	0
3811	131	0
3812	102	0
3813	115	0
3814	108	0
3815	131	0
3816	121	0
3817	111	0
3818	111	0
3819	113	0
3820	130	0
3821	105	0
3822	111	0
3823	93	0
3824	123	0
3825	101	0
3826	109	0
3827	80	0
3828	105	0
3829	99	0
3830	105	0
3831	85	0
3832	88	0
3833	105	0
3834	103	0
3835	105	0
3836	85	0
3837	110	0
3838	103	0
3839	126	0
3840	94	0
3841	114	0
3842	106	0
3843	133	0
3844	113	0
3845	113	0
3846	109	0
3847	122	0
3848	128	0
3849	109	0
3850	111	0
3851	101	0
3852	129	0
3853	102	0
3854	110	0
3855	83	0
3856	113	0
3857	99	0
3858	106	0
3859	81	0
3860	94	0
3861	101	0
3862	103	0
3863	97	0
3864	84	0
3865	107	0
3866	103	0
3867	119	0
3868	89	0
3869	113	0
3870	105	0
3871	132	0
3872	105	0
3873	115	0
3874	109	0
3875	129	0
3876	124	0
3877	111	0
3878	111	0
3879	111	0
3880	130	0
3881	105	0
3882	111	0
3883	89	0
3884	121	0
3885	99	0
3886	107	0
3887	79	0
3888	101	0
3889	100	0
3890	105	0
3891	89	0
3892	86	0
3893	105	0
3894	102	0
3895	111	0
3896	85	0
3897	111	0
3898	105	0
3899	129	0
3900	98	0
3901	114	0
3902	107	0
3903	133	0
3904	117	0
3905	113	0
3906	110	0
3907	119	0
3908	129	0
3909	107	0
3910	111	0
3911	97	0
3912	127	0
3913	101	0
3914	109	0
3915	81	0
3916	110	0
3917	99	0
3918	105	0
3919	83	0
3920	91	0
3921	102	0
3922	103	0
3923	101	0
3924	83	0
3925	109	0
3926	103	0
3927	123	0
3928	91	0
3929	113	0
3930	105	0
3931	134	0
3932	109	0
3933	114	0
3934	109	0
3935	126	0
3936	126	0
3937	109	0
3938	111	0
3939	106	0
3940	129	0
3941	104	0
3942	110	0
3943	85	0
3944	118	0
3945	99	0
3946	107	0
3947	81	0
3948	98	0
3949	100	0
3950	103	0
3951	93	0
3952	85	0
3953	105	0
3954	103	0
3955	114	0
3956	86	0
3957	112	0
3958	104	0
3959	131	0
3960	101	0
3961	114	0
3962	107	0
3963	131	0
3964	121	0
3965	112	0
3966	111	0
3967	115	0
3968	131	0
3969	105	0
3970	111	0
3971	93	0
3972	124	0
3973	101	0
3974	109	0
3975	80	0
3976	106	0
3977	99	0
3978	105	0
3979	86	0
3980	88	0
3981	103	0
3982	103	0
3983	105	0
3984	83	0
3985	109	0
3986	103	0
3987	126	0
3988	94	0
3989	113	0
3990	106	0
3991	133	0
3992	113	0
3993	113	0
3994	110	0
3995	123	0
3996	128	0
3997	108	0
3998	111	0
3999	101	0
4000	129	0
4001	102	0
4002	109	0
4003	83	0
4004	114	0
4005	99	0
4006	106	0
4007	81	0
4008	95	0
4009	101	0
4010	103	0
4011	97	0
4012	83	0
4013	107	0
4014	103	0
4015	118	0
4016	88	0
4017	113	0
4018	105	0
4019	133	0
4020	105	0
4021	115	0
4022	109	0
4023	129	0
4024	123	0
4025	111	0
4026	111	0
4027	111	0
4028	131	0
4029	105	0
4030	111	0
4031	90	0
4032	121	0
4033	99	0
4034	108	0
4035	81	0
4036	102	0
4037	99	0
4038	104	0
4039	88	0
4040	86	0
4041	105	0
4042	102	0
4043	109	0
4044	84	0
4045	111	0
4046	104	0
4047	129	0
4048	97	0
4049	115	0
4050	107	0
4051	133	0
4052	117	0
4053	113	0
4054	110	0
4055	121	0
4056	129	0
4057	107	0
4058	111	0
4059	97	0
4060	127	0
4061	102	0
4062	109	0
4063	81	0
4064	111	0
4065	99	0
4066	105	0
4067	83	0
4068	92	0
4069	102	0
4070	103	0
4071	100	0
4072	83	0
4073	109	0
4074	103	0
4075	121	0
4076	91	0
4077	113	0
4078	105	0
4079	133	0
4080	109	0
4081	114	0
4082	109	0
4083	127	0
4084	126	0
4085	110	0
4086	111	0
4087	107	0
4088	130	0
4089	103	0
4090	111	0
4091	86	0
4092	118	0
4093	99	0
4094	107	0
4095	80	0
4096	99	0
4097	100	0
4098	104	0
4099	91	0
4100	85	0
4101	105	0
4102	102	0
4103	113	0
4104	86	0
4105	111	0
4106	104	0
4107	131	0
4108	101	0
4109	115	0
4110	107	0
4111	132	0
4112	120	0
4113	112	0
4114	111	0
4115	116	0
4116	130	0
4117	107	0
4118	111	0
4119	93	0
4120	125	0
4121	100	0
4122	109	0
4123	81	0
4124	107	0
4125	99	0
4126	105	0
4127	85	0
4128	89	0
4129	103	0
4130	102	0
4131	104	0
4132	83	0
4133	109	0
4134	103	0
4135	125	0
4136	93	0
4137	114	0
4138	106	0
4139	133	0
4140	113	0
4141	113	0
4142	109	0
4143	124	0
4144	128	0
4145	109	0
4146	111	0
4147	102	0
4148	129	0
4149	102	0
4150	110	0
4151	84	0
4152	115	0
4153	99	0
4154	106	0
4155	81	0
4156	95	0
4157	101	0
4158	103	0
4159	95	0
4160	84	0
4161	107	0
4162	102	0
4163	117	0
4164	88	0
4165	113	0
4166	105	0
4167	132	0
4168	105	0
4169	115	0
4170	107	0
4171	129	0
4172	123	0
4173	111	0
4174	111	0
4175	111	0
4176	131	0
4177	105	0
4178	111	0
4179	90	0
4180	122	0
4181	100	0
4182	108	0
4183	81	0
4184	103	0
4185	100	0
4186	105	0
4187	87	0
4188	87	0
4189	105	0
4190	102	0
4191	109	0
4192	83	0
4193	111	0
4194	103	0
4195	128	0
4196	96	0
4197	115	0
4198	107	0
4199	133	0
4200	116	0
4201	113	0
4202	110	0
4203	120	0
4204	129	0
4205	107	0
4206	111	0
4207	98	0
4208	127	0
4209	102	0
4210	109	0
4211	82	0
4212	111	0
4213	99	0
4214	106	0
4215	83	0
4216	93	0
4217	101	0
4218	103	0
4219	99	0
4220	83	0
4221	108	0
4222	102	0
4223	121	0
4224	89	0
4225	113	0
4226	105	0
4227	133	0
4228	108	0
4229	113	0
4230	109	0
4231	128	0
4232	125	0
4233	110	0
4234	111	0
4235	108	0
4236	130	0
4237	104	0
4238	110	0
4239	87	0
4240	119	0
4241	99	0
4242	107	0
4243	79	0
4244	99	0
4245	100	0
4246	104	0
4247	91	0
4248	85	0
4249	105	0
4250	102	0
4251	113	0
4252	85	0
4253	111	0
4254	103	0
4255	130	0
4256	100	0
4257	114	0
4258	107	0
4259	132	0
4260	119	0
4261	111	0
4262	111	0
4263	117	0
4264	131	0
4265	106	0
4266	111	0
4267	95	0
4268	125	0
4269	101	0
4270	109	0
4271	81	0
4272	108	0
4273	99	0
4274	105	0
4275	85	0
4276	89	0
4277	103	0
4278	102	0
4279	104	0
4280	83	0
4281	109	0
4282	102	0
4283	125	0
4284	93	0
4285	113	0
4286	106	0
4287	133	0
4288	112	0
4289	113	0
4290	109	0
4291	125	0
4292	127	0
4293	109	0
4294	112	0
4295	104	0
4296	129	0
4297	102	0
4298	110	0
4299	85	0
4300	116	0
4301	99	0
4302	107	0
4303	81	0
4304	95	0
4305	101	0
4306	103	0
4307	95	0
4308	84	0
4309	107	0
4310	102	0
4311	116	0
4312	87	0
4313	112	0
4314	105	0
4315	131	0
4316	105	0
4317	114	0
4318	109	0
4319	129	0
4320	122	0
4321	111	0
4322	111	0
4323	113	0
4324	130	0
4325	105	0
4326	111	0
4327	91	0
4328	123	0
4329	100	0
4330	109	0
4331	80	0
4332	103	0
4333	100	0
4334	105	0
4335	87	0
4336	87	0
4337	104	0
4338	102	0
4339	108	0
4340	83	0
4341	110	0
4342	103	0
4343	127	0
4344	96	0
4345	113	0
4346	107	0
4347	133	0
4348	115	0
4349	113	0
4350	110	0
4351	121	0
4352	129	0
4353	108	0
4354	111	0
4355	99	0
4356	129	0
4357	102	0
4358	110	0
4359	83	0
4360	113	0
4361	99	0
4362	105	0
4363	83	0
4364	93	0
4365	102	0
4366	102	0
4367	98	0
4368	83	0
4369	107	0
4370	102	0
4371	121	0
4372	89	0
4373	113	0
4374	105	0
4375	132	0
4376	107	0
4377	114	0
4378	109	0
4379	129	0
4380	125	0
4381	111	0
4382	111	0
4383	109	0
4384	131	0
4385	104	0
4386	110	0
4387	88	0
4388	119	0
4389	100	0
4390	108	0
4391	79	0
4392	100	0
4393	101	0
4394	104	0
4395	91	0
4396	85	0
4397	105	0
4398	101	0
4399	111	0
4400	85	0
4401	111	0
4402	103	0
4403	129	0
4404	99	0
4405	114	0
4406	107	0
4407	133	0
4408	118	0
4409	112	0
4410	111	0
4411	117	0
4412	130	0
4413	107	0
4414	112	0
4415	96	0
4416	126	0
4417	101	0
4418	109	0
4419	81	0
4420	108	0
4421	99	0
4422	105	0
4423	84	0
4424	89	0
4425	102	0
4426	102	0
4427	103	0
4428	83	0
4429	109	0
4430	102	0
4431	123	0
4432	92	0
4433	113	0
4434	105	0
4435	133	0
4436	111	0
4437	113	0
4438	109	0
4439	125	0
4440	127	0
4441	109	0
4442	112	0
4443	104	0
4444	129	0
4445	103	0
4446	111	0
4447	85	0
4448	116	0
4449	99	0
4450	107	0
4451	81	0
4452	97	0
4453	101	0
4454	103	0
4455	93	0
4456	83	0
4457	107	0
4458	101	0
4459	116	0
4460	86	0
4461	111	0
4462	104	0
4463	131	0
4464	103	0
4465	114	0
4466	108	0
4467	130	0
4468	122	0
4469	111	0
4470	111	0
4471	113	0
4472	131	0
4473	105	0
4474	111	0
4475	92	0
4476	123	0
4477	101	0
4478	109	0
4479	81	0
4480	105	0
4481	100	0
4482	105	0
4483	87	0
4484	87	0
4485	104	0
4486	102	0
4487	107	0
4488	83	0
4489	110	0
4490	102	0
4491	127	0
4492	95	0
4493	113	0
4494	107	0
4495	133	0
4496	115	0
4497	113	0
4498	110	0
4499	122	0
4500	129	0
4501	107	0
4502	112	0
4503	100	0
4504	128	0
4505	103	0
4506	110	0
4507	83	0
4508	113	0
4509	99	0
4510	106	0
4511	83	0
4512	93	0
4513	102	0
4514	102	0
4515	97	0
4516	83	0
4517	107	0
4518	102	0
4519	120	0
4520	89	0
4521	113	0
4522	105	0
4523	133	0
4524	107	0
4525	113	0
4526	109	0
4527	128	0
4528	125	0
4529	110	0
4530	111	0
4531	109	0
4532	131	0
4533	104	0
4534	111	0
4535	89	0
4536	121	0
4537	100	0
4538	108	0
4539	81	0
4540	101	0
4541	100	0
4542	104	0
4543	89	0
4544	85	0
4545	105	0
4546	102	0
4547	111	0
4548	85	0
4549	110	0
4550	103	0
4551	129	0
4552	98	0
4553	113	0
4554	107	0
4555	132	0
4556	118	0
4557	113	0
4558	111	0
4559	118	0
4560	130	0
4561	107	0
4562	111	0
4563	96	0
4564	127	0
4565	101	0
4566	109	0
4567	81	0
4568	109	0
4569	99	0
4570	105	0
4571	84	0
4572	91	0
4573	103	0
4574	103	0
4575	101	0
4576	83	0
4577	108	0
4578	102	0
4579	123	0
4580	91	0
4581	113	0
4582	105	0
4583	133	0
4584	111	0
4585	113	0
4586	109	0
4587	125	0
4588	127	0
4589	109	0
4590	112	0
4591	105	0
4592	130	0
4593	103	0
4594	110	0
4595	85	0
4596	117	0
4597	100	0
4598	107	0
4599	81	0
4600	97	0
4601	101	0
4602	103	0
4603	93	0
4604	83	0
4605	105	0
4606	102	0
4607	115	0
4608	86	0
4609	111	0
4610	105	0
4611	131	0
4612	101	0
4613	114	0
4614	107	0
4615	131	0
4616	121	0
4617	111	0
4618	111	0
4619	115	0
4620	131	0
4621	105	0
4622	111	0
4623	93	0
4624	124	0
4625	101	0
4626	109	0
4627	80	0
4628	105	0
4629	100	0
4630	105	0
4631	86	0
4632	87	0
4633	104	0
4634	101	0
4635	105	0
4636	83	0
4637	109	0
4638	102	0
4639	126	0
4640	94	0
4641	113	0
4642	106	0
4643	133	0
4644	114	0
4645	113	0
4646	110	0
4647	122	0
4648	129	0
4649	108	0
4650	111	0
4651	101	0
4652	129	0
4653	102	0
4654	110	0
4655	83	0
4656	113	0
4657	99	0
4658	107	0
4659	81	0
4660	94	0
4661	102	0
4662	102	0
4663	97	0
4664	83	0
4665	107	0
4666	102	0
4667	119	0
4668	88	0
4669	113	0
4670	105	0
4671	132	0
4672	105	0
4673	113	0
4674	109	0
4675	129	0
4676	124	0
4677	111	0
4678	111	0
4679	110	0
4680	131	0
4681	105	0
4682	111	0
4683	89	0
4684	121	0
4685	100	0
4686	107	0
4687	80	0
4688	101	0
4689	101	0
4690	104	0
4691	89	0
4692	86	0
4693	105	0
4694	102	0
4695	109	0
4696	83	0
4697	110	0
4698	103	0
4699	129	0
4700	97	0
4701	113	0
4702	107	0
4703	132	0
4704	117	0
4705	113	0
4706	110	0
4707	119	0
4708	130	0
4709	107	0
4710	111	0
4711	97	0
4712	127	0
4713	101	0
4714	110	0
4715	82	0
4716	110	0
4717	99	0
4718	105	0
4719	83	0
4720	91	0
4721	103	0
4722	102	0
4723	101	0
4724	83	0
4725	108	0
4726	101	0
4727	122	0
4728	90	0
4729	113	0
4730	105	0
4731	133	0
4732	109	0
4733	113	0
4734	109	0
4735	126	0
4736	127	0
4737	109	0
4738	112	0
4739	106	0
4740	129	0
4741	104	0
4742	110	0
4743	87	0
4744	118	0
4745	100	0
4746	107	0
4747	81	0
4748	98	0
4749	101	0
4750	103	0
4751	93	0
4752	84	0
4753	105	0
4754	102	0
4755	114	0
4756	85	0
4757	111	0
4758	104	0
4759	130	0
4760	101	0
4761	114	0
4762	108	0
4763	131	0
4764	121	0
4765	111	0
4766	111	0
4767	115	0
4768	131	0
4769	106	0
4770	112	0
4771	93	0
4772	125	0
4773	101	0
4774	109	0
4775	81	0
4776	106	0
4777	100	0
4778	105	0
4779	86	0
4780	88	0
4781	103	0
4782	101	0
4783	105	0
4784	83	0
4785	109	0
4786	102	0
4787	125	0
4788	93	0
4789	113	0
4790	107	0
4791	133	0
4792	113	0
4793	113	0
4794	110	0
4795	123	0
4796	128	0
4797	108	0
4798	113	0
4799	101	0
4800	129	0
4801	103	0
4802	110	0
4803	83	0
4804	114	0
4805	99	0
4806	106	0
4807	81	0
4808	95	0
4809	101	0
4810	102	0
4811	96	0
4812	83	0
4813	107	0
4814	102	0
4815	117	0
4816	87	0
4817	112	0
4818	104	0
4819	132	0
4820	105	0
4821	113	0
4822	109	0
4823	128	0
4824	124	0
4825	110	0
4826	113	0
4827	111	0
4828	131	0
4829	105	0
4830	111	0
4831	89	0
4832	121	0
4833	100	0
4834	109	0
4835	81	0
4836	102	0
4837	101	0
4838	105	0
4839	89	0
4840	85	0
4841	104	0
4842	101	0
4843	109	0
4844	83	0
4845	110	0
4846	103	0
4847	128	0
4848	97	0
4849	113	0
4850	107	0
4851	133	0
4852	117	0
4853	112	0
4854	111	0
4855	119	0
4856	130	0
4857	107	0
4858	112	0
4859	97	0
4860	129	0
4861	101	0
4862	109	0
4863	82	0
4864	111	0
4865	101	0
4866	105	0
4867	83	0
4868	91	0
4869	102	0
4870	102	0
4871	101	0
4872	83	0
4873	108	0
4874	102	0
4875	121	0
4876	89	0
4877	113	0
4878	105	0
4879	133	0
4880	109	0
4881	113	0
4882	109	0
4883	126	0
4884	127	0
4885	110	0
4886	112	0
4887	107	0
4888	131	0
4889	104	0
4890	111	0
4891	87	0
4892	119	0
4893	100	0
4894	107	0
4895	81	0
4896	99	0
4897	101	0
4898	103	0
4899	92	0
4900	83	0
4901	105	0
4902	102	0
4903	113	0
4904	85	0
4905	111	0
4906	103	0
4907	130	0
4908	100	0
4909	114	0
4910	108	0
4911	131	0
4912	120	0
4913	113	0
4914	111	0
4915	115	0
4916	131	0
4917	106	0
4918	112	0
4919	94	0
4920	125	0
4921	101	0
4922	109	0
4923	81	0
4924	107	0
4925	100	0
4926	105	0
4927	85	0
4928	88	0
4929	103	0
4930	102	0
4931	104	0
4932	82	0
4933	109	0
4934	102	0
4935	125	0
4936	93	0
4937	113	0
4938	106	0
4939	133	0
4940	113	0
4941	113	0
4942	110	0
4943	123	0
4944	129	0
4945	108	0
4946	112	0
4947	102	0
4948	129	0
4949	103	0
4950	110	0
4951	85	0
4952	115	0
4953	100	0
4954	106	0
4955	81	0
4956	95	0
4957	101	0
4958	102	0
4959	95	0
4960	83	0
4961	106	0
4962	101	0
4963	117	0
4964	87	0
4965	111	0
4966	105	0
4967	132	0
4968	105	0
4969	113	0
4970	109	0
4971	129	0
4972	124	0
4973	111	0
4974	113	0
4975	111	0
4976	131	0
4977	105	0
4978	112	0
4979	90	0
4980	123	0
4981	101	0
4982	109	0
4983	81	0
4984	103	0
4985	100	0
4986	104	0
4987	88	0
4988	86	0
4989	105	0
4990	101	0
4991	109	0
4992	83	0
4993	109	0
4994	102	0
4995	129	0
4996	96	0
4997	113	0
4998	106	0
4999	133	0
5000	117	0
5001	113	0
5002	111	0
5003	120	0
5004	130	0
5005	107	0
5006	112	0
5007	98	0
5008	127	0
5009	102	0
5010	110	0
5011	83	0
5012	111	0
5013	100	0
5014	105	0
5015	83	0
5016	91	0
5017	102	0
5018	102	0
5019	99	0
5020	82	0
5021	108	0
5022	102	0
5023	121	0
5024	89	0
5025	112	0
5026	105	0
5027	132	0
5028	108	0
5029	113	0
5030	109	0
5031	127	0
5032	126	0
5033	110	0
5034	112	0
5035	107	0
5036	131	0
5037	105	0
5038	111	0
5039	87	0
5040	119	0
5041	100	0
5042	107	0
5043	81	0
5044	99	0
5045	101	0
5046	103	0
5047	91	0
5048	84	0
5049	105	0
5050	101	0
5051	113	0
5052	85	0
5053	111	0
5054	103	0
5055	129	0
5056	101	0
5057	113	0
5058	107	0
5059	131	0
5060	119	0
5061	111	0
5062	111	0
5063	117	0
5064	131	0
5065	106	0
5066	112	0
5067	95	0
5068	127	0
5069	101	0
5070	109	0
5071	81	0
5072	108	0
5073	100	0
5074	104	0
5075	85	0
5076	89	0
5077	103	0
5078	102	0
5079	104	0
5080	81	0
5081	109	0
5082	102	0
5083	124	0
5084	92	0
5085	113	0
5086	105	0
5087	133	0
5088	112	0
5089	113	0
5090	110	0
5091	123	0
5092	129	0
5093	109	0
5094	112	0
5095	104	0
5096	130	0
5097	103	0
5098	111	0
5099	85	0
5100	115	0
5101	100	0
5102	107	0
5103	81	0
5104	95	0
5105	101	0
5106	102	0
5107	95	0
5108	83	0
5109	107	0
5110	101	0
5111	116	0
5112	86	0
5113	112	0
5114	103	0
5115	131	0
5116	104	0
5117	113	0
5118	108	0
5119	129	0
5120	122	0
5121	111	0
5122	113	0
5123	112	0
5124	131	0
5125	105	0
5126	113	0
5127	91	0
5128	123	0
5129	101	0
5130	108	0
5131	81	0
5132	104	0
5133	100	0
5134	104	0
5135	87	0
5136	86	0
5137	105	0
5138	101	0
5139	108	0
5140	83	0
5141	110	0
5142	102	0
5143	127	0
5144	95	0
5145	113	0
5146	107	0
5147	133	0
5148	115	0
5149	113	0
5150	111	0
5151	121	0
5152	129	0
5153	108	0
5154	113	0
5155	99	0
5156	129	0
5157	102	0
5158	110	0
5159	83	0
5160	112	0
5161	99	0
5162	105	0
5163	83	0
5164	92	0
5165	102	0
5166	101	0
5167	99	0
5168	82	0
5169	107	0
5170	101	0
5171	119	0
5172	89	0
5173	112	0
5174	105	0
5175	132	0
5176	107	0
5177	113	0
5178	109	0
5179	127	0
5180	126	0
5181	110	0
5182	113	0
5183	109	0
5184	131	0
5185	105	0
5186	111	0
5187	89	0
5188	120	0
5189	101	0
5190	107	0
5191	81	0
5192	100	0
5193	101	0
5194	103	0
5195	91	0
5196	84	0
5197	105	0
5198	101	0
5199	111	0
5200	83	0
5201	111	0
5202	103	0
5203	129	0
5204	98	0
5205	113	0
5206	107	0
5207	131	0
5208	119	0
5209	111	0
5210	111	0
5211	117	0
5212	131	0
5213	107	0
5214	112	0
5215	96	0
5216	126	0
5217	101	0
5218	109	0
5219	81	0
5220	109	0
5221	100	0
5222	105	0
5223	85	0
5224	89	0
5225	103	0
5226	102	0
5227	102	0
5228	81	0
5229	109	0
5230	101	0
5231	123	0
5232	91	0
5233	113	0
5234	105	0
5235	132	0
5236	111	0
5237	113	0
5238	110	0
5239	125	0
5240	128	0
5241	109	0
5242	113	0
5243	105	0
5244	131	0
5245	104	0
5246	111	0
5247	86	0
5248	117	0
5249	100	0
5250	107	0
5251	81	0
5252	96	0
5253	101	0
5254	102	0
5255	94	0
5256	83	0
5257	106	0
5258	101	0
5259	116	0
5260	85	0
5261	111	0
5262	103	0
5263	130	0
5264	102	0
5265	113	0
5266	109	0
5267	130	0
5268	122	0
5269	111	0
5270	112	0
5271	113	0
5272	131	0
5273	105	0
5274	112	0
5275	92	0
5276	125	0
5277	101	0
5278	109	0
5279	81	0
5280	105	0
5281	101	0
5282	104	0
5283	87	0
5284	87	0
5285	105	0
5286	101	0
5287	106	0
5288	83	0
5289	109	0
5290	103	0
5291	126	0
5292	95	0
5293	113	0
5294	106	0
5295	133	0
5296	115	0
5297	113	0
5298	111	0
5299	121	0
5300	130	0
5301	108	0
5302	113	0
5303	101	0
5304	129	0
5305	103	0
5306	110	0
5307	85	0
5308	113	0
5309	101	0
5310	106	0
5311	83	0
5312	93	0
5313	102	0
5314	101	0
5315	98	0
5316	81	0
5317	107	0
5318	101	0
5319	119	0
5320	89	0
5321	112	0
5322	105	0
5323	132	0
5324	106	0
5325	113	0
5326	109	0
5327	127	0
5328	125	0
5329	110	0
5330	112	0
5331	109	0
5332	132	0
5333	105	0
5334	111	0
5335	89	0
5336	121	0
5337	101	0
5338	108	0
5339	81	0
5340	101	0
5341	101	0
5342	103	0
5343	91	0
5344	85	0
5345	105	0
5346	101	0
5347	111	0
5348	83	0
5349	110	0
5350	103	0
5351	128	0
5352	98	0
5353	113	0
5354	107	0
5355	131	0
5356	119	0
5357	112	0
5358	111	0
5359	117	0
5360	131	0
5361	107	0
5362	112	0
5363	97	0
5364	127	0
5365	102	0
5366	109	0
5367	82	0
5368	109	0
5369	101	0
5370	105	0
5371	85	0
5372	90	0
5373	103	0
5374	101	0
5375	102	0
5376	81	0
5377	108	0
5378	101	0
5379	122	0
5380	91	0
5381	112	0
5382	105	0
5383	133	0
5384	111	0
5385	113	0
5386	110	0
5387	125	0
5388	129	0
5389	109	0
5390	112	0
5391	105	0
5392	131	0
5393	104	0
5394	111	0
5395	86	0
5396	117	0
5397	101	0
5398	106	0
5399	81	0
5400	97	0
5401	101	0
5402	102	0
5403	93	0
5404	83	0
5405	106	0
5406	101	0
5407	114	0
5408	85	0
5409	111	0
5410	103	0
5411	129	0
5412	102	0
5413	113	0
5414	108	0
5415	129	0
5416	121	0
5417	111	0
5418	111	0
5419	114	0
5420	132	0
5421	106	0
5422	113	0
5423	93	0
5424	125	0
5425	101	0
5426	109	0
5427	81	0
5428	105	0
5429	101	0
5430	105	0
5431	87	0
5432	87	0
5433	104	0
5434	101	0
5435	106	0
5436	83	0
5437	109	0
5438	102	0
5439	125	0
5440	94	0
5441	113	0
5442	107	0
5443	133	0
5444	114	0
5445	113	0
5446	111	0
5447	122	0
5448	129	0
5449	108	0
5450	113	0
5451	101	0
5452	129	0
5453	103	0
5454	111	0
5455	85	0
5456	114	0
5457	100	0
5458	106	0
5459	83	0
5460	93	0
5461	102	0
5462	102	0
5463	97	0
5464	81	0
5465	107	0
5466	101	0
5467	118	0
5468	87	0
5469	111	0
5470	105	0
5471	131	0
5472	105	0
5473	113	0
5474	109	0
5475	129	0
5476	125	0
5477	110	0
5478	112	0
5479	110	0
5480	132	0
5481	105	0
5482	112	0
5483	90	0
5484	121	0
5485	101	0
5486	108	0
5487	81	0
5488	101	0
5489	101	0
5490	103	0
5491	90	0
5492	85	0
5493	105	0
5494	101	0
5495	110	0
5496	83	0
5497	111	0
5498	102	0
5499	128	0
5500	97	0
5501	113	0
5502	107	0
5503	131	0
5504	118	0
5505	111	0
5506	111	0
5507	118	0
5508	131	0
5509	107	0
5510	113	0
5511	97	0
5512	129	0
5513	102	0
5514	110	0
5515	83	0
5516	110	0
5517	101	0
5518	105	0
5519	85	0
5520	89	0
5521	103	0
5522	101	0
5523	101	0
5524	81	0
5525	108	0
5526	101	0
5527	122	0
5528	90	0
5529	112	0
5530	105	0
5531	132	0
5532	110	0
5533	113	0
5534	110	0
5535	125	0
5536	127	0
5537	109	0
5538	113	0
5539	106	0
5540	131	0
5541	105	0
5542	111	0
5543	87	0
5544	118	0
5545	101	0
5546	107	0
5547	81	0
5548	97	0
5549	101	0
5550	102	0
5551	93	0
5552	83	0
5553	105	0
5554	101	0
5555	114	0
5556	85	0
5557	111	0
5558	103	0
5559	129	0
5560	101	0
5561	113	0
5562	108	0
5563	130	0
5564	121	0
5565	111	0
5566	112	0
5567	115	0
5568	132	0
5569	106	0
5570	112	0
5571	94	0
5572	125	0
5573	101	0
5574	109	0
5575	81	0
5576	107	0
5577	100	0
5578	105	0
5579	86	0
5580	87	0
5581	104	0
5582	101	0
5583	105	0
5584	81	0
5585	109	0
5586	102	0
5587	125	0
5588	93	0
5589	113	0
5590	105	0
5591	132	0
5592	113	0
5593	113	0
5594	110	0
5595	122	0
5596	129	0
5597	108	0
5598	113	0
5599	102	0
5600	130	0
5601	103	0
5602	111	0
5603	85	0
5604	114	0
5605	101	0
5606	107	0
5607	83	0
5608	94	0
5609	102	0
5610	102	0
5611	97	0
5612	81	0
5613	107	0
5614	101	0
5615	117	0
5616	87	0
5617	111	0
5618	104	0
5619	131	0
5620	105	0
5621	113	0
5622	109	0
5623	129	0
5624	125	0
5625	110	0
5626	112	0
5627	111	0
5628	132	0
5629	105	0
5630	112	0
5631	91	0
5632	122	0
5633	101	0
5634	108	0
5635	81	0
5636	102	0
5637	101	0
5638	103	0
5639	89	0
5640	85	0
5641	104	0
5642	101	0
5643	109	0
5644	83	0
5645	110	0
5646	102	0
5647	128	0
5648	97	0
5649	113	0
5650	107	0
5651	131	0
5652	117	0
5653	111	0
5654	111	0
5655	119	0
5656	131	0
5657	107	0
5658	113	0
5659	98	0
5660	128	0
5661	102	0
5662	110	0
5663	83	0
5664	111	0
5665	101	0
5666	105	0
5667	83	0
5668	91	0
5669	103	0
5670	101	0
5671	101	0
5672	81	0
5673	108	0
5674	101	0
5675	121	0
5676	89	0
5677	112	0
5678	105	0
5679	132	0
5680	109	0
5681	113	0
5682	110	0
5683	125	0
5684	127	0
5685	109	0
5686	113	0
5687	107	0
5688	132	0
5689	105	0
5690	113	0
5691	88	0
5692	119	0
5693	101	0
5694	107	0
5695	81	0
5696	99	0
5697	101	0
5698	102	0
5699	93	0
5700	83	0
5701	106	0
5702	101	0
5703	113	0
5704	84	0
5705	111	0
5706	103	0
5707	129	0
5708	101	0
5709	113	0
5710	107	0
5711	130	0
5712	121	0
5713	111	0
5714	112	0
5715	115	0
5716	132	0
5717	106	0
5718	113	0
5719	95	0
5720	126	0
5721	102	0
5722	109	0
5723	81	0
5724	107	0
5725	101	0
5726	105	0
5727	86	0
5728	87	0
5729	104	0
5730	101	0
5731	105	0
5732	81	0
5733	109	0
5734	101	0
5735	125	0
5736	92	0
5737	113	0
5738	105	0
5739	132	0
5740	113	0
5741	113	0
5742	111	0
5743	123	0
5744	129	0
5745	108	0
5746	113	0
5747	103	0
5748	130	0
5749	103	0
5750	111	0
5751	85	0
5752	115	0
5753	101	0
5754	107	0
5755	83	0
5756	95	0
5757	102	0
5758	102	0
5759	97	0
5760	82	0
5761	107	0
5762	101	0
5763	117	0
5764	86	0
5765	111	0
5766	104	0
5767	131	0
5768	104	0
5769	113	0
5770	109	0
5771	129	0
5772	125	0
5773	110	0
5774	113	0
5775	111	0
5776	133	0
5777	105	0
5778	113	0
5779	91	0
5780	123	0
5781	101	0
5782	109	0
5783	81	0
5784	103	0
5785	101	0
5786	104	0
5787	89	0
5788	85	0
5789	105	0
5790	101	0
5791	108	0
5792	82	0
5793	110	0
5794	102	0
5795	127	0
5796	95	0
5797	113	0
5798	107	0
5799	132	0
5800	117	0
5801	111	0
5802	111	0
5803	120	0
5804	131	0
5805	107	0
5806	113	0
5807	99	0
5808	129	0
5809	102	0
5810	110	0
5811	83	0
5812	111	0
5813	101	0
5814	105	0
5815	84	0
5816	91	0
5817	103	0
5818	101	0
5819	100	0
5820	81	0
5821	107	0
5822	101	0
5823	121	0
5824	89	0
5825	112	0
5826	105	0
5827	132	0
5828	108	0
5829	113	0
5830	110	0
5831	126	0
5832	127	0
5833	109	0
5834	112	0
5835	108	0
5836	132	0
5837	105	0
5838	113	0
5839	88	0
5840	121	0
5841	101	0
5842	108	0
5843	81	0
5844	99	0
5845	101	0
5846	102	0
5847	91	0
5848	83	0
5849	105	0
5850	100	0
5851	113	0
5852	83	0
5853	111	0
5854	102	0
5855	128	0
5856	99	0
5857	113	0
5858	107	0
5859	131	0
5860	121	0
5861	111	0
5862	112	0
5863	116	0
5864	132	0
5865	106	0
5866	113	0
5867	95	0
5868	127	0
5869	102	0
5870	110	0
5871	83	0
5872	108	0
5873	101	0
5874	104	0
5875	86	0
5876	88	0
5877	103	0
5878	101	0
5879	104	0
5880	81	0
5881	109	0
5882	101	0
5883	123	0
5884	91	0
5885	113	0
5886	105	0
5887	132	0
5888	112	0
5889	113	0
5890	111	0
5891	123	0
5892	129	0
5893	109	0
5894	113	0
5895	103	0
5896	131	0
5897	104	0
5898	111	0
5899	86	0
5900	116	0
5901	101	0
5902	106	0
5903	82	0
5904	95	0
5905	102	0
5906	102	0
5907	95	0
5908	82	0
5909	106	0
5910	101	0
5911	116	0
5912	85	0
5913	111	0
5914	103	0
5915	130	0
5916	103	0
5917	113	0
5918	109	0
5919	128	0
5920	123	0
5921	111	0
5922	112	0
5923	113	0
5924	132	0
5925	105	0
5926	113	0
5927	92	0
5928	124	0
5929	102	0
5930	109	0
5931	81	0
5932	104	0
5933	101	0
5934	103	0
5935	89	0
5936	85	0
5937	105	0
5938	101	0
5939	107	0
5940	82	0
5941	109	0
5942	101	0
5943	126	0
5944	95	0
5945	112	0
5946	106	0
5947	132	0
5948	116	0
5949	111	0
5950	111	0
5951	121	0
5952	131	0
5953	107	0
5954	113	0
5955	100	0
5956	129	0
5957	102	0
5958	111	0
5959	83	0
5960	112	0
5961	101	0
5962	105	0
5963	83	0
5964	92	0
5965	103	0
5966	101	0
5967	99	0
5968	81	0
5969	107	0
5970	101	0
5971	119	0
5972	87	0
5973	112	0
5974	104	0
5975	131	0
5976	107	0
5977	113	0
5978	110	0
5979	127	0
5980	126	0
5981	109	0
5982	113	0
5983	109	0
5984	133	0
5985	104	0
5986	112	0
5987	89	0
5988	121	0
5989	101	0
5990	108	0
5991	81	0
5992	100	0
5993	102	0
5994	103	0
5995	91	0
5996	84	0
5997	105	0
5998	101	0
5999	111	0
6000	83	0
6001	110	0
6002	103	0
6003	128	0
6004	99	0
6005	112	0
6006	107	0
6007	130	0
6008	119	0
6009	111	0
6010	113	0
6011	117	0
6012	131	0
6013	107	0
6014	113	0
6015	97	0
6016	127	0
6017	102	0
6018	109	0
6019	83	0
6020	109	0
6021	101	0
6022	104	0
6023	86	0
6024	89	0
6025	103	0
6026	101	0
6027	103	0
6028	81	0
6029	108	0
6030	101	0
6031	123	0
6032	91	0
6033	112	0
6034	105	0
6035	131	0
6036	111	0
6037	111	0
6038	111	0
6039	124	0
6040	129	0
6041	109	0
6042	113	0
6043	104	0
6044	131	0
6045	104	0
6046	112	0
6047	86	0
6048	117	0
6049	101	0
6050	107	0
6051	83	0
6052	96	0
6053	102	0
6054	102	0
6055	95	0
6056	82	0
6057	106	0
6058	101	0
6059	115	0
6060	85	0
6061	111	0
6062	103	0
6063	130	0
6064	102	0
6065	113	0
6066	109	0
6067	129	0
6068	123	0
6069	111	0
6070	113	0
6071	113	0
6072	133	0
6073	105	0
6074	112	0
6075	93	0
6076	125	0
6077	102	0
6078	109	0
6079	82	0
6080	105	0
6081	101	0
6082	103	0
6083	88	0
6084	86	0
6085	105	0
6086	101	0
6087	107	0
6088	81	0
6089	109	0
6090	101	0
6091	125	0
6092	95	0
6093	112	0
6094	106	0
6095	131	0
6096	115	0
6097	112	0
6098	111	0
6099	121	0
6100	130	0
6101	108	0
6102	113	0
6103	101	0
6104	129	0
6105	103	0
6106	111	0
6107	84	0
6108	113	0
6109	101	0
6110	105	0
6111	83	0
6112	93	0
6113	103	0
6114	101	0
6115	98	0
6116	81	0
6117	107	0
6118	101	0
6119	118	0
6120	87	0
6121	111	0
6122	104	0
6123	131	0
6124	106	0
6125	113	0
6126	109	0
6127	127	0
6128	126	0
6129	110	0
6130	113	0
6131	109	0
6132	132	0
6133	105	0
6134	113	0
6135	89	0
6136	121	0
6137	102	0
6138	108	0
6139	81	0
6140	101	0
6141	102	0
6142	103	0
6143	91	0
6144	84	0
6145	105	0
6146	101	0
6147	111	0
6148	82	0
6149	110	0
6150	102	0
6151	129	0
6152	97	0
6153	113	0
6154	107	0
6155	131	0
6156	119	0
6157	111	0
6158	112	0
6159	117	0
6160	132	0
6161	107	0
6162	113	0
6163	97	0
6164	128	0
6165	103	0
6166	110	0
6167	83	0
6168	109	0
6169	101	0
6170	105	0
6171	85	0
6172	89	0
6173	103	0
6174	101	0
6175	102	0
6176	81	0
6177	109	0
6178	101	0
6179	122	0
6180	89	0
6181	112	0
6182	105	0
6183	132	0
6184	111	0
6185	111	0
6186	110	0
6187	124	0
6188	129	0
6189	109	0
6190	113	0
6191	105	0
6192	131	0
6193	105	0
6194	112	0
6195	87	0
6196	118	0
6197	101	0
6198	107	0
6199	82	0
6200	97	0
6201	102	0
6202	102	0
6203	94	0
6204	83	0
6205	106	0
6206	101	0
6207	115	0
6208	84	0
6209	111	0
6210	103	0
6211	129	0
6212	102	0
6213	112	0
6214	109	0
6215	129	0
6216	123	0
6217	111	0
6218	113	0
6219	113	0
6220	133	0
6221	107	0
6222	113	0
6223	94	0
6224	125	0
6225	102	0
6226	109	0
6227	83	0
6228	105	0
6229	101	0
6230	104	0
6231	87	0
6232	86	0
6233	104	0
6234	100	0
6235	105	0
6236	81	0
6237	109	0
6238	101	0
6239	125	0
6240	93	0
6241	112	0
6242	107	0
6243	132	0
6244	114	0
6245	111	0
6246	111	0
6247	121	0
6248	131	0
6249	108	0
6250	113	0
6251	101	0
6252	130	0
6253	103	0
6254	111	0
6255	85	0
6256	114	0
6257	101	0
6258	106	0
6259	83	0
6260	93	0
6261	103	0
6262	101	0
6263	97	0
6264	81	0
6265	107	0
6266	101	0
6267	118	0
6268	86	0
6269	111	0
6270	104	0
6271	131	0
6272	105	0
6273	112	0
6274	109	0
6275	127	0
6276	126	0
6277	109	0
6278	112	0
6279	110	0
6280	133	0
6281	105	0
6282	113	0
6283	90	0
6284	122	0
6285	101	0
6286	108	0
6287	81	0
6288	101	0
6289	102	0
6290	103	0
6291	91	0
6292	84	0
6293	105	0
6294	101	0
6295	109	0
6296	82	0
6297	110	0
6298	102	0
6299	127	0
6300	97	0
6301	112	0
6302	107	0
6303	131	0
6304	118	0
6305	111	0
6306	112	0
6307	117	0
6308	132	0
6309	107	0
6310	113	0
6311	97	0
6312	129	0
6313	103	0
6314	110	0
6315	83	0
6316	110	0
6317	101	0
6318	105	0
6319	85	0
6320	89	0
6321	103	0
6322	101	0
6323	101	0
6324	81	0
6325	108	0
6326	101	0
6327	121	0
6328	89	0
6329	111	0
6330	105	0
6331	131	0
6332	110	0
6333	112	0
6334	111	0
6335	125	0
6336	128	0
6337	109	0
6338	113	0
6339	106	0
6340	131	0
6341	105	0
6342	112	0
6343	88	0
6344	118	0
6345	101	0
6346	107	0
6347	82	0
6348	97	0
6349	102	0
6350	102	0
6351	93	0
6352	82	0
6353	105	0
6354	100	0
6355	113	0
6356	85	0
6357	110	0
6358	103	0
6359	129	0
6360	101	0
6361	113	0
6362	108	0
6363	129	0
6364	121	0
6365	110	0
6366	112	0
6367	115	0
6368	133	0
6369	105	0
6370	113	0
6371	94	0
6372	126	0
6373	103	0
6374	109	0
6375	82	0
6376	106	0
6377	101	0
6378	104	0
6379	87	0
6380	87	0
6381	105	0
6382	101	0
6383	105	0
6384	81	0
6385	109	0
6386	101	0
6387	124	0
6388	93	0
6389	111	0
6390	105	0
6391	131	0
6392	113	0
6393	111	0
6394	111	0
6395	122	0
6396	130	0
6397	108	0
6398	113	0
6399	102	0
6400	131	0
6401	103	0
6402	111	0
6403	85	0
6404	115	0
6405	101	0
6406	106	0
6407	83	0
6408	94	0
6409	102	0
6410	101	0
6411	97	0
6412	81	0
6413	107	0
6414	101	0
6415	117	0
6416	85	0
6417	111	0
6418	103	0
6419	130	0
6420	104	0
6421	112	0
6422	109	0
6423	129	0
6424	125	0
6425	110	0
6426	113	0
6427	111	0
6428	133	0
6429	105	0
6430	113	0
6431	91	0
6432	123	0
6433	101	0
6434	108	0
6435	82	0
6436	102	0
6437	102	0
6438	102	0
6439	89	0
6440	85	0
6441	105	0
6442	100	0
6443	109	0
6444	81	0
6445	109	0
6446	101	0
6447	127	0
6448	96	0
6449	113	0
6450	107	0
6451	131	0
6452	117	0
6453	111	0
6454	113	0
6455	119	0
6456	131	0
6457	107	0
6458	113	0
6459	98	0
6460	129	0
6461	103	0
6462	111	0
6463	83	0
6464	111	0
6465	101	0
6466	105	0
6467	85	0
6468	90	0
6469	103	0
6470	101	0
6471	100	0
6472	80	0
6473	108	0
6474	101	0
6475	120	0
6476	89	0
6477	111	0
6478	104	0
6479	131	0
6480	109	0
6481	112	0
6482	110	0
6483	125	0
6484	127	0
6485	109	0
6486	113	0
6487	107	0
6488	133	0
6489	104	0
6490	112	0
6491	89	0
6492	119	0
6493	101	0
6494	107	0
6495	83	0
6496	98	0
6497	102	0
6498	102	0
6499	93	0
6500	83	0
6501	106	0
6502	100	0
6503	113	0
6504	83	0
6505	110	0
6506	102	0
6507	129	0
6508	100	0
6509	113	0
6510	109	0
6511	129	0
6512	121	0
6513	110	0
6514	112	0
6515	115	0
6516	133	0
6517	106	0
6518	113	0
6519	95	0
6520	127	0
6521	103	0
6522	109	0
6523	82	0
6524	107	0
6525	101	0
6526	104	0
6527	87	0
6528	87	0
6529	104	0
6530	100	0
6531	104	0
6532	81	0
6533	109	0
6534	101	0
6535	124	0
6536	92	0
6537	112	0
6538	105	0
6539	131	0
6540	113	0
6541	111	0
6542	111	0
6543	123	0
6544	130	0
6545	108	0
6546	114	0
6547	103	0
6548	131	0
6549	104	0
6550	111	0
6551	86	0
6552	116	0
6553	101	0
6554	106	0
6555	83	0
6556	94	0
6557	103	0
6558	101	0
6559	97	0
6560	81	0
6561	107	0
6562	100	0
6563	117	0
6564	85	0
6565	111	0
6566	103	0
6567	129	0
6568	105	0
6569	113	0
6570	109	0
6571	127	0
6572	125	0
6573	110	0
6574	113	0
6575	111	0
6576	133	0
6577	105	0
6578	113	0
6579	92	0
6580	124	0
6581	102	0
6582	109	0
6583	83	0
6584	103	0
6585	102	0
6586	103	0
6587	89	0
6588	85	0
6589	105	0
6590	100	0
6591	108	0
6592	81	0
6593	109	0
6594	101	0
6595	126	0
6596	95	0
6597	112	0
6598	107	0
6599	131	0
6600	117	0
6601	111	0
6602	111	0
6603	119	0
6604	132	0
6605	107	0
6606	113	0
6607	99	0
6608	129	0
6609	103	0
6610	111	0
6611	85	0
6612	112	0
6613	101	0
6614	105	0
6615	85	0
6616	90	0
6617	104	0
6618	101	0
6619	100	0
6620	81	0
6621	107	0
6622	100	0
6623	120	0
6624	88	0
6625	111	0
6626	105	0
6627	131	0
6628	108	0
6629	112	0
6630	110	0
6631	125	0
6632	127	0
6633	109	0
6634	113	0
6635	109	0
6636	133	0
6637	105	0
6638	113	0
6639	89	0
6640	120	0
6641	102	0
6642	107	0
6643	82	0
6644	99	0
6645	102	0
6646	102	0
6647	92	0
6648	83	0
6649	105	0
6650	99	0
6651	112	0
6652	83	0
6653	109	0
6654	102	0
6655	128	0
6656	99	0
6657	112	0
6658	107	0
6659	129	0
6660	121	0
6661	110	0
6662	113	0
6663	116	0
6664	133	0
6665	107	0
6666	113	0
6667	96	0
6668	127	0
6669	103	0
6670	110	0
6671	83	0
6672	108	0
6673	102	0
6674	103	0
6675	86	0
6676	88	0
6677	105	0
6678	100	0
6679	103	0
6680	80	0
6681	109	0
6682	100	0
6683	123	0
6684	91	0
6685	111	0
6686	105	0
6687	131	0
6688	113	0
6689	112	0
6690	111	0
6691	123	0
6692	129	0
6693	109	0
6694	113	0
6695	103	0
6696	131	0
6697	105	0
6698	113	0
6699	87	0
6700	117	0
6701	102	0
6702	106	0
6703	83	0
6704	95	0
6705	103	0
6706	101	0
6707	97	0
6708	81	0
6709	107	0
6710	100	0
6711	116	0
6712	85	0
6713	110	0
6714	103	0
6715	129	0
6716	103	0
6717	112	0
6718	109	0
6719	128	0
6720	124	0
6721	110	0
6722	113	0
6723	112	0
6724	133	0
6725	105	0
6726	113	0
6727	93	0
6728	124	0
6729	102	0
6730	109	0
6731	82	0
6732	104	0
6733	102	0
6734	103	0
6735	89	0
6736	85	0
6737	105	0
6738	101	0
6739	107	0
6740	81	0
6741	109	0
6742	101	0
6743	125	0
6744	94	0
6745	112	0
6746	106	0
6747	131	0
6748	116	0
6749	111	0
6750	112	0
6751	121	0
6752	131	0
6753	107	0
6754	113	0
6755	99	0
6756	129	0
6757	103	0
6758	111	0
6759	85	0
6760	113	0
6761	101	0
6762	105	0
6763	84	0
6764	91	0
6765	103	0
6766	101	0
6767	99	0
6768	81	0
6769	107	0
6770	100	0
6771	119	0
6772	87	0
6773	111	0
6774	104	0
6775	131	0
6776	107	0
6777	111	0
6778	109	0
6779	126	0
6780	127	0
6781	109	0
6782	113	0
6783	109	0
6784	133	0
6785	105	0
6786	113	0
6787	89	0
6788	121	0
6789	102	0
6790	107	0
6791	83	0
6792	99	0
6793	102	0
6794	102	0
6795	91	0
6796	83	0
6797	105	0
6798	99	0
6799	111	0
6800	81	0
6801	109	0
6802	101	0
6803	127	0
6804	98	0
6805	112	0
6806	107	0
6807	130	0
6808	120	0
6809	111	0
6810	113	0
6811	117	0
6812	133	0
6813	107	0
6814	113	0
6815	97	0
6816	127	0
6817	103	0
6818	110	0
6819	83	0
6820	109	0
6821	101	0
6822	104	0
6823	86	0
6824	88	0
6825	104	0
6826	100	0
6827	103	0
6828	80	0
6829	109	0
6830	100	0
6831	122	0
6832	91	0
6833	111	0
6834	105	0
6835	131	0
6836	111	0
6837	111	0
6838	111	0
6839	123	0
6840	129	0
6841	109	0
6842	113	0
6843	105	0
6844	132	0
6845	104	0
6846	112	0
6847	87	0
6848	117	0
6849	101	0
6850	107	0
6851	83	0
6852	95	0
6853	103	0
6854	101	0
6855	95	0
6856	81	0
6857	107	0
6858	100	0
6859	115	0
6860	84	0
6861	111	0
6862	103	0
6863	129	0
6864	102	0
6865	113	0
6866	109	0
6867	129	0
6868	123	0
6869	110	0
6870	113	0
6871	112	0
6872	133	0
6873	105	0
6874	113	0
6875	93	0
6876	125	0
6877	102	0
6878	109	0
6879	83	0
6880	104	0
6881	101	0
6882	103	0
6883	88	0
6884	85	0
6885	105	0
6886	101	0
6887	107	0
6888	81	0
6889	109	0
6890	101	0
6891	125	0
6892	94	0
6893	112	0
6894	106	0
6895	131	0
6896	115	0
6897	111	0
6898	112	0
6899	120	0
6900	131	0
6901	108	0
6902	114	0
6903	101	0
6904	130	0
6905	104	0
6906	111	0
6907	85	0
6908	113	0
6909	102	0
6910	105	0
6911	83	0
6912	93	0
6913	103	0
6914	101	0
6915	98	0
6916	80	0
6917	107	0
6918	100	0
6919	118	0
6920	87	0
6921	111	0
6922	105	0
6923	130	0
6924	106	0
6925	111	0
6926	110	0
6927	126	0
6928	126	0
6929	109	0
6930	114	0
6931	109	0
6932	133	0
6933	105	0
6934	113	0
6935	90	0
6936	122	0
6937	102	0
6938	108	0
6939	83	0
6940	101	0
6941	102	0
6942	102	0
6943	91	0
6944	83	0
6945	105	0
6946	100	0
6947	110	0
6948	81	0
6949	109	0
6950	102	0
6951	127	0
6952	97	0
6953	111	0
6954	107	0
6955	130	0
6956	120	0
6957	111	0
6958	113	0
6959	117	0
6960	133	0
6961	107	0
6962	113	0
6963	97	0
6964	129	0
6965	103	0
6966	110	0
6967	84	0
6968	109	0
6969	102	0
6970	104	0
6971	86	0
6972	89	0
6973	104	0
6974	100	0
6975	102	0
6976	81	0
6977	108	0
6978	100	0
6979	121	0
6980	89	0
6981	111	0
6982	105	0
6983	131	0
6984	110	0
6985	111	0
6986	110	0
6987	124	0
6988	129	0
6989	109	0
6990	115	0
6991	105	0
6992	133	0
6993	104	0
6994	113	0
6995	89	0
6996	118	0
6997	102	0
6998	107	0
6999	83	0
7000	96	0
7001	103	0
7002	101	0
7003	95	0
7004	82	0
7005	106	0
7006	99	0
7007	114	0
7008	84	0
7009	111	0
7010	102	0
7011	129	0
7012	101	0
7013	113	0
7014	109	0
7015	129	0
7016	123	0
7017	110	0
7018	113	0
7019	113	0
7020	133	0
7021	106	0
7022	114	0
7023	94	0
7024	125	0
7025	103	0
7026	109	0
7027	83	0
7028	105	0
7029	102	0
7030	105	0
7031	88	0
7032	86	0
7033	105	0
7034	99	0
7035	105	0
7036	81	0
7037	109	0
7038	101	0
7039	124	0
7040	93	0
7041	111	0
7042	106	0
7043	131	0
7044	115	0
7045	111	0
7046	112	0
7047	121	0
7048	131	0
7049	109	0
7050	114	0
7051	101	0
7052	131	0
7053	105	0
7054	111	0
7055	85	0
7056	114	0
7057	101	0
7058	106	0
7059	84	0
7060	93	0
7061	103	0
7062	101	0
7063	97	0
7064	81	0
7065	107	0
7066	100	0
7067	117	0
7068	86	0
7069	110	0
7070	103	0
7071	129	0
7072	105	0
7073	112	0
7074	109	0
7075	127	0
7076	126	0
7077	109	0
7078	113	0
7079	110	0
7080	133	0
7081	105	0
7082	113	0
7083	91	0
7084	122	0
7085	102	0
7086	108	0
7087	83	0
7088	101	0
7089	102	0
7090	103	0
7091	91	0
7092	83	0
7093	105	0
7094	99	0
7095	109	0
7096	81	0
7097	109	0
7098	101	0
7099	127	0
7100	97	0
7101	112	0
7102	107	0
7103	129	0
7104	119	0
7105	111	0
7106	113	0
7107	117	0
7108	133	0
7109	107	0
7110	115	0
7111	97	0
7112	129	0
7113	103	0
7114	111	0
7115	84	0
7116	110	0
7117	102	0
7118	105	0
7119	85	0
7120	89	0
7121	105	0
7122	100	0
7123	101	0
7124	79	0
7125	108	0
7126	100	0
7127	121	0
7128	89	0
7129	111	0
7130	105	0
7131	131	0
7132	110	0
7133	111	0
7134	111	0
7135	125	0
7136	129	0
7137	108	0
7138	114	0
7139	105	0
7140	133	0
7141	105	0
7142	113	0
7143	89	0
7144	119	0
7145	102	0
7146	107	0
7147	83	0
7148	97	0
7149	103	0
7150	101	0
7151	94	0
7152	81	0
7153	106	0
7154	100	0
7155	113	0
7156	83	0
7157	110	0
7158	103	0
7159	129	0
7160	101	0
7161	111	0
7162	108	0
7163	129	0
7164	122	0
7165	111	0
7166	113	0
7167	113	0
7168	133	0
7169	106	0
7170	113	0
7171	95	0
7172	126	0
7173	103	0
7174	110	0
7175	83	0
7176	106	0
7177	103	0
7178	103	0
7179	88	0
7180	86	0
7181	105	0
7182	100	0
7183	105	0
7184	81	0
7185	109	0
7186	101	0
7187	124	0
7188	92	0
7189	111	0
7190	105	0
7191	130	0
7192	114	0
7193	111	0
7194	111	0
7195	121	0
7196	131	0
7197	108	0
7198	114	0
7199	102	0
7200	131	0
7201	105	0
7202	111	0
7203	86	0
7204	115	0
7205	102	0
7206	106	0
7207	83	0
7208	94	0
7209	104	0
7210	101	0
7211	97	0
7212	81	0
7213	107	0
7214	99	0
7215	117	0
7216	85	0
7217	111	0
7218	103	0
7219	130	0
7220	105	0
7221	111	0
7222	109	0
7223	127	0
7224	125	0
7225	109	0
7226	114	0
7227	111	0
7228	134	0
7229	105	0
7230	113	0
7231	92	0
7232	123	0
7233	102	0
7234	109	0
7235	83	0
7236	102	0
7237	102	0
7238	102	0
7239	91	0
7240	83	0
7241	105	0
7242	99	0
7243	109	0
7244	81	0
7245	109	0
7246	101	0
7247	126	0
7248	96	0
7249	111	0
7250	107	0
7251	130	0
7252	118	0
7253	110	0
7254	113	0
7255	118	0
7256	133	0
7257	107	0
7258	114	0
7259	99	0
7260	129	0
7261	105	0
7262	111	0
7263	85	0
7264	111	0
7265	102	0
7266	105	0
7267	86	0
7268	89	0
7269	104	0
7270	100	0
7271	101	0
7272	79	0
7273	108	0
7274	99	0
7275	120	0
7276	88	0
7277	111	0
7278	104	0
7279	130	0
7280	109	0
7281	111	0
7282	111	0
7283	125	0
7284	128	0
7285	109	0
7286	115	0
7287	107	0
7288	133	0
7289	105	0
7290	113	0
7291	89	0
7292	120	0
7293	103	0
7294	107	0
7295	83	0
7296	97	0
7297	103	0
7298	101	0
7299	93	0
7300	82	0
7301	106	0
7302	99	0
7303	113	0
7304	83	0
7305	110	0
7306	102	0
7307	127	0
7308	100	0
7309	111	0
7310	108	0
7311	129	0
7312	121	0
7313	110	0
7314	113	0
7315	115	0
7316	133	0
7317	107	0
7318	113	0
7319	95	0
7320	127	0
7321	103	0
7322	110	0
7323	83	0
7324	107	0
7325	102	0
7326	105	0
7327	88	0
7328	86	0
7329	105	0
7330	99	0
7331	105	0
7332	81	0
7333	108	0
7334	100	0
7335	123	0
7336	91	0
7337	111	0
7338	105	0
7339	131	0
7340	113	0
7341	111	0
7342	112	0
7343	122	0
7344	130	0
7345	108	0
7346	115	0
7347	103	0
7348	132	0
7349	105	0
7350	112	0
7351	87	0
7352	115	0
7353	102	0
7354	106	0
7355	83	0
7356	94	0
7357	104	0
7358	101	0
7359	97	0
7360	81	0
7361	107	0
7362	99	0
7363	116	0
7364	85	0
7365	110	0
7366	103	0
7367	129	0
7368	104	0
7369	111	0
7370	109	0
7371	127	0
7372	125	0
7373	109	0
7374	113	0
7375	111	0
7376	133	0
7377	105	0
7378	114	0
7379	93	0
7380	123	0
7381	103	0
7382	109	0
7383	83	0
7384	103	0
7385	102	0
7386	103	0
7387	89	0
7388	84	0
7389	105	0
7390	99	0
7391	108	0
7392	81	0
7393	109	0
7394	100	0
7395	125	0
7396	95	0
7397	111	0
7398	107	0
7399	130	0
7400	117	0
7401	110	0
7402	112	0
7403	118	0
7404	132	0
7405	107	0
7406	114	0
7407	99	0
7408	130	0
7409	103	0
7410	111	0
7411	85	0
7412	112	0
7413	102	0
7414	105	0
7415	85	0
7416	90	0
7417	104	0
7418	100	0
7419	100	0
7420	80	0
7421	107	0
7422	99	0
7423	119	0
7424	87	0
7425	111	0
7426	104	0
7427	130	0
7428	108	0
7429	110	0
7430	110	0
7431	125	0
7432	128	0
7433	109	0
7434	114	0
7435	107	0
7436	133	0
7437	105	0
7438	113	0
7439	89	0
7440	121	0
7441	102	0
7442	108	0
7443	83	0
7444	98	0
7445	103	0
7446	101	0
7447	93	0
7448	82	0
7449	106	0
7450	99	0
7451	113	0
7452	82	0
7453	109	0
7454	102	0
7455	127	0
7456	99	0
7457	111	0
7458	108	0
7459	129	0
7460	121	0
7461	110	0
7462	113	0
7463	115	0
7464	133	0
7465	107	0
7466	114	0
7467	95	0
7468	127	0
7469	103	0
7470	110	0
7471	83	0
7472	108	0
7473	102	0
7474	104	0
7475	87	0
7476	87	0
7477	104	0
7478	99	0
7479	104	0
7480	81	0
7481	108	0
7482	100	0
7483	122	0
7484	90	0
7485	111	0
7486	105	0
7487	131	0
7488	113	0
7489	111	0
7490	112	0
7491	123	0
7492	130	0
7493	108	0
7494	115	0
7495	104	0
7496	133	0
7497	104	0
7498	113	0
7499	87	0
7500	117	0
7501	103	0
7502	106	0
7503	83	0
7504	95	0
7505	104	0
7506	101	0
7507	96	0
7508	81	0
7509	107	0
7510	99	0
7511	115	0
7512	84	0
7513	110	0
7514	102	0
7515	129	0
7516	103	0
7517	111	0
7518	109	0
7519	127	0
7520	125	0
7521	109	0
7522	113	0
7523	112	0
7524	134	0
7525	106	0
7526	113	0
7527	93	0
7528	125	0
7529	103	0
7530	109	0
7531	83	0
7532	103	0
7533	103	0
7534	103	0
7535	89	0
7536	85	0
7537	105	0
7538	99	0
7539	107	0
7540	81	0
7541	109	0
7542	100	0
7543	125	0
7544	94	0
7545	111	0
7546	106	0
7547	131	0
7548	116	0
7549	110	0
7550	112	0
7551	119	0
7552	133	0
7553	107	0
7554	114	0
7555	100	0
7556	131	0
7557	104	0
7558	111	0
7559	86	0
7560	113	0
7561	103	0
7562	105	0
7563	85	0
7564	91	0
7565	104	0
7566	100	0
7567	99	0
7568	81	0
7569	107	0
7570	99	0
7571	119	0
7572	87	0
7573	111	0
7574	105	0
7575	129	0
7576	107	0
7577	111	0
7578	110	0
7579	125	0
7580	127	0
7581	109	0
7582	115	0
7583	109	0
7584	133	0
7585	105	0
7586	113	0
7587	90	0
7588	121	0
7589	102	0
7590	108	0
7591	83	0
7592	99	0
7593	103	0
7594	102	0
7595	93	0
7596	83	0
7597	106	0
7598	99	0
7599	111	0
7600	82	0
7601	109	0
7602	101	0
7603	127	0
7604	98	0
7605	111	0
7606	108	0
7607	129	0
7608	120	0
7609	110	0
7610	113	0
7611	117	0
7612	133	0
7613	107	0
7614	115	0
7615	97	0
7616	128	0
7617	103	0
7618	111	0
7619	84	0
7620	109	0
7621	103	0
7622	104	0
7623	87	0
7624	87	0
7625	105	0
7626	99	0
7627	103	0
7628	81	0
7629	107	0
7630	100	0
7631	121	0
7632	90	0
7633	111	0
7634	105	0
7635	129	0
7636	111	0
7637	111	0
7638	111	0
7639	123	0
7640	129	0
7641	108	0
7642	115	0
7643	105	0
7644	132	0
7645	105	0
7646	112	0
7647	88	0
7648	117	0
7649	103	0
7650	106	0
7651	83	0
7652	95	0
7653	103	0
7654	101	0
7655	96	0
7656	81	0
7657	107	0
7658	99	0
7659	115	0
7660	84	0
7661	109	0
7662	103	0
7663	129	0
7664	102	0
7665	111	0
7666	109	0
7667	127	0
7668	124	0
7669	109	0
7670	113	0
7671	113	0
7672	134	0
7673	106	0
7674	114	0
7675	93	0
7676	126	0
7677	103	0
7678	110	0
7679	83	0
7680	105	0
7681	102	0
7682	103	0
7683	89	0
7684	85	0
7685	105	0
7686	99	0
7687	107	0
7688	81	0
7689	109	0
7690	100	0
7691	124	0
7692	93	0
7693	111	0
7694	107	0
7695	130	0
7696	115	0
7697	110	0
7698	112	0
7699	120	0
7700	131	0
7701	107	0
7702	115	0
7703	101	0
7704	131	0
7705	105	0
7706	111	0
7707	86	0
7708	113	0
7709	102	0
7710	105	0
7711	85	0
7712	92	0
7713	104	0
7714	100	0
7715	98	0
7716	79	0
7717	107	0
7718	99	0
7719	117	0
7720	86	0
7721	110	0
7722	103	0
7723	129	0
7724	107	0
7725	110	0
7726	110	0
7727	126	0
7728	127	0
7729	109	0
7730	114	0
7731	109	0
7732	134	0
7733	105	0
7734	113	0
7735	91	0
7736	122	0
7737	103	0
7738	108	0
7739	83	0
7740	100	0
7741	103	0
7742	102	0
7743	92	0
7744	83	0
7745	105	0
7746	99	0
7747	110	0
7748	81	0
7749	109	0
7750	101	0
7751	127	0
7752	97	0
7753	111	0
7754	107	0
7755	129	0
7756	120	0
7757	110	0
7758	113	0
7759	117	0
7760	133	0
7761	107	0
7762	114	0
7763	97	0
7764	129	0
7765	104	0
7766	111	0
7767	85	0
7768	109	0
7769	103	0
7770	104	0
7771	87	0
7772	89	0
7773	105	0
7774	99	0
7775	102	0
7776	80	0
7777	107	0
7778	99	0
7779	121	0
7780	89	0
7781	110	0
7782	104	0
7783	130	0
7784	111	0
7785	110	0
7786	111	0
7787	123	0
7788	129	0
7789	108	0
7790	114	0
7791	105	0
7792	133	0
7793	105	0
7794	113	0
7795	88	0
7796	118	0
7797	103	0
7798	107	0
7799	84	0
7800	96	0
7801	104	0
7802	101	0
7803	95	0
7804	81	0
7805	106	0
7806	99	0
7807	113	0
7808	83	0
7809	109	0
7810	102	0
7811	128	0
7812	101	0
7813	111	0
7814	109	0
7815	128	0
7816	123	0
7817	109	0
7818	113	0
7819	113	0
7820	134	0
7821	106	0
7822	114	0
7823	94	0
7824	126	0
7825	103	0
7826	110	0
7827	83	0
7828	105	0
7829	103	0
7830	103	0
7831	89	0
7832	85	0
7833	105	0
7834	99	0
7835	106	0
7836	79	0
7837	109	0
7838	101	0
7839	124	0
7840	93	0
7841	111	0
7842	106	0
7843	129	0
7844	115	0
7845	111	0
7846	113	0
7847	120	0
7848	131	0
7849	108	0
7850	115	0
7851	101	0
7852	131	0
7853	104	0
7854	112	0
7855	86	0
7856	114	0
7857	102	0
7858	106	0
7859	85	0
7860	92	0
7861	105	0
7862	100	0
7863	98	0
7864	80	0
7865	107	0
7866	99	0
7867	117	0
7868	85	0
7869	110	0
7870	103	0
7871	129	0
7872	105	0
7873	111	0
7874	110	0
7875	125	0
7876	127	0
7877	109	0
7878	114	0
7879	110	0
7880	134	0
7881	105	0
7882	114	0
7883	91	0
7884	123	0
7885	103	0
7886	109	0
7887	83	0
7888	101	0
7889	103	0
7890	102	0
7891	91	0
7892	83	0
7893	105	0
7894	99	0
7895	109	0
7896	81	0
7897	109	0
7898	101	0
7899	126	0
7900	96	0
7901	111	0
7902	107	0
7903	129	0
7904	119	0
7905	110	0
7906	113	0
7907	117	0
7908	133	0
7909	107	0
7910	114	0
7911	98	0
7912	129	0
7913	104	0
7914	111	0
7915	85	0
7916	111	0
7917	103	0
7918	105	0
7919	87	0
7920	89	0
7921	105	0
7922	99	0
7923	102	0
7924	79	0
7925	107	0
7926	99	0
7927	120	0
7928	89	0
7929	110	0
7930	105	0
7931	129	0
7932	110	0
7933	111	0
7934	111	0
7935	123	0
7936	129	0
7937	109	0
7938	115	0
7939	105	0
7940	133	0
7941	105	0
7942	113	0
7943	89	0
7944	119	0
7945	103	0
7946	107	0
7947	84	0
7948	97	0
7949	103	0
7950	101	0
7951	94	0
7952	81	0
7953	106	0
7954	99	0
7955	113	0
7956	82	0
7957	109	0
7958	102	0
7959	127	0
7960	101	0
7961	111	0
7962	109	0
7963	128	0
7964	123	0
7965	109	0
7966	114	0
7967	114	0
7968	134	0
7969	106	0
7970	115	0
7971	95	0
7972	127	0
7973	104	0
7974	110	0
7975	83	0
7976	106	0
7977	103	0
7978	103	0
7979	89	0
7980	85	0
7981	105	0
7982	99	0
7983	105	0
7984	79	0
7985	108	0
7986	100	0
7987	123	0
7988	91	0
7989	110	0
7990	105	0
7991	129	0
7992	114	0
7993	110	0
7994	113	0
7995	121	0
7996	132	0
7997	108	0
7998	115	0
7999	102	0
