Oscilloscope data. 
Time step = 1,250 mS
Voltage step = 31,25 mV
Zero level = 90

N 	Smpl.	Trig

0	172	0
1	171	0
2	172	0
3	171	0
4	171	0
5	172	0
6	171	0
7	171	0
8	171	0
9	172	0
10	172	0
11	172	0
12	171	0
13	171	0
14	172	0
15	172	0
16	173	0
17	171	0
18	172	0
19	172	0
20	172	0
21	172	0
22	172	0
23	172	0
24	171	0
25	171	0
26	172	0
27	171	0
28	172	0
29	171	0
30	171	0
31	173	0
32	172	0
33	172	0
34	171	0
35	172	0
36	173	0
37	173	0
38	172	0
39	173	0
40	171	0
41	171	0
42	171	0
43	173	0
44	171	0
45	172	0
46	172	0
47	171	0
48	172	0
49	172	0
50	171	0
51	172	0
52	171	0
53	171	0
54	171	0
55	172	0
56	171	0
57	172	0
58	173	0
59	171	0
60	172	0
61	171	0
62	172	0
63	172	0
64	172	0
65	171	0
66	172	0
67	172	0
68	172	0
69	172	0
70	172	0
71	171	0
72	172	0
73	172	0
74	172	0
75	171	0
76	171	0
77	172	0
78	171	0
79	172	0
80	172	0
81	171	0
82	171	0
83	171	0
84	171	0
85	173	0
86	171	0
87	172	0
88	171	0
89	172	0
90	172	0
91	171	0
92	173	0
93	171	0
94	172	0
95	172	0
96	171	0
97	172	0
98	172	0
99	171	0
100	173	0
101	172	0
102	171	0
103	171	0
104	171	0
105	171	0
106	172	0
107	171	0
108	172	0
109	171	0
110	171	0
111	173	0
112	171	0
113	172	0
114	172	0
115	171	0
116	171	0
117	171	0
118	171	0
119	171	0
120	172	0
121	172	0
122	173	0
123	172	0
124	172	0
125	172	0
126	172	0
127	171	0
128	172	0
129	171	0
130	172	0
131	171	0
132	172	0
133	173	0
134	171	0
135	172	0
136	171	0
137	172	0
138	171	0
139	171	0
140	172	0
141	172	0
142	171	0
143	171	0
144	171	0
145	172	0
146	171	0
147	172	0
148	172	0
149	171	0
150	171	0
151	172	0
152	173	0
153	172	0
154	171	0
155	172	0
156	172	0
157	172	0
158	172	0
159	172	0
160	171	0
161	171	0
162	171	0
163	172	0
164	172	0
165	172	0
166	172	0
167	172	0
168	173	0
169	171	0
170	172	0
171	172	0
172	172	0
173	172	0
174	171	0
175	172	0
176	171	0
177	172	0
178	172	0
179	171	0
180	173	0
181	172	0
182	172	0
183	172	0
184	172	0
185	172	0
186	172	0
187	172	0
188	171	0
189	171	0
190	172	0
191	172	0
192	171	0
193	173	0
194	172	0
195	171	0
196	172	0
197	171	0
198	172	0
199	171	0
200	172	0
201	172	0
202	171	0
203	171	0
204	172	0
205	172	0
206	172	0
207	172	0
208	172	0
209	171	0
210	172	0
211	172	0
212	172	0
213	172	0
214	171	0
215	172	0
216	172	0
217	172	0
218	172	0
219	172	0
220	172	0
221	172	0
222	172	0
223	171	0
224	172	0
225	172	0
226	171	0
227	172	0
228	173	0
229	171	0
230	172	0
231	172	0
232	172	0
233	171	0
234	172	0
235	172	0
236	172	0
237	172	0
238	172	0
239	171	0
240	172	0
241	172	0
242	171	0
243	172	0
244	172	0
245	171	0
246	172	0
247	173	0
248	172	0
249	172	0
250	171	0
251	172	0
252	172	0
253	171	0
254	172	0
255	172	0
256	172	0
257	173	0
258	171	0
259	171	0
260	172	0
261	172	0
262	171	0
263	172	0
264	171	0
265	173	0
266	171	0
267	171	0
268	172	0
269	172	0
270	173	0
271	172	0
272	171	0
273	171	0
274	172	0
275	171	0
276	172	0
277	171	0
278	172	0
279	172	0
280	171	0
281	172	0
282	172	0
283	171	0
284	172	0
285	172	0
286	172	0
287	172	0
288	172	0
289	172	0
290	172	0
291	172	0
292	172	0
293	172	0
294	171	0
295	171	0
296	171	0
297	172	0
298	171	0
299	171	0
300	171	0
301	171	0
302	172	0
303	172	0
304	172	0
305	172	0
306	172	0
307	172	0
308	172	0
309	172	0
310	172	0
311	172	0
312	172	0
313	171	0
314	172	0
315	171	0
316	172	0
317	171	0
318	171	0
319	171	0
320	172	0
321	171	0
322	172	0
323	172	0
324	172	0
325	172	0
326	172	0
327	172	0
328	171	0
329	171	0
330	171	0
331	171	0
332	171	0
333	172	0
334	172	0
335	172	0
336	172	0
337	172	0
338	171	0
339	171	0
340	171	0
341	173	0
342	172	0
343	172	0
344	171	0
345	171	0
346	172	0
347	171	0
348	172	0
349	172	0
350	173	0
351	171	0
352	172	0
353	171	0
354	172	0
355	172	0
356	172	0
357	172	0
358	171	0
359	171	0
360	171	0
361	172	0
362	172	0
363	172	0
364	172	0
365	172	0
366	171	0
367	172	0
368	171	0
369	172	0
370	171	0
371	172	0
372	172	0
373	171	0
374	173	0
375	171	0
376	172	0
377	171	0
378	172	0
379	171	0
380	172	0
381	171	0
382	172	0
383	172	0
384	172	0
385	171	0
386	172	0
387	172	0
388	172	0
389	171	0
390	171	0
391	171	0
392	172	0
393	171	0
394	172	0
395	172	0
396	172	0
397	171	0
398	171	0
399	172	0
400	171	0
401	171	0
402	172	0
403	172	0
404	171	0
405	172	0
406	171	0
407	172	0
408	171	0
409	172	0
410	172	0
411	172	0
412	171	0
413	171	0
414	171	0
415	171	0
416	172	0
417	172	0
418	172	0
419	172	0
420	171	0
421	172	0
422	171	0
423	171	0
424	171	0
425	171	0
426	172	0
427	171	0
428	173	0
429	172	0
430	171	0
431	171	0
432	172	0
433	171	0
434	171	0
435	171	0
436	172	0
437	172	0
438	171	0
439	171	0
440	171	0
441	172	0
442	171	0
443	172	0
444	171	0
445	171	0
446	172	0
447	172	0
448	172	0
449	172	0
450	172	0
451	172	0
452	171	0
453	172	0
454	171	0
455	171	0
456	172	0
457	171	0
458	172	0
459	171	0
460	171	0
461	171	0
462	172	0
463	171	0
464	172	0
465	172	0
466	172	0
467	171	0
468	172	0
469	171	0
470	172	0
471	172	0
472	171	0
473	172	0
474	171	0
475	171	0
476	172	0
477	172	0
478	171	0
479	172	0
480	172	0
481	172	0
482	171	0
483	173	0
484	172	0
485	171	0
486	171	0
487	172	0
488	172	0
489	172	0
490	172	0
491	172	0
492	171	0
493	172	0
494	171	0
495	172	0
496	172	0
497	172	0
498	171	0
499	172	0
500	172	0
501	172	0
502	171	0
503	171	0
504	171	0
505	172	0
506	172	0
507	171	0
508	171	0
509	171	0
510	172	0
511	172	0
512	171	0
513	173	0
514	172	0
515	172	0
516	171	0
517	172	0
518	172	0
519	172	0
520	172	0
521	171	0
522	172	0
523	172	0
524	172	0
525	173	0
526	172	0
527	172	0
528	173	0
529	172	0
530	172	0
531	172	0
532	172	0
533	172	0
534	172	0
535	172	0
536	173	0
537	172	0
538	172	0
539	171	0
540	171	0
541	171	0
542	172	0
543	172	0
544	171	0
545	172	0
546	171	0
547	171	0
548	171	0
549	171	0
550	171	0
551	172	0
552	171	0
553	172	0
554	172	0
555	172	0
556	171	0
557	172	0
558	171	0
559	171	0
560	172	0
561	172	0
562	172	0
563	171	0
564	171	0
565	173	0
566	172	0
567	172	0
568	171	0
569	172	0
570	171	0
571	172	0
572	172	0
573	171	0
574	171	0
575	171	0
576	171	0
577	172	0
578	171	0
579	173	0
580	172	0
581	171	0
582	171	0
583	171	0
584	172	0
585	171	0
586	171	0
587	171	0
588	171	0
589	171	0
590	172	0
591	171	0
592	172	0
593	172	0
594	171	0
595	171	0
596	172	0
597	171	0
598	171	0
599	172	0
600	171	0
601	171	0
602	172	0
603	172	0
604	172	0
605	172	0
606	171	0
607	172	0
608	172	0
609	171	0
610	171	0
611	172	0
612	172	0
613	172	0
614	172	0
615	172	0
616	172	0
617	172	0
618	172	0
619	172	0
620	173	0
621	172	0
622	171	0
623	171	0
624	172	0
625	172	0
626	172	0
627	171	0
628	172	0
629	171	0
630	171	0
631	171	0
632	172	0
633	172	0
634	172	0
635	171	0
636	171	0
637	171	0
638	172	0
639	172	0
640	171	0
641	171	0
642	171	0
643	171	0
644	172	0
645	172	0
646	171	0
647	171	0
648	171	0
649	172	0
650	172	0
651	172	0
652	171	0
653	172	0
654	172	0
655	173	0
656	173	0
657	171	0
658	172	0
659	172	0
660	172	0
661	171	0
662	172	0
663	171	0
664	172	0
665	171	0
666	171	0
667	171	0
668	171	0
669	172	0
670	171	0
671	171	0
672	172	0
673	171	0
674	171	0
675	172	0
676	172	0
677	172	0
678	171	0
679	171	0
680	172	0
681	171	0
682	172	0
683	172	0
684	172	0
685	172	0
686	172	0
687	172	0
688	171	0
689	171	0
690	171	0
691	171	0
692	171	0
693	171	0
694	171	0
695	171	0
696	172	0
697	173	0
698	171	0
699	173	0
700	171	0
701	172	0
702	171	0
703	171	0
704	171	0
705	172	0
706	171	0
707	172	0
708	171	0
709	172	0
710	171	0
711	171	0
712	172	0
713	172	0
714	172	0
715	171	0
716	172	0
717	172	0
718	171	0
719	171	0
720	171	0
721	171	0
722	171	0
723	173	0
724	171	0
725	172	0
726	172	0
727	171	0
728	172	0
729	172	0
730	171	0
731	171	0
732	172	0
733	171	0
734	172	0
735	172	0
736	171	0
737	172	0
738	172	0
739	171	0
740	171	0
741	172	0
742	171	0
743	172	0
744	173	0
745	172	0
746	171	0
747	171	0
748	171	0
749	171	0
750	169	0
751	169	0
752	169	0
753	168	0
754	167	0
755	167	0
756	166	0
757	165	0
758	164	0
759	163	0
760	163	0
761	162	0
762	162	0
763	161	0
764	161	0
765	161	0
766	161	0
767	160	0
768	160	0
769	160	0
770	160	0
771	160	0
772	161	0
773	160	0
774	161	0
775	161	0
776	159	0
777	161	0
778	161	0
779	160	0
780	161	0
781	159	0
782	159	0
783	159	0
784	159	0
785	159	0
786	160	0
787	159	0
788	161	0
789	159	0
790	161	0
791	160	0
792	159	0
793	159	0
794	159	0
795	160	0
796	160	0
797	159	0
798	160	0
799	159	0
800	159	0
801	159	0
802	159	0
803	159	0
804	159	0
805	159	0
806	159	0
807	160	0
808	159	0
809	160	0
810	159	0
811	159	0
812	159	0
813	159	0
814	161	0
815	160	0
816	159	0
817	160	0
818	159	0
819	159	0
820	159	0
821	159	0
822	159	0
823	159	0
824	159	0
825	159	0
826	159	0
827	159	0
828	159	0
829	159	0
830	158	0
831	158	0
832	158	0
833	157	0
834	156	0
835	155	0
836	154	0
837	154	0
838	153	0
839	151	0
840	149	0
841	147	0
842	145	0
843	143	0
844	142	0
845	140	0
846	138	0
847	136	0
848	134	0
849	133	0
850	131	0
851	129	0
852	129	0
853	125	0
854	123	0
855	121	0
856	119	0
857	117	0
858	115	0
859	113	0
860	111	0
861	109	0
862	109	0
863	105	0
864	102	0
865	100	0
866	98	0
867	95	0
868	93	0
869	91	0
870	91	0
871	91	0
872	91	0
873	91	0
874	91	0
875	91	0
876	91	0
877	91	0
878	91	0
879	91	0
880	90	0
881	91	0
882	91	0
883	91	0
884	90	0
885	91	0
886	91	0
887	91	0
888	90	0
889	91	0
890	91	0
891	90	0
892	91	0
893	91	0
894	90	0
895	90	0
896	91	0
897	90	0
898	90	0
899	91	0
900	91	0
901	89	0
902	91	0
903	90	0
904	91	0
905	91	0
906	91	0
907	90	0
908	90	0
909	90	0
910	90	0
911	90	0
912	91	0
913	91	0
914	91	0
915	91	0
916	91	0
917	91	0
918	91	0
919	91	0
920	91	0
921	90	0
922	91	0
923	90	0
924	90	0
925	90	0
926	90	0
927	90	0
928	90	0
929	90	0
930	91	0
931	91	0
932	91	0
933	90	0
934	89	0
935	91	0
936	91	0
937	91	0
938	90	0
939	91	0
940	91	0
941	91	0
942	91	0
943	90	0
944	90	0
945	91	0
946	90	0
947	90	0
948	90	0
949	90	0
950	91	0
951	91	0
952	91	0
953	90	0
954	91	0
955	90	0
956	91	0
957	91	0
958	90	0
959	91	0
960	91	0
961	91	0
962	91	0
963	91	0
964	91	0
965	90	0
966	91	0
967	91	0
968	91	0
969	91	0
970	90	0
971	91	0
972	91	0
973	91	0
974	90	0
975	91	0
976	90	0
977	90	0
978	91	0
979	90	0
980	91	0
981	90	0
982	91	0
983	91	0
984	90	0
985	91	0
986	91	0
987	91	0
988	90	0
989	90	0
990	90	0
991	91	0
992	90	0
993	91	0
994	90	0
995	90	0
996	91	0
997	91	0
998	91	0
999	90	0
1000	91	0
1001	90	0
1002	91	0
1003	91	0
1004	91	0
1005	91	0
1006	91	0
1007	91	0
1008	91	0
1009	91	0
1010	91	0
1011	90	0
1012	90	0
1013	90	0
1014	91	0
1015	90	0
1016	91	0
1017	91	0
1018	91	0
1019	90	0
1020	91	0
1021	91	0
1022	91	0
1023	90	0
1024	91	0
1025	90	0
1026	91	0
1027	90	0
1028	90	0
1029	90	0
1030	91	0
1031	91	0
1032	91	0
1033	91	0
1034	91	0
1035	90	0
1036	91	0
1037	91	0
1038	91	0
1039	91	0
1040	91	0
1041	91	0
1042	90	0
1043	90	0
1044	90	0
1045	91	0
1046	91	0
1047	91	0
1048	90	0
1049	91	0
1050	91	0
1051	91	0
1052	91	0
1053	91	0
1054	89	0
1055	91	0
1056	90	0
1057	91	0
1058	91	0
1059	90	0
1060	90	0
1061	90	0
1062	91	0
1063	91	0
1064	91	0
1065	91	0
1066	90	0
1067	91	0
1068	91	0
1069	91	0
1070	91	0
1071	91	0
1072	91	0
1073	90	0
1074	90	0
1075	90	0
1076	90	0
1077	90	0
1078	90	0
1079	91	0
1080	91	0
1081	91	0
1082	91	0
1083	91	0
1084	91	0
1085	90	0
1086	90	0
1087	91	0
1088	90	0
1089	90	0
1090	90	0
1091	91	0
1092	91	0
1093	91	0
1094	90	0
1095	91	0
1096	91	0
1097	91	0
1098	91	0
1099	91	0
1100	91	0
1101	91	0
1102	90	0
1103	91	0
1104	91	0
1105	91	0
1106	91	0
1107	90	0
1108	91	0
1109	91	0
1110	90	0
1111	90	0
1112	91	0
1113	90	0
1114	91	0
1115	91	0
1116	91	0
1117	91	0
1118	90	0
1119	91	0
1120	91	0
1121	90	0
1122	91	0
1123	91	0
1124	90	0
1125	90	0
1126	91	0
1127	91	0
1128	91	0
1129	90	0
1130	91	0
1131	91	0
1132	90	0
1133	90	0
1134	90	0
1135	91	0
1136	91	0
1137	91	0
1138	91	0
1139	90	0
1140	90	0
1141	91	0
1142	90	0
1143	91	0
1144	91	0
1145	91	0
1146	91	0
1147	91	0
1148	91	0
1149	90	0
1150	90	0
1151	91	0
1152	91	0
1153	91	0
1154	90	0
1155	90	0
1156	91	0
1157	90	0
1158	91	0
1159	91	0
1160	91	0
1161	91	0
1162	91	0
1163	91	0
1164	90	0
1165	91	0
1166	90	0
1167	91	0
1168	90	0
1169	90	0
1170	90	0
1171	91	0
1172	91	0
1173	90	0
1174	90	0
1175	91	0
1176	90	0
1177	91	0
1178	91	0
1179	90	0
1180	91	0
1181	91	0
1182	91	0
1183	91	0
1184	91	0
1185	91	0
1186	91	0
1187	90	0
1188	91	0
1189	90	0
1190	90	0
1191	91	0
1192	91	0
1193	90	0
1194	90	0
1195	91	0
1196	90	0
1197	91	0
1198	91	0
1199	91	0
1200	91	0
1201	91	0
1202	91	0
1203	91	0
1204	91	0
1205	91	0
1206	90	0
1207	90	0
1208	91	0
1209	91	0
1210	91	0
1211	91	0
1212	91	0
1213	91	0
1214	90	0
1215	90	0
1216	90	0
1217	91	0
1218	91	0
1219	90	0
1220	90	0
1221	91	0
1222	90	0
1223	91	0
1224	91	0
1225	90	0
1226	91	0
1227	91	0
1228	91	0
1229	90	0
1230	91	0
1231	91	0
1232	91	0
1233	90	0
1234	91	0
1235	91	0
1236	91	0
1237	91	0
1238	90	0
1239	90	0
1240	91	0
1241	90	0
1242	90	0
1243	91	0
1244	91	0
1245	91	0
1246	91	0
1247	91	0
1248	91	0
1249	90	0
1250	90	0
1251	90	0
1252	91	0
1253	90	0
1254	91	0
1255	91	0
1256	90	0
1257	90	0
1258	90	0
1259	91	0
1260	90	0
1261	90	0
1262	91	0
1263	90	0
1264	90	0
1265	91	0
1266	91	0
1267	91	0
1268	90	0
1269	91	0
1270	90	0
1271	91	0
1272	91	0
1273	91	0
1274	90	0
1275	91	0
1276	90	0
1277	90	0
1278	91	0
1279	89	0
1280	90	0
1281	90	0
1282	91	0
1283	90	0
1284	91	0
1285	91	0
1286	91	0
1287	90	0
1288	91	0
1289	90	0
1290	91	0
1291	90	0
1292	91	0
1293	91	0
1294	91	0
1295	90	0
1296	91	0
1297	91	0
1298	91	0
1299	91	0
1300	91	0
1301	90	0
1302	91	0
1303	92	0
1304	95	0
1305	97	0
1306	99	0
1307	102	0
1308	103	0
1309	107	0
1310	109	0
1311	111	0
1312	114	0
1313	116	0
1314	119	0
1315	121	0
1316	123	0
1317	127	0
1318	129	0
1319	131	0
1320	133	0
1321	136	0
1322	137	0
1323	141	0
1324	143	0
1325	145	0
1326	147	0
1327	150	0
1328	152	0
1329	153	0
1330	155	0
1331	158	0
1332	160	0
1333	161	0
1334	162	0
1335	165	0
1336	167	0
1337	169	0
1338	169	0
1339	171	0
1340	171	0
1341	171	0
1342	171	0
1343	171	0
1344	171	0
1345	171	0
1346	171	0
1347	171	0
1348	172	0
1349	172	0
1350	171	0
1351	171	0
1352	171	0
1353	171	0
1354	172	0
1355	171	0
1356	171	0
1357	173	0
1358	171	0
1359	171	0
1360	173	0
1361	172	0
1362	171	0
1363	171	0
1364	172	0
1365	171	0
1366	171	0
1367	171	0
1368	171	0
1369	171	0
1370	171	0
1371	171	0
1372	171	0
1373	171	0
1374	171	0
1375	172	0
1376	172	0
1377	171	0
1378	172	0
1379	172	0
1380	171	0
1381	171	0
1382	172	0
1383	172	0
1384	171	0
1385	171	0
1386	172	0
1387	171	0
1388	171	0
1389	171	0
1390	171	0
1391	171	0
1392	171	0
1393	172	0
1394	171	0
1395	171	0
1396	172	0
1397	171	0
1398	172	0
1399	171	0
1400	171	0
1401	172	0
1402	171	0
1403	171	0
1404	171	0
1405	171	0
1406	171	0
1407	171	0
1408	171	0
1409	172	0
1410	171	0
1411	171	0
1412	172	0
1413	172	0
1414	171	0
1415	171	0
1416	171	0
1417	171	0
1418	171	0
1419	172	0
1420	173	0
1421	172	0
1422	171	0
1423	171	0
1424	171	0
1425	171	0
1426	172	0
1427	171	0
1428	172	0
1429	171	0
1430	172	0
1431	171	0
1432	171	0
1433	171	0
1434	171	0
1435	172	0
1436	171	0
1437	171	0
1438	171	0
1439	172	0
1440	171	0
1441	172	0
1442	171	0
1443	172	0
1444	171	0
1445	171	0
1446	171	0
1447	171	0
1448	171	0
1449	172	0
1450	171	0
1451	172	0
1452	172	0
1453	172	0
1454	171	0
1455	171	0
1456	172	0
1457	171	0
1458	172	0
1459	171	0
1460	172	0
1461	171	0
1462	171	0
1463	172	0
1464	171	0
1465	171	0
1466	171	0
1467	171	0
1468	171	0
1469	171	0
1470	171	0
1471	171	0
1472	171	0
1473	172	0
1474	171	0
1475	171	0
1476	171	0
1477	172	0
1478	172	0
1479	172	0
1480	171	0
1481	171	0
1482	172	0
1483	171	0
1484	171	0
1485	171	0
1486	171	0
1487	171	0
1488	171	0
1489	171	0
1490	171	0
1491	171	0
1492	171	0
1493	171	0
1494	171	0
1495	171	0
1496	171	0
1497	172	0
1498	171	0
1499	171	0
1500	171	0
1501	171	0
1502	171	0
1503	171	0
1504	172	0
1505	172	0
1506	171	0
1507	172	0
1508	171	0
1509	171	0
1510	171	0
1511	171	0
1512	171	0
1513	171	0
1514	171	0
1515	171	0
1516	171	0
1517	171	0
1518	171	0
1519	172	0
1520	172	0
1521	171	0
1522	171	0
1523	172	0
1524	171	0
1525	171	0
1526	171	0
1527	171	0
1528	171	0
1529	171	0
1530	171	0
1531	173	0
1532	171	0
1533	171	0
1534	172	0
1535	171	0
1536	171	0
1537	171	0
1538	172	0
1539	171	0
1540	172	0
1541	171	0
1542	171	0
1543	171	0
1544	171	0
1545	171	0
1546	171	0
1547	171	0
1548	171	0
1549	171	0
1550	171	0
1551	171	0
1552	171	0
1553	171	0
1554	171	0
1555	171	0
1556	171	0
1557	172	0
1558	172	0
1559	171	0
1560	171	0
1561	171	0
1562	172	0
1563	172	0
1564	172	0
1565	171	0
1566	171	0
1567	172	0
1568	171	0
1569	171	0
1570	172	0
1571	171	0
1572	172	0
1573	172	0
1574	172	0
1575	172	0
1576	172	0
1577	171	0
1578	172	0
1579	172	0
1580	171	0
1581	171	0
1582	171	0
1583	171	0
1584	172	0
1585	171	0
1586	172	0
1587	171	0
1588	171	0
1589	171	0
1590	172	0
1591	171	0
1592	171	0
1593	171	0
1594	171	0
1595	172	0
1596	172	0
1597	172	0
1598	171	0
1599	171	0
1600	172	0
1601	171	0
1602	172	0
1603	172	0
1604	171	0
1605	171	0
1606	171	0
1607	172	0
1608	172	0
1609	171	0
1610	172	0
1611	172	0
1612	171	0
1613	172	0
1614	172	0
1615	171	0
1616	172	0
1617	172	0
1618	172	0
1619	172	0
1620	172	0
1621	171	0
1622	171	0
1623	172	0
1624	171	0
1625	172	0
1626	171	0
1627	172	0
1628	171	0
1629	172	0
1630	172	0
1631	172	0
1632	172	0
1633	171	0
1634	172	0
1635	172	0
1636	171	0
1637	171	0
1638	171	0
1639	171	0
1640	172	0
1641	171	0
1642	172	0
1643	171	0
1644	171	0
1645	172	0
1646	172	0
1647	172	0
1648	171	0
1649	171	0
1650	172	0
1651	172	0
1652	171	0
1653	172	0
1654	171	0
1655	172	0
1656	171	0
1657	172	0
1658	172	0
1659	171	0
1660	172	0
1661	172	0
1662	172	0
1663	171	0
1664	172	0
1665	172	0
1666	172	0
1667	171	0
1668	172	0
1669	171	0
1670	171	0
1671	172	0
1672	171	0
1673	173	0
1674	171	0
1675	172	0
1676	173	0
1677	171	0
1678	172	0
1679	172	0
1680	172	0
1681	171	0
1682	172	0
1683	172	0
1684	171	0
1685	171	0
1686	172	0
1687	171	0
1688	172	0
1689	172	0
1690	171	0
1691	172	0
1692	172	0
1693	172	0
1694	173	0
1695	171	0
1696	171	0
1697	172	0
1698	171	0
1699	172	0
1700	172	0
1701	172	0
1702	171	0
1703	172	0
1704	172	0
1705	171	0
1706	171	0
1707	171	0
1708	172	0
1709	172	0
1710	171	0
1711	171	0
1712	172	0
1713	172	0
1714	172	0
1715	172	0
1716	171	0
1717	172	0
1718	172	0
1719	171	0
1720	172	0
1721	172	0
1722	171	0
1723	172	0
1724	172	0
1725	172	0
1726	171	0
1727	172	0
1728	172	0
1729	171	0
1730	172	0
1731	171	0
1732	172	0
1733	171	0
1734	171	0
1735	171	0
1736	172	0
1737	172	0
1738	172	0
1739	172	0
1740	172	0
1741	172	0
1742	172	0
1743	171	0
1744	171	0
1745	171	0
1746	171	0
1747	171	0
1748	171	0
1749	172	0
1750	171	0
1751	171	0
1752	172	0
1753	172	0
1754	171	0
1755	172	0
1756	173	0
1757	171	0
1758	172	0
1759	172	0
1760	172	0
1761	172	0
1762	172	0
1763	172	0
1764	171	0
1765	171	0
1766	172	0
1767	172	0
1768	172	0
1769	171	0
1770	172	0
1771	172	0
1772	172	0
1773	172	0
1774	172	0
1775	171	0
1776	172	0
1777	171	0
1778	171	0
1779	171	0
1780	171	0
1781	172	0
1782	172	0
1783	172	0
1784	172	0
1785	171	0
1786	171	0
1787	171	0
1788	171	0
1789	172	0
1790	171	0
1791	172	0
1792	172	0
1793	173	0
1794	172	0
1795	171	0
1796	172	0
1797	171	0
1798	172	0
1799	173	0
1800	172	0
1801	172	0
1802	171	0
1803	172	0
1804	172	0
1805	173	0
1806	172	0
1807	171	0
1808	172	0
1809	172	0
1810	172	0
1811	171	0
1812	171	0
1813	171	0
1814	171	0
1815	171	0
1816	172	0
1817	171	0
1818	171	0
1819	172	0
1820	172	0
1821	172	0
1822	172	0
1823	171	0
1824	171	0
1825	172	0
1826	172	0
1827	171	0
1828	173	0
1829	172	0
1830	172	0
1831	171	0
1832	173	0
1833	173	0
1834	172	0
1835	171	0
1836	172	0
1837	172	0
1838	172	0
1839	172	0
1840	172	0
1841	172	0
1842	171	0
1843	172	0
1844	172	0
1845	172	0
1846	171	0
1847	171	0
1848	173	0
1849	172	0
1850	173	0
1851	172	0
1852	172	0
1853	172	0
1854	173	0
1855	172	0
1856	172	0
1857	171	0
1858	172	0
1859	172	0
1860	171	0
1861	172	0
1862	172	0
1863	172	0
1864	172	0
1865	171	0
1866	172	0
1867	171	0
1868	173	0
1869	172	0
1870	172	0
1871	171	0
1872	172	0
1873	171	0
1874	171	0
1875	172	0
1876	172	0
1877	172	0
1878	171	0
1879	171	0
1880	171	0
1881	171	0
1882	171	0
1883	172	0
1884	172	0
1885	171	0
1886	171	0
1887	172	0
1888	172	0
1889	172	0
1890	172	0
1891	171	0
1892	172	0
1893	172	0
1894	172	0
1895	172	0
1896	173	0
1897	173	0
1898	173	0
1899	173	0
1900	173	0
1901	173	0
1902	174	0
1903	174	0
1904	175	0
1905	175	0
1906	176	0
1907	175	0
1908	176	0
1909	177	0
1910	177	0
1911	177	0
1912	177	0
1913	177	0
1914	177	0
1915	177	0
1916	178	0
1917	178	0
1918	179	0
1919	179	0
1920	179	0
1921	179	0
1922	179	0
1923	179	0
1924	181	0
1925	181	0
1926	181	0
1927	181	0
1928	182	0
1929	182	0
1930	182	0
1931	182	0
1932	182	0
1933	183	0
1934	182	0
1935	183	0
1936	183	0
1937	183	0
1938	184	0
1939	185	0
1940	185	0
1941	185	0
1942	185	0
1943	185	0
1944	185	0
1945	186	0
1946	187	0
1947	188	0
1948	188	0
1949	189	0
1950	189	0
1951	189	0
1952	189	0
1953	189	0
1954	189	0
1955	190	0
1956	190	0
1957	190	0
1958	190	0
1959	191	0
1960	191	0
1961	190	0
1962	191	0
1963	191	0
1964	191	0
1965	191	0
1966	191	0
1967	192	0
1968	192	0
1969	193	0
1970	193	0
1971	193	0
1972	193	0
1973	193	0
1974	193	0
1975	194	0
1976	193	0
1977	194	0
1978	194	0
1979	195	0
1980	194	0
1981	195	0
1982	195	0
1983	195	0
1984	195	0
1985	196	0
1986	196	0
1987	195	0
1988	196	0
1989	195	0
1990	196	0
1991	196	0
1992	197	0
1993	197	0
1994	197	0
1995	197	0
1996	197	0
1997	197	0
1998	197	0
1999	198	0
2000	198	0
2001	198	0
2002	199	0
2003	199	0
2004	200	0
2005	201	0
2006	201	0
2007	201	0
2008	203	0
2009	204	0
2010	204	0
2011	205	0
2012	205	0
2013	207	0
2014	207	0
2015	208	0
2016	209	0
2017	209	0
2018	209	0
2019	211	0
2020	211	0
2021	212	0
2022	213	0
2023	214	0
2024	214	0
2025	215	0
2026	215	0
2027	215	0
2028	217	0
2029	217	0
2030	217	0
2031	218	0
2032	219	0
2033	221	0
2034	222	0
2035	223	0
2036	223	0
2037	223	0
2038	224	0
2039	224	0
2040	225	0
2041	225	0
2042	227	0
2043	227	0
2044	228	0
2045	229	0
2046	230	0
2047	229	0
2048	230	0
2049	232	0
2050	233	0
2051	234	0
2052	234	0
2053	235	0
2054	235	0
2055	235	0
2056	237	0
2057	238	0
2058	238	0
2059	239	0
2060	239	0
2061	239	0
2062	240	0
2063	241	0
2064	241	0
2065	241	0
2066	242	0
2067	243	0
2068	243	0
2069	244	0
2070	245	0
2071	244	0
2072	245	0
2073	245	0
2074	246	0
2075	246	0
2076	247	0
2077	247	0
2078	247	0
2079	247	0
2080	248	0
2081	247	0
2082	248	0
2083	249	0
2084	249	0
2085	249	0
2086	249	0
2087	249	0
2088	249	0
2089	249	0
2090	249	0
2091	249	0
2092	250	0
2093	250	0
2094	250	0
2095	250	0
2096	251	0
2097	251	0
2098	253	0
2099	252	0
2100	253	0
2101	253	0
2102	253	0
2103	253	0
2104	253	0
2105	253	0
2106	253	0
2107	253	0
2108	253	0
2109	253	0
2110	253	0
2111	253	0
2112	253	0
2113	253	0
2114	253	0
2115	253	0
2116	253	0
2117	253	0
2118	253	0
2119	253	0
2120	253	0
2121	253	0
2122	253	0
2123	253	0
2124	253	0
2125	253	0
2126	253	0
2127	253	0
2128	253	0
2129	253	0
2130	253	0
2131	254	0
2132	253	0
2133	253	0
2134	253	0
2135	253	0
2136	253	0
2137	253	0
2138	253	0
2139	254	0
2140	253	0
2141	253	0
2142	253	0
2143	253	0
2144	253	0
2145	253	0
2146	253	0
2147	253	0
2148	253	0
2149	253	0
2150	253	0
2151	253	0
2152	253	0
2153	253	0
2154	253	0
2155	253	0
2156	253	0
2157	253	0
2158	253	0
2159	253	0
2160	253	0
2161	253	0
2162	253	0
2163	253	0
2164	253	0
2165	253	0
2166	253	0
2167	253	0
2168	253	0
2169	253	0
2170	253	0
2171	254	0
2172	253	0
2173	253	0
2174	253	0
2175	253	0
2176	253	0
2177	253	0
2178	253	0
2179	253	0
2180	253	0
2181	253	0
2182	253	0
2183	253	0
2184	253	0
2185	253	0
2186	253	0
2187	253	0
2188	253	0
2189	253	0
2190	253	0
2191	253	0
2192	253	0
2193	253	0
2194	253	0
2195	253	0
2196	253	0
2197	253	0
2198	253	0
2199	254	0
2200	253	0
2201	253	0
2202	253	0
2203	253	0
2204	253	0
2205	253	0
2206	253	0
2207	253	0
2208	253	0
2209	253	0
2210	253	0
2211	253	0
2212	253	0
2213	253	0
2214	253	0
2215	253	0
2216	253	0
2217	253	0
2218	253	0
2219	253	0
2220	254	0
2221	253	0
2222	253	0
2223	253	0
2224	253	0
2225	253	0
2226	253	0
2227	253	0
2228	253	0
2229	253	0
2230	253	0
2231	253	0
2232	253	0
2233	253	0
2234	253	0
2235	253	0
2236	253	0
2237	253	0
2238	253	0
2239	253	0
2240	253	0
2241	253	0
2242	253	0
2243	253	0
2244	253	0
2245	253	0
2246	253	0
2247	253	0
2248	253	0
2249	253	0
2250	253	0
2251	254	0
2252	253	0
2253	253	0
2254	253	0
2255	253	0
2256	253	0
2257	253	0
2258	253	0
2259	253	0
2260	253	0
2261	253	0
2262	253	0
2263	253	0
2264	253	0
2265	253	0
2266	253	0
2267	253	0
2268	254	0
2269	254	0
2270	253	0
2271	253	0
2272	254	0
2273	253	0
2274	253	0
2275	253	0
2276	253	0
2277	253	0
2278	253	0
2279	253	0
2280	253	0
2281	254	0
2282	253	0
2283	253	0
2284	253	0
2285	253	0
2286	253	0
2287	253	0
2288	253	0
2289	253	0
2290	253	0
2291	253	0
2292	253	0
2293	253	0
2294	253	0
2295	253	0
2296	253	0
2297	253	0
2298	253	0
2299	253	0
2300	253	0
2301	253	0
2302	253	0
2303	253	0
2304	253	0
2305	253	0
2306	253	0
2307	253	0
2308	253	0
2309	253	0
2310	253	0
2311	253	0
2312	254	0
2313	253	0
2314	253	0
2315	253	0
2316	253	0
2317	253	0
2318	254	0
2319	253	0
2320	253	0
2321	253	0
2322	254	0
2323	253	0
2324	253	0
2325	253	0
2326	253	0
2327	253	0
2328	253	0
2329	253	0
2330	253	0
2331	253	0
2332	253	0
2333	253	0
2334	253	0
2335	253	0
2336	253	0
2337	253	0
2338	253	0
2339	253	0
2340	253	0
2341	253	0
2342	253	0
2343	253	0
2344	253	0
2345	253	0
2346	253	0
2347	253	0
2348	253	0
2349	253	0
2350	253	0
2351	253	0
2352	253	0
2353	253	0
2354	253	0
2355	253	0
2356	253	0
2357	253	0
2358	253	0
2359	253	0
2360	253	0
2361	253	0
2362	253	0
2363	253	0
2364	253	0
2365	253	0
2366	253	0
2367	253	0
2368	253	0
2369	254	0
2370	253	0
2371	253	0
2372	253	0
2373	253	0
2374	253	0
2375	253	0
2376	253	0
2377	253	0
2378	254	0
2379	253	0
2380	253	0
2381	253	0
2382	253	0
2383	253	0
2384	253	0
2385	253	0
2386	253	0
2387	253	0
2388	253	0
2389	253	0
2390	253	0
2391	253	0
2392	253	0
2393	253	0
2394	253	0
2395	254	0
2396	253	0
2397	253	0
2398	253	0
2399	253	0
2400	253	0
2401	253	0
2402	253	0
2403	253	0
2404	253	0
2405	253	0
2406	253	0
2407	253	0
2408	253	0
2409	253	0
2410	253	0
2411	253	0
2412	253	0
2413	253	0
2414	253	0
2415	253	0
2416	253	0
2417	253	0
2418	253	0
2419	253	0
2420	253	0
2421	253	0
2422	253	0
2423	253	0
2424	253	0
2425	253	0
2426	253	0
2427	253	0
2428	253	0
2429	253	0
2430	253	0
2431	253	0
2432	253	0
2433	253	0
2434	253	0
2435	253	0
2436	254	0
2437	253	0
2438	253	0
2439	253	0
2440	253	0
2441	253	0
2442	253	0
2443	253	0
2444	253	0
2445	253	0
2446	253	0
2447	253	0
2448	253	0
2449	253	0
2450	253	0
2451	253	0
2452	253	0
2453	253	0
2454	253	0
2455	253	0
2456	253	0
2457	253	0
2458	253	0
2459	253	0
2460	253	0
2461	253	0
2462	253	0
2463	253	0
2464	253	0
2465	253	0
2466	254	0
2467	253	0
2468	254	0
2469	253	0
2470	253	0
2471	253	0
2472	253	0
2473	253	0
2474	253	0
2475	254	0
2476	253	0
2477	253	0
2478	253	0
2479	253	0
2480	253	0
2481	253	0
2482	253	0
2483	254	0
2484	253	0
2485	253	0
2486	253	0
2487	253	0
2488	254	0
2489	253	0
2490	253	0
2491	253	0
2492	254	0
2493	253	0
2494	253	0
2495	253	0
2496	253	0
2497	253	0
2498	253	0
2499	253	0
2500	253	0
2501	253	0
2502	253	0
2503	253	0
2504	253	0
2505	253	0
2506	253	0
2507	253	0
2508	253	0
2509	253	0
2510	253	0
2511	253	0
2512	253	0
2513	253	0
2514	253	0
2515	253	0
2516	253	0
2517	253	0
2518	253	0
2519	253	0
2520	253	0
2521	253	0
2522	253	0
2523	253	0
2524	253	0
2525	253	0
2526	253	0
2527	253	0
2528	253	0
2529	253	0
2530	253	0
2531	253	0
2532	253	0
2533	253	0
2534	253	0
2535	253	0
2536	253	0
2537	253	0
2538	253	0
2539	253	0
2540	253	0
2541	253	0
2542	254	0
2543	253	0
2544	253	0
2545	253	0
2546	253	0
2547	253	0
2548	253	0
2549	253	0
2550	253	0
2551	253	0
2552	253	0
2553	253	0
2554	253	0
2555	253	0
2556	253	0
2557	253	0
2558	253	0
2559	253	0
2560	253	0
2561	253	0
2562	253	0
2563	253	0
2564	253	0
2565	253	0
2566	253	0
2567	253	0
2568	253	0
2569	254	0
2570	253	0
2571	254	0
2572	253	0
2573	253	0
2574	253	0
2575	254	0
2576	253	0
2577	253	0
2578	254	0
2579	253	0
2580	254	0
2581	253	0
2582	253	0
2583	253	0
2584	253	0
2585	253	0
2586	253	0
2587	253	0
2588	253	0
2589	253	0
2590	253	0
2591	253	0
2592	253	0
2593	253	0
2594	253	0
2595	253	0
2596	253	0
2597	253	0
2598	253	0
2599	253	0
2600	253	0
2601	253	0
2602	253	0
2603	253	0
2604	253	0
2605	253	0
2606	253	0
2607	253	0
2608	253	0
2609	253	0
2610	253	0
2611	253	0
2612	253	0
2613	253	0
2614	253	0
2615	253	0
2616	253	0
2617	253	0
2618	253	0
2619	253	0
2620	253	0
2621	253	0
2622	253	0
2623	254	0
2624	254	0
2625	253	0
2626	253	0
2627	253	0
2628	254	0
2629	253	0
2630	253	0
2631	253	0
2632	253	0
2633	253	0
2634	253	0
2635	254	0
2636	253	0
2637	253	0
2638	253	0
2639	253	0
2640	253	0
2641	253	0
2642	253	0
2643	253	0
2644	253	0
2645	253	0
2646	253	0
2647	253	0
2648	253	0
2649	253	0
2650	253	0
2651	253	0
2652	253	0
2653	253	0
2654	253	0
2655	253	0
2656	253	0
2657	253	0
2658	253	0
2659	253	0
2660	253	0
2661	253	0
2662	253	0
2663	253	0
2664	253	0
2665	253	0
2666	253	0
2667	253	0
2668	253	0
2669	253	0
2670	253	0
2671	253	0
2672	253	0
2673	253	0
2674	253	0
2675	253	0
2676	253	0
2677	253	0
2678	253	0
2679	253	0
2680	254	0
2681	253	0
2682	254	0
2683	253	0
2684	253	0
2685	253	0
2686	253	0
2687	253	0
2688	253	0
2689	253	0
2690	253	0
2691	253	0
2692	253	0
2693	253	0
2694	253	0
2695	253	0
2696	253	0
2697	253	0
2698	253	0
2699	253	0
2700	254	0
2701	253	0
2702	253	0
2703	253	0
2704	253	0
2705	253	0
2706	253	0
2707	253	0
2708	253	0
2709	253	0
2710	253	0
2711	253	0
2712	253	0
2713	253	0
2714	253	0
2715	253	0
2716	253	0
2717	253	0
2718	253	0
2719	253	0
2720	253	0
2721	253	0
2722	253	0
2723	253	0
2724	253	0
2725	253	0
2726	253	0
2727	253	0
2728	253	0
2729	253	0
2730	253	0
2731	253	0
2732	253	0
2733	253	0
2734	253	0
2735	253	0
2736	253	0
2737	254	0
2738	253	0
2739	253	0
2740	253	0
2741	253	0
2742	253	0
2743	253	0
2744	253	0
2745	253	0
2746	253	0
2747	253	0
2748	253	0
2749	253	0
2750	253	0
2751	253	0
2752	253	0
2753	253	0
2754	253	0
2755	253	0
2756	253	0
2757	253	0
2758	253	0
2759	253	0
2760	253	0
2761	253	0
2762	253	0
2763	253	0
2764	253	0
2765	253	0
2766	253	0
2767	253	0
2768	253	0
2769	253	0
2770	253	0
2771	253	0
2772	253	0
2773	253	0
2774	253	0
2775	253	0
2776	253	0
2777	253	0
2778	253	0
2779	253	0
2780	253	0
2781	253	0
2782	253	0
2783	253	0
2784	253	0
2785	253	0
2786	253	0
2787	253	0
2788	253	0
2789	253	0
2790	254	0
2791	253	0
2792	253	0
2793	253	0
2794	253	0
2795	253	0
2796	253	0
2797	253	0
2798	253	0
2799	253	0
2800	253	0
2801	253	0
2802	253	0
2803	253	0
2804	253	0
2805	253	0
2806	253	0
2807	253	0
2808	253	0
2809	253	0
2810	253	0
2811	253	0
2812	253	0
2813	251	0
2814	243	0
2815	235	0
2816	226	0
2817	217	0
2818	207	0
2819	196	0
2820	185	0
2821	175	0
2822	171	0
2823	171	0
2824	172	0
2825	171	0
2826	172	0
2827	173	0
2828	171	0
2829	172	0
2830	172	0
2831	171	0
2832	172	0
2833	171	0
2834	172	0
2835	171	0
2836	171	0
2837	171	0
2838	172	0
2839	171	0
2840	171	0
2841	172	0
2842	171	0
2843	173	0
2844	172	0
2845	172	0
2846	171	0
2847	171	0
2848	171	0
2849	169	0
2850	161	0
2851	155	0
2852	147	0
2853	141	0
2854	131	0
2855	122	0
2856	115	0
2857	105	0
2858	97	0
2859	90	0
2860	90	0
2861	91	0
2862	91	0
2863	91	0
2864	91	0
2865	91	0
2866	91	0
2867	90	0
2868	91	0
2869	91	0
2870	91	0
2871	91	0
2872	91	0
2873	91	0
2874	90	0
2875	90	0
2876	91	0
2877	90	0
2878	90	0
2879	90	0
2880	91	0
2881	90	0
2882	91	0
2883	90	0
2884	91	0
2885	90	0
2886	90	0
2887	91	0
2888	91	0
2889	91	0
2890	90	0
2891	90	0
2892	91	0
2893	91	0
2894	90	0
2895	91	0
2896	91	0
2897	90	0
2898	91	0
2899	91	0
2900	91	0
2901	91	0
2902	91	0
2903	91	0
2904	90	0
2905	91	0
2906	90	0
2907	90	0
2908	91	0
2909	91	0
2910	90	0
2911	91	0
2912	90	0
2913	90	0
2914	91	0
2915	91	0
2916	90	0
2917	90	0
2918	91	0
2919	90	0
2920	90	0
2921	91	0
2922	91	0
2923	90	0
2924	90	0
2925	91	0
2926	90	0
2927	90	0
2928	90	0
2929	91	0
2930	91	0
2931	91	0
2932	90	0
2933	91	0
2934	91	0
2935	91	0
2936	90	0
2937	91	0
2938	90	0
2939	91	0
2940	90	0
2941	91	0
2942	91	0
2943	91	0
2944	91	0
2945	90	0
2946	90	0
2947	90	0
2948	91	0
2949	90	0
2950	91	0
2951	91	0
2952	91	0
2953	91	0
2954	89	0
2955	91	0
2956	90	0
2957	90	0
2958	90	0
2959	91	0
2960	91	0
2961	91	0
2962	91	0
2963	91	0
2964	91	0
2965	91	0
2966	90	0
2967	90	0
2968	91	0
2969	90	0
2970	91	0
2971	91	0
2972	91	0
2973	91	0
2974	90	0
2975	90	0
2976	91	0
2977	91	0
2978	91	0
2979	91	0
2980	91	0
2981	91	0
2982	91	0
2983	91	0
2984	91	0
2985	91	0
2986	91	0
2987	91	0
2988	91	0
2989	91	0
2990	91	0
2991	90	0
2992	90	0
2993	91	0
2994	91	0
2995	91	0
2996	91	0
2997	91	0
2998	91	0
2999	91	0
3000	91	0
3001	90	0
3002	90	0
3003	91	0
3004	91	0
3005	90	0
3006	91	0
3007	89	0
3008	90	0
3009	91	0
3010	90	0
3011	91	0
3012	90	0
3013	91	0
3014	91	0
3015	91	0
3016	90	0
3017	90	0
3018	91	0
3019	90	0
3020	90	0
3021	91	0
3022	90	0
3023	90	0
3024	90	0
3025	90	0
3026	91	0
3027	91	0
3028	90	0
3029	90	0
3030	90	0
3031	90	0
3032	90	0
3033	90	0
3034	91	0
3035	91	0
3036	90	0
3037	90	0
3038	91	0
3039	91	0
3040	90	0
3041	91	0
3042	91	0
3043	90	0
3044	91	0
3045	90	0
3046	91	0
3047	91	0
3048	91	0
3049	89	0
3050	91	0
3051	91	0
3052	91	0
3053	90	0
3054	90	0
3055	91	0
3056	91	0
3057	91	0
3058	90	0
3059	91	0
3060	91	0
3061	90	0
3062	91	0
3063	91	0
3064	91	0
3065	90	0
3066	91	0
3067	91	0
3068	90	0
3069	96	0
3070	104	0
3071	111	0
3072	119	0
3073	128	0
3074	137	0
3075	145	0
3076	155	0
3077	163	0
3078	172	0
3079	171	0
3080	171	0
3081	171	0
3082	172	0
3083	171	0
3084	171	0
3085	173	0
3086	171	0
3087	171	0
3088	171	0
3089	171	0
3090	171	0
3091	172	0
3092	172	0
3093	171	0
3094	172	0
3095	172	0
3096	171	0
3097	171	0
3098	171	0
3099	171	0
3100	172	0
3101	172	0
3102	171	0
3103	173	0
3104	171	0
3105	172	0
3106	172	0
3107	172	0
3108	178	0
3109	184	0
3110	191	0
3111	197	0
3112	205	0
3113	213	0
3114	222	0
3115	229	0
3116	237	0
3117	245	0
3118	253	0
3119	253	0
3120	253	0
3121	253	0
3122	253	0
3123	253	0
3124	253	0
3125	253	0
3126	254	0
3127	253	0
3128	253	0
3129	253	0
3130	253	0
3131	254	0
3132	253	0
3133	253	0
3134	253	0
3135	253	0
3136	253	0
3137	253	0
3138	253	0
3139	253	0
3140	253	0
3141	253	0
3142	253	0
3143	254	0
3144	253	0
3145	253	0
3146	253	0
3147	253	0
3148	253	0
3149	254	0
3150	253	0
3151	253	0
3152	253	0
3153	253	0
3154	253	0
3155	253	0
3156	254	0
3157	253	0
3158	253	0
3159	253	0
3160	253	0
3161	253	0
3162	253	0
3163	253	0
3164	253	0
3165	253	0
3166	253	0
3167	253	0
3168	253	0
3169	253	0
3170	253	0
3171	253	0
3172	253	0
3173	253	0
3174	253	0
3175	253	0
3176	253	0
3177	253	0
3178	254	0
3179	253	0
3180	253	0
3181	253	0
3182	253	0
3183	253	0
3184	253	0
3185	253	0
3186	253	0
3187	253	0
3188	253	0
3189	253	0
3190	253	0
3191	253	0
3192	253	0
3193	254	0
3194	253	0
3195	253	0
3196	253	0
3197	253	0
3198	254	0
3199	253	0
3200	253	0
3201	253	0
3202	253	0
3203	253	0
3204	253	0
3205	253	0
3206	253	0
3207	253	0
3208	253	0
3209	253	0
3210	253	0
3211	253	0
3212	253	0
3213	253	0
3214	253	0
3215	253	0
3216	253	0
3217	253	0
3218	253	0
3219	253	0
3220	253	0
3221	253	0
3222	253	0
3223	253	0
3224	253	0
3225	253	0
3226	253	0
3227	253	0
3228	253	0
3229	253	0
3230	253	0
3231	254	0
3232	253	0
3233	253	0
3234	253	0
3235	253	0
3236	253	0
3237	253	0
3238	253	0
3239	253	0
3240	253	0
3241	253	0
3242	253	0
3243	253	0
3244	253	0
3245	253	0
3246	253	0
3247	253	0
3248	253	0
3249	253	0
3250	253	0
3251	253	0
3252	253	0
3253	253	0
3254	253	0
3255	253	0
3256	253	0
3257	253	0
3258	253	0
3259	253	0
3260	253	0
3261	253	0
3262	253	0
3263	253	0
3264	253	0
3265	253	0
3266	253	0
3267	253	0
3268	253	0
3269	253	0
3270	253	0
3271	253	0
3272	253	0
3273	253	0
3274	253	0
3275	253	0
3276	253	0
3277	253	0
3278	253	0
3279	253	0
3280	253	0
3281	253	0
3282	253	0
3283	253	0
3284	253	0
3285	253	0
3286	253	0
3287	253	0
3288	253	0
3289	253	0
3290	253	0
3291	253	0
3292	253	0
3293	253	0
3294	253	0
3295	253	0
3296	253	0
3297	253	0
3298	253	0
3299	253	0
3300	253	0
3301	253	0
3302	253	0
3303	253	0
3304	253	0
3305	253	0
3306	253	0
3307	253	0
3308	253	0
3309	253	0
3310	253	0
3311	254	0
3312	253	0
3313	253	0
3314	253	0
3315	253	0
3316	253	0
3317	253	0
3318	253	0
3319	253	0
3320	253	0
3321	253	0
3322	253	0
3323	253	0
3324	253	0
3325	253	0
3326	253	0
3327	253	0
3328	253	0
3329	253	0
3330	253	0
3331	253	0
3332	254	0
3333	253	0
3334	253	0
3335	253	0
3336	253	0
3337	253	0
3338	253	0
3339	253	0
3340	253	0
3341	253	0
3342	253	0
3343	253	0
3344	253	0
3345	253	0
3346	253	0
3347	254	0
3348	253	0
3349	253	0
3350	253	0
3351	253	0
3352	253	0
3353	253	0
3354	253	0
3355	253	0
3356	253	0
3357	253	0
3358	254	0
3359	253	0
3360	253	0
3361	253	0
3362	253	0
3363	253	0
3364	253	0
3365	253	0
3366	254	0
3367	253	0
3368	253	0
3369	253	0
3370	253	0
3371	253	0
3372	253	0
3373	254	0
3374	254	0
3375	253	0
3376	253	0
3377	253	0
3378	253	0
3379	253	0
3380	253	0
3381	253	0
3382	253	0
3383	253	0
3384	253	0
3385	253	0
3386	253	0
3387	253	0
3388	253	0
3389	253	0
3390	253	0
3391	253	0
3392	253	0
3393	253	0
3394	253	0
3395	253	0
3396	253	0
3397	253	0
3398	253	0
3399	253	0
3400	253	0
3401	253	0
3402	253	0
3403	253	0
3404	253	0
3405	253	0
3406	253	0
3407	253	0
3408	253	0
3409	253	0
3410	253	0
3411	253	0
3412	254	0
3413	254	0
3414	253	0
3415	254	0
3416	253	0
3417	253	0
3418	253	0
3419	253	0
3420	253	0
3421	253	0
3422	253	0
3423	253	0
3424	253	0
3425	253	0
3426	253	0
3427	253	0
3428	253	0
3429	253	0
3430	253	0
3431	253	0
3432	253	0
3433	253	0
3434	253	0
3435	253	0
3436	253	0
3437	253	0
3438	253	0
3439	253	0
3440	253	0
3441	253	0
3442	253	0
3443	253	0
3444	253	0
3445	253	0
3446	254	0
3447	253	0
3448	253	0
3449	253	0
3450	253	0
3451	253	0
3452	253	0
3453	253	0
3454	253	0
3455	253	0
3456	253	0
3457	253	0
3458	253	0
3459	253	0
3460	253	0
3461	253	0
3462	253	0
3463	253	0
3464	253	0
3465	253	0
3466	253	0
3467	253	0
3468	253	0
3469	253	0
3470	253	0
3471	253	0
3472	253	0
3473	253	0
3474	253	0
3475	253	0
3476	253	0
3477	253	0
3478	253	0
3479	254	0
3480	254	0
3481	253	0
3482	254	0
3483	253	0
3484	253	0
3485	253	0
3486	253	0
3487	253	0
3488	253	0
3489	253	0
3490	253	0
3491	253	0
3492	253	0
3493	253	0
3494	253	0
3495	253	0
3496	254	0
3497	253	0
3498	253	0
3499	253	0
3500	253	0
3501	253	0
3502	253	0
3503	253	0
3504	253	0
3505	253	0
3506	253	0
3507	253	0
3508	253	0
3509	253	0
3510	253	0
3511	253	0
3512	253	0
3513	253	0
3514	253	0
3515	253	0
3516	253	0
3517	253	0
3518	253	0
3519	253	0
3520	253	0
3521	253	0
3522	253	0
3523	253	0
3524	253	0
3525	253	0
3526	253	0
3527	253	0
3528	253	0
3529	253	0
3530	254	0
3531	253	0
3532	253	0
3533	253	0
3534	253	0
3535	253	0
3536	253	0
3537	253	0
3538	253	0
3539	253	0
3540	253	0
3541	253	0
3542	253	0
3543	253	0
3544	253	0
3545	253	0
3546	253	0
3547	253	0
3548	253	0
3549	253	0
3550	253	0
3551	253	0
3552	253	0
3553	253	0
3554	253	0
3555	253	0
3556	253	0
3557	254	0
3558	253	0
3559	253	0
3560	253	0
3561	253	0
3562	253	0
3563	253	0
3564	253	0
3565	253	0
3566	253	0
3567	253	0
3568	253	0
3569	253	0
3570	253	0
3571	253	0
3572	253	0
3573	253	0
3574	253	0
3575	253	0
3576	254	0
3577	253	0
3578	253	0
3579	253	0
3580	253	0
3581	253	0
3582	253	0
3583	253	0
3584	253	0
3585	253	0
3586	253	0
3587	253	0
3588	253	0
3589	253	0
3590	253	0
3591	253	0
3592	253	0
3593	253	0
3594	253	0
3595	253	0
3596	253	0
3597	253	0
3598	253	0
3599	253	0
3600	253	0
3601	253	0
3602	253	0
3603	253	0
3604	253	0
3605	253	0
3606	253	0
3607	253	0
3608	253	0
3609	253	0
3610	253	0
3611	253	0
3612	253	0
3613	253	0
3614	253	0
3615	254	0
3616	253	0
3617	253	0
3618	253	0
3619	253	0
3620	253	0
3621	253	0
3622	253	0
3623	254	0
3624	253	0
3625	253	0
3626	253	0
3627	253	0
3628	254	0
3629	253	0
3630	253	0
3631	253	0
3632	253	0
3633	253	0
3634	253	0
3635	253	0
3636	253	0
3637	253	0
3638	254	0
3639	253	0
3640	253	0
3641	253	0
3642	253	0
3643	253	0
3644	253	0
3645	253	0
3646	253	0
3647	253	0
3648	253	0
3649	253	0
3650	254	0
3651	253	0
3652	253	0
3653	253	0
3654	253	0
3655	253	0
3656	253	0
3657	253	0
3658	253	0
3659	253	0
3660	253	0
3661	253	0
3662	253	0
3663	253	0
3664	253	0
3665	253	0
3666	253	0
3667	253	0
3668	253	0
3669	253	0
3670	253	0
3671	253	0
3672	253	0
3673	253	0
3674	254	0
3675	253	0
3676	253	0
3677	253	0
3678	253	0
3679	253	0
3680	253	0
3681	253	0
3682	253	0
3683	253	0
3684	253	0
3685	253	0
3686	253	0
3687	253	0
3688	253	0
3689	253	0
3690	253	0
3691	253	0
3692	253	0
3693	253	0
3694	253	0
3695	253	0
3696	253	0
3697	253	0
3698	253	0
3699	253	0
3700	253	0
3701	253	0
3702	253	0
3703	253	0
3704	253	0
3705	253	0
3706	253	0
3707	254	0
3708	253	0
3709	253	0
3710	253	0
3711	253	0
3712	253	0
3713	253	0
3714	253	0
3715	253	0
3716	253	0
3717	253	0
3718	254	0
3719	253	0
3720	253	0
3721	253	0
3722	253	0
3723	253	0
3724	254	0
3725	253	0
3726	253	0
3727	253	0
3728	254	0
3729	253	0
3730	253	0
3731	253	0
3732	253	0
3733	253	0
3734	253	0
3735	253	0
3736	253	0
3737	254	0
3738	253	0
3739	253	0
3740	253	0
3741	253	0
3742	254	0
3743	253	0
3744	253	0
3745	253	0
3746	253	0
3747	253	0
3748	253	0
3749	253	0
3750	253	0
3751	254	0
3752	253	0
3753	253	0
3754	253	0
3755	253	0
3756	253	0
3757	253	0
3758	253	0
3759	253	0
3760	253	0
3761	253	0
3762	253	0
3763	253	0
3764	253	0
3765	253	0
3766	253	0
3767	253	0
3768	253	0
3769	253	0
3770	253	0
3771	253	0
3772	253	0
3773	253	0
3774	253	0
3775	253	0
3776	253	0
3777	254	0
3778	253	0
3779	253	0
3780	253	0
3781	253	0
3782	253	0
3783	253	0
3784	253	0
3785	253	0
3786	253	0
3787	253	0
3788	253	0
3789	253	0
3790	253	0
3791	253	0
3792	253	0
3793	253	0
3794	253	0
3795	253	0
3796	253	0
3797	253	0
3798	253	0
3799	253	0
3800	253	0
3801	253	0
3802	253	0
3803	253	0
3804	253	0
3805	253	0
3806	253	0
3807	253	0
3808	253	0
3809	253	0
3810	253	0
3811	254	0
3812	253	0
3813	253	0
3814	253	0
3815	253	0
3816	253	0
3817	253	0
3818	253	0
3819	253	0
3820	253	0
3821	253	0
3822	253	0
3823	253	0
3824	253	0
3825	253	0
3826	253	0
3827	253	0
3828	253	0
3829	253	0
3830	253	0
3831	253	0
3832	254	0
3833	253	0
3834	253	0
3835	253	0
3836	253	0
3837	254	0
3838	253	0
3839	253	0
3840	254	0
3841	253	0
3842	253	0
3843	253	0
3844	253	0
3845	253	0
3846	253	0
3847	253	0
3848	254	0
3849	253	0
3850	253	0
3851	253	0
3852	253	0
3853	252	0
3854	251	0
3855	249	0
3856	249	0
3857	248	0
3858	247	0
3859	247	0
3860	246	0
3861	245	0
3862	244	0
3863	243	0
3864	242	0
3865	241	0
3866	239	0
3867	239	0
3868	239	0
3869	239	0
3870	239	0
3871	237	0
3872	235	0
3873	235	0
3874	235	0
3875	234	0
3876	233	0
3877	233	0
3878	231	0
3879	230	0
3880	230	0
3881	229	0
3882	229	0
3883	227	0
3884	226	0
3885	225	0
3886	225	0
3887	223	0
3888	223	0
3889	222	0
3890	221	0
3891	219	0
3892	217	0
3893	216	0
3894	214	0
3895	215	0
3896	213	0
3897	211	0
3898	211	0
3899	209	0
3900	209	0
3901	209	0
3902	207	0
3903	205	0
3904	205	0
3905	203	0
3906	203	0
3907	202	0
3908	201	0
3909	199	0
3910	198	0
3911	197	0
3912	197	0
3913	195	0
3914	194	0
3915	193	0
3916	191	0
3917	191	0
3918	190	0
3919	189	0
3920	189	0
3921	187	0
3922	185	0
3923	184	0
3924	184	0
3925	183	0
3926	183	0
3927	182	0
3928	181	0
3929	179	0
3930	178	0
3931	177	0
3932	177	0
3933	175	0
3934	174	0
3935	173	0
3936	172	0
3937	172	0
3938	173	0
3939	171	0
3940	172	0
3941	171	0
3942	172	0
3943	172	0
3944	172	0
3945	171	0
3946	171	0
3947	171	0
3948	172	0
3949	171	0
3950	172	0
3951	171	0
3952	172	0
3953	172	0
3954	172	0
3955	172	0
3956	171	0
3957	171	0
3958	171	0
3959	172	0
3960	173	0
3961	172	0
3962	171	0
3963	171	0
3964	171	0
3965	173	0
3966	171	0
3967	171	0
3968	172	0
3969	172	0
3970	172	0
3971	172	0
3972	171	0
3973	171	0
3974	171	0
3975	171	0
3976	171	0
3977	172	0
3978	172	0
3979	172	0
3980	171	0
3981	172	0
3982	171	0
3983	171	0
3984	173	0
3985	171	0
3986	171	0
3987	173	0
3988	172	0
3989	172	0
3990	172	0
3991	172	0
3992	171	0
3993	172	0
3994	172	0
3995	172	0
3996	171	0
3997	171	0
3998	171	0
3999	171	0
4000	171	0
4001	172	0
4002	171	0
4003	172	0
4004	171	0
4005	172	0
4006	172	0
4007	172	0
4008	173	0
4009	171	0
4010	172	0
4011	172	0
4012	171	0
4013	171	0
4014	172	0
4015	171	0
4016	171	0
4017	172	0
4018	172	0
4019	172	0
4020	171	0
4021	171	0
4022	173	0
4023	171	0
4024	171	0
4025	172	0
4026	171	0
4027	171	0
4028	172	0
4029	171	0
4030	171	0
4031	171	0
4032	171	0
4033	171	0
4034	171	0
4035	172	0
4036	171	0
4037	173	0
4038	171	0
4039	171	0
4040	171	0
4041	171	0
4042	172	0
4043	172	0
4044	171	0
4045	172	0
4046	172	0
4047	172	0
4048	172	0
4049	171	0
4050	172	0
4051	172	0
4052	171	0
4053	172	0
4054	173	0
4055	172	0
4056	172	0
4057	172	0
4058	171	0
4059	172	0
4060	172	0
4061	172	0
4062	172	0
4063	172	0
4064	171	0
4065	171	0
4066	171	0
4067	172	0
4068	171	0
4069	171	0
4070	172	0
4071	172	0
4072	171	0
4073	172	0
4074	172	0
4075	172	0
4076	172	0
4077	172	0
4078	171	0
4079	171	0
4080	172	0
4081	172	0
4082	171	0
4083	172	0
4084	171	0
4085	172	0
4086	171	0
4087	171	0
4088	172	0
4089	172	0
4090	173	0
4091	172	0
4092	172	0
4093	171	0
4094	173	0
4095	172	0
4096	171	0
4097	171	0
4098	171	0
4099	171	0
4100	172	0
4101	171	0
4102	172	0
4103	172	0
4104	171	0
4105	171	0
4106	171	0
4107	172	0
4108	171	0
4109	172	0
4110	173	0
4111	171	0
4112	172	0
4113	171	0
4114	172	0
4115	171	0
4116	171	0
4117	172	0
4118	173	0
4119	171	0
4120	172	0
4121	172	0
4122	172	0
4123	172	0
4124	171	0
4125	172	0
4126	172	0
4127	172	0
4128	172	0
4129	172	0
4130	172	0
4131	171	0
4132	171	0
4133	172	0
4134	171	0
4135	171	0
4136	172	0
4137	172	0
4138	173	0
4139	171	0
4140	173	0
4141	172	0
4142	172	0
4143	171	0
4144	171	0
4145	172	0
4146	172	0
4147	172	0
4148	172	0
4149	171	0
4150	171	0
4151	172	0
4152	172	0
4153	172	0
4154	172	0
4155	172	0
4156	171	0
4157	172	0
4158	172	0
4159	172	0
4160	172	0
4161	172	0
4162	172	0
4163	171	0
4164	172	0
4165	172	0
4166	172	0
4167	172	0
4168	171	0
4169	172	0
4170	172	0
4171	172	0
4172	172	0
4173	171	0
4174	171	0
4175	172	0
4176	171	0
4177	172	0
4178	171	0
4179	171	0
4180	171	0
4181	172	0
4182	171	0
4183	172	0
4184	173	0
4185	172	0
4186	172	0
4187	173	0
4188	171	0
4189	172	0
4190	173	0
4191	172	0
4192	173	0
4193	171	0
4194	171	0
4195	172	0
4196	172	0
4197	171	0
4198	172	0
4199	171	0
4200	171	0
4201	171	0
4202	171	0
4203	171	0
4204	172	0
4205	172	0
4206	171	0
4207	172	0
4208	172	0
4209	171	0
4210	171	0
4211	171	0
4212	172	0
4213	171	0
4214	173	0
4215	172	0
4216	173	0
4217	172	0
4218	172	0
4219	173	0
4220	171	0
4221	172	0
4222	171	0
4223	171	0
4224	171	0
4225	171	0
4226	171	0
4227	172	0
4228	171	0
4229	172	0
4230	171	0
4231	171	0
4232	172	0
4233	172	0
4234	172	0
4235	171	0
4236	172	0
4237	171	0
4238	172	0
4239	171	0
4240	171	0
4241	172	0
4242	172	0
4243	172	0
4244	173	0
4245	172	0
4246	173	0
4247	171	0
4248	172	0
4249	172	0
4250	172	0
4251	172	0
4252	172	0
4253	171	0
4254	171	0
4255	172	0
4256	171	0
4257	172	0
4258	171	0
4259	171	0
4260	172	0
4261	172	0
4262	173	0
4263	171	0
4264	173	0
4265	171	0
4266	171	0
4267	172	0
4268	171	0
4269	172	0
4270	172	0
4271	171	0
4272	171	0
4273	172	0
4274	171	0
4275	172	0
4276	172	0
4277	171	0
4278	172	0
4279	171	0
4280	172	0
4281	172	0
4282	171	0
4283	172	0
4284	172	0
4285	172	0
4286	172	0
4287	171	0
4288	172	0
4289	172	0
4290	171	0
4291	171	0
4292	172	0
4293	172	0
4294	172	0
4295	171	0
4296	172	0
4297	171	0
4298	171	0
4299	172	0
4300	172	0
4301	171	0
4302	171	0
4303	171	0
4304	171	0
4305	171	0
4306	171	0
4307	171	0
4308	173	0
4309	172	0
4310	172	0
4311	172	0
4312	171	0
4313	172	0
4314	171	0
4315	172	0
4316	172	0
4317	171	0
4318	171	0
4319	172	0
4320	171	0
4321	171	0
4322	172	0
4323	172	0
4324	171	0
4325	171	0
4326	172	0
4327	172	0
4328	172	0
4329	171	0
4330	171	0
4331	172	0
4332	171	0
4333	172	0
4334	171	0
4335	171	0
4336	172	0
4337	171	0
4338	171	0
4339	171	0
4340	171	0
4341	171	0
4342	171	0
4343	172	0
4344	172	0
4345	172	0
4346	172	0
4347	171	0
4348	172	0
4349	172	0
4350	171	0
4351	172	0
4352	171	0
4353	172	0
4354	172	0
4355	172	0
4356	171	0
4357	171	0
4358	171	0
4359	171	0
4360	172	0
4361	172	0
4362	172	0
4363	172	0
4364	173	0
4365	171	0
4366	172	0
4367	171	0
4368	171	0
4369	171	0
4370	172	0
4371	172	0
4372	172	0
4373	172	0
4374	171	0
4375	172	0
4376	172	0
4377	171	0
4378	171	0
4379	171	0
4380	172	0
4381	172	0
4382	172	0
4383	171	0
4384	171	0
4385	172	0
4386	171	0
4387	172	0
4388	171	0
4389	171	0
4390	171	0
4391	172	0
4392	172	0
4393	171	0
4394	171	0
4395	171	0
4396	172	0
4397	172	0
4398	172	0
4399	171	0
4400	171	0
4401	172	0
4402	172	0
4403	172	0
4404	172	0
4405	171	0
4406	172	0
4407	171	0
4408	172	0
4409	171	0
4410	172	0
4411	171	0
4412	171	0
4413	172	0
4414	172	0
4415	172	0
4416	172	0
4417	172	0
4418	173	0
4419	173	0
4420	173	0
4421	175	0
4422	177	0
4423	176	0
4424	177	0
4425	178	0
4426	178	0
4427	179	0
4428	179	0
4429	181	0
4430	181	0
4431	182	0
4432	182	0
4433	183	0
4434	183	0
4435	185	0
4436	184	0
4437	185	0
4438	186	0
4439	187	0
4440	188	0
4441	189	0
4442	189	0
4443	190	0
4444	190	0
4445	190	0
4446	190	0
4447	191	0
4448	193	0
4449	193	0
4450	193	0
4451	194	0
4452	195	0
4453	195	0
4454	196	0
4455	197	0
4456	197	0
4457	197	0
4458	198	0
4459	198	0
4460	198	0
4461	199	0
4462	200	0
4463	201	0
4464	201	0
4465	203	0
4466	203	0
4467	203	0
4468	203	0
4469	204	0
4470	205	0
4471	205	0
4472	205	0
4473	207	0
4474	207	0
4475	207	0
4476	209	0
4477	209	0
4478	209	0
4479	209	0
4480	210	0
4481	210	0
4482	211	0
4483	211	0
4484	211	0
4485	211	0
4486	213	0
4487	213	0
4488	213	0
4489	214	0
4490	214	0
4491	214	0
4492	214	0
4493	214	0
4494	214	0
4495	215	0
4496	215	0
4497	215	0
4498	214	0
4499	215	0
4500	217	0
4501	217	0
4502	216	0
4503	217	0
4504	217	0
4505	216	0
4506	217	0
4507	217	0
4508	216	0
4509	217	0
4510	217	0
4511	216	0
4512	217	0
4513	217	0
4514	217	0
4515	218	0
4516	217	0
4517	217	0
4518	219	0
4519	219	0
4520	219	0
4521	219	0
4522	219	0
4523	220	0
4524	221	0
4525	221	0
4526	221	0
4527	222	0
4528	223	0
4529	223	0
4530	223	0
4531	224	0
4532	224	0
4533	224	0
4534	224	0
4535	224	0
4536	225	0
4537	225	0
4538	225	0
4539	227	0
4540	227	0
4541	227	0
4542	227	0
4543	229	0
4544	229	0
4545	229	0
4546	230	0
4547	230	0
4548	230	0
4549	232	0
4550	232	0
4551	233	0
4552	233	0
4553	234	0
4554	235	0
4555	235	0
4556	235	0
4557	237	0
4558	237	0
4559	238	0
4560	239	0
4561	239	0
4562	239	0
4563	240	0
4564	241	0
4565	241	0
4566	242	0
4567	243	0
4568	243	0
4569	244	0
4570	245	0
4571	246	0
4572	246	0
4573	247	0
4574	247	0
4575	249	0
4576	249	0
4577	249	0
4578	249	0
4579	250	0
4580	250	0
4581	251	0
4582	253	0
4583	253	0
4584	253	0
4585	253	0
4586	253	0
4587	253	0
4588	253	0
4589	253	0
4590	253	0
4591	253	0
4592	253	0
4593	253	0
4594	253	0
4595	253	0
4596	253	0
4597	253	0
4598	253	0
4599	253	0
4600	253	0
4601	253	0
4602	253	0
4603	253	0
4604	253	0
4605	253	0
4606	253	0
4607	253	0
4608	253	0
4609	253	0
4610	254	0
4611	253	0
4612	253	0
4613	253	0
4614	253	0
4615	253	0
4616	253	0
4617	253	0
4618	253	0
4619	253	0
4620	253	0
4621	253	0
4622	253	0
4623	254	0
4624	254	0
4625	254	0
4626	253	0
4627	253	0
4628	253	0
4629	253	0
4630	253	0
4631	253	0
4632	254	0
4633	253	0
4634	253	0
4635	253	0
4636	253	0
4637	253	0
4638	253	0
4639	253	0
4640	253	0
4641	253	0
4642	253	0
4643	253	0
4644	253	0
4645	253	0
4646	253	0
4647	253	0
4648	253	0
4649	253	0
4650	253	0
4651	253	0
4652	253	0
4653	253	0
4654	253	0
4655	253	0
4656	253	0
4657	253	0
4658	253	0
4659	253	0
4660	253	0
4661	253	0
4662	253	0
4663	253	0
4664	253	0
4665	253	0
4666	254	0
4667	253	0
4668	253	0
4669	253	0
4670	253	0
4671	253	0
4672	253	0
4673	253	0
4674	253	0
4675	253	0
4676	253	0
4677	253	0
4678	253	0
4679	254	0
4680	253	0
4681	254	0
4682	253	0
4683	253	0
4684	253	0
4685	253	0
4686	254	0
4687	253	0
4688	253	0
4689	253	0
4690	253	0
4691	253	0
4692	253	0
4693	253	0
4694	253	0
4695	253	0
4696	253	0
4697	253	0
4698	254	0
4699	253	0
4700	253	0
4701	253	0
4702	253	0
4703	253	0
4704	253	0
4705	253	0
4706	253	0
4707	253	0
4708	253	0
4709	253	0
4710	253	0
4711	253	0
4712	253	0
4713	253	0
4714	253	0
4715	253	0
4716	253	0
4717	253	0
4718	253	0
4719	253	0
4720	253	0
4721	253	0
4722	253	0
4723	253	0
4724	253	0
4725	253	0
4726	253	0
4727	253	0
4728	254	0
4729	253	0
4730	253	0
4731	253	0
4732	253	0
4733	253	0
4734	253	0
4735	253	0
4736	253	0
4737	253	0
4738	253	0
4739	253	0
4740	253	0
4741	253	0
4742	253	0
4743	253	0
4744	254	0
4745	253	0
4746	253	0
4747	253	0
4748	253	0
4749	253	0
4750	253	0
4751	253	0
4752	253	0
4753	253	0
4754	253	0
4755	253	0
4756	253	0
4757	253	0
4758	253	0
4759	253	0
4760	253	0
4761	253	0
4762	253	0
4763	253	0
4764	253	0
4765	253	0
4766	253	0
4767	253	0
4768	253	0
4769	253	0
4770	253	0
4771	253	0
4772	253	0
4773	253	0
4774	253	0
4775	253	0
4776	253	0
4777	253	0
4778	253	0
4779	253	0
4780	253	0
4781	253	0
4782	253	0
4783	253	0
4784	254	0
4785	253	0
4786	253	0
4787	253	0
4788	253	0
4789	253	0
4790	253	0
4791	253	0
4792	253	0
4793	253	0
4794	253	0
4795	253	0
4796	253	0
4797	253	0
4798	253	0
4799	253	0
4800	253	0
4801	253	0
4802	253	0
4803	253	0
4804	253	0
4805	253	0
4806	253	0
4807	253	0
4808	254	0
4809	253	0
4810	253	0
4811	253	0
4812	253	0
4813	253	0
4814	253	0
4815	253	0
4816	253	0
4817	253	0
4818	253	0
4819	253	0
4820	253	0
4821	254	0
4822	253	0
4823	254	0
4824	253	0
4825	253	0
4826	253	0
4827	253	0
4828	253	0
4829	253	0
4830	253	0
4831	253	0
4832	253	0
4833	253	0
4834	253	0
4835	253	0
4836	253	0
4837	253	0
4838	253	0
4839	254	0
4840	253	0
4841	253	0
4842	253	0
4843	254	0
4844	253	0
4845	253	0
4846	253	0
4847	253	0
4848	253	0
4849	253	0
4850	253	0
4851	253	0
4852	253	0
4853	254	0
4854	253	0
4855	253	0
4856	253	0
4857	253	0
4858	253	0
4859	253	0
4860	253	0
4861	253	0
4862	253	0
4863	253	0
4864	253	0
4865	253	0
4866	253	0
4867	253	0
4868	253	0
4869	253	0
4870	253	0
4871	253	0
4872	254	0
4873	253	0
4874	253	0
4875	253	0
4876	253	0
4877	253	0
4878	253	0
4879	253	0
4880	253	0
4881	253	0
4882	253	0
4883	253	0
4884	253	0
4885	253	0
4886	253	0
4887	254	0
4888	253	0
4889	253	0
4890	253	0
4891	253	0
4892	253	0
4893	254	0
4894	253	0
4895	253	0
4896	253	0
4897	253	0
4898	253	0
4899	253	0
4900	253	0
4901	253	0
4902	253	0
4903	253	0
4904	253	0
4905	254	0
4906	253	0
4907	253	0
4908	253	0
4909	253	0
4910	253	0
4911	253	0
4912	253	0
4913	253	0
4914	253	0
4915	253	0
4916	253	0
4917	253	0
4918	253	0
4919	254	0
4920	253	0
4921	253	0
4922	253	0
4923	253	0
4924	253	0
4925	253	0
4926	253	0
4927	253	0
4928	253	0
4929	253	0
4930	253	0
4931	253	0
4932	253	0
4933	253	0
4934	253	0
4935	253	0
4936	253	0
4937	253	0
4938	253	0
4939	253	0
4940	253	0
4941	253	0
4942	253	0
4943	253	0
4944	253	0
4945	253	0
4946	253	0
4947	253	0
4948	253	0
4949	253	0
4950	253	0
4951	253	0
4952	253	0
4953	253	0
4954	253	0
4955	253	0
4956	253	0
4957	253	0
4958	253	0
4959	253	0
4960	253	0
4961	253	0
4962	253	0
4963	254	0
4964	253	0
4965	253	0
4966	253	0
4967	253	0
4968	253	0
4969	253	0
4970	253	0
4971	253	0
4972	253	0
4973	253	0
4974	253	0
4975	253	0
4976	253	0
4977	253	0
4978	253	0
4979	253	0
4980	253	0
4981	253	0
4982	253	0
4983	253	0
4984	254	0
4985	253	0
4986	253	0
4987	253	0
4988	253	0
4989	253	0
4990	253	0
4991	253	0
4992	253	0
4993	254	0
4994	253	0
4995	253	0
4996	253	0
4997	253	0
4998	254	0
4999	253	0
5000	253	0
5001	253	0
5002	253	0
5003	254	0
5004	253	0
5005	253	0
5006	253	0
5007	253	0
5008	253	0
5009	253	0
5010	253	0
5011	253	0
5012	253	0
5013	253	0
5014	253	0
5015	254	0
5016	253	0
5017	253	0
5018	253	0
5019	253	0
5020	253	0
5021	253	0
5022	254	0
5023	253	0
5024	253	0
5025	253	0
5026	253	0
5027	254	0
5028	253	0
5029	253	0
5030	253	0
5031	253	0
5032	253	0
5033	253	0
5034	253	0
5035	253	0
5036	253	0
5037	253	0
5038	254	0
5039	254	0
5040	253	0
5041	253	0
5042	254	0
5043	253	0
5044	253	0
5045	253	0
5046	253	0
5047	253	0
5048	253	0
5049	253	0
5050	253	0
5051	253	0
5052	253	0
5053	253	0
5054	253	0
5055	253	0
5056	253	0
5057	253	0
5058	253	0
5059	253	0
5060	253	0
5061	253	0
5062	253	0
5063	253	0
5064	253	0
5065	253	0
5066	253	0
5067	253	0
5068	253	0
5069	253	0
5070	253	0
5071	253	0
5072	253	0
5073	253	0
5074	253	0
5075	253	0
5076	253	0
5077	253	0
5078	253	0
5079	253	0
5080	253	0
5081	253	0
5082	253	0
5083	253	0
5084	253	0
5085	254	0
5086	253	0
5087	253	0
5088	253	0
5089	253	0
5090	253	0
5091	253	0
5092	253	0
5093	253	0
5094	253	0
5095	253	0
5096	253	0
5097	253	0
5098	253	0
5099	253	0
5100	253	0
5101	253	0
5102	254	0
5103	253	0
5104	253	0
5105	253	0
5106	253	0
5107	253	0
5108	253	0
5109	253	0
5110	253	0
5111	253	0
5112	253	0
5113	253	0
5114	253	0
5115	253	0
5116	253	0
5117	253	0
5118	253	0
5119	253	0
5120	253	0
5121	253	0
5122	253	0
5123	253	0
5124	253	0
5125	253	0
5126	253	0
5127	253	0
5128	253	0
5129	253	0
5130	253	0
5131	253	0
5132	253	0
5133	253	0
5134	253	0
5135	253	0
5136	253	0
5137	253	0
5138	253	0
5139	253	0
5140	253	0
5141	253	0
5142	253	0
5143	254	0
5144	253	0
5145	253	0
5146	253	0
5147	253	0
5148	253	0
5149	253	0
5150	253	0
5151	253	0
5152	253	0
5153	253	0
5154	253	0
5155	253	0
5156	253	0
5157	253	0
5158	253	0
5159	253	0
5160	253	0
5161	253	0
5162	253	0
5163	254	0
5164	253	0
5165	253	0
5166	253	0
5167	253	0
5168	253	0
5169	253	0
5170	253	0
5171	253	0
5172	253	0
5173	253	0
5174	253	0
5175	253	0
5176	253	0
5177	253	0
5178	253	0
5179	253	0
5180	253	0
5181	253	0
5182	253	0
5183	253	0
5184	253	0
5185	253	0
5186	253	0
5187	253	0
5188	253	0
5189	253	0
5190	253	0
5191	253	0
5192	253	0
5193	253	0
5194	254	0
5195	254	0
5196	253	0
5197	253	0
5198	253	0
5199	254	0
5200	253	0
5201	253	0
5202	254	0
5203	253	0
5204	253	0
5205	253	0
5206	253	0
5207	253	0
5208	253	0
5209	253	0
5210	253	0
5211	253	0
5212	253	0
5213	253	0
5214	253	0
5215	253	0
5216	253	0
5217	253	0
5218	253	0
5219	253	0
5220	253	0
5221	253	0
5222	253	0
5223	253	0
5224	253	0
5225	253	0
5226	253	0
5227	253	0
5228	253	0
5229	253	0
5230	253	0
5231	253	0
5232	254	0
5233	253	0
5234	253	0
5235	253	0
5236	253	0
5237	253	0
5238	253	0
5239	253	0
5240	253	0
5241	253	0
5242	253	0
5243	253	0
5244	253	0
5245	253	0
5246	253	0
5247	254	0
5248	253	0
5249	253	0
5250	254	0
5251	253	0
5252	253	0
5253	254	0
5254	253	0
5255	253	0
5256	253	0
5257	253	0
5258	254	0
5259	253	0
5260	253	0
5261	253	0
5262	253	0
5263	253	0
5264	253	0
5265	253	0
5266	253	0
5267	253	0
5268	253	0
5269	253	0
5270	253	0
5271	254	0
5272	253	0
5273	254	0
5274	253	0
5275	253	0
5276	253	0
5277	253	0
5278	254	0
5279	253	0
5280	253	0
5281	253	0
5282	253	0
5283	253	0
5284	253	0
5285	253	0
5286	253	0
5287	253	0
5288	253	0
5289	253	0
5290	253	0
5291	253	0
5292	253	0
5293	253	0
5294	253	0
5295	253	0
5296	253	0
5297	253	0
5298	253	0
5299	253	0
5300	253	0
5301	253	0
5302	253	0
5303	253	0
5304	253	0
5305	253	0
5306	253	0
5307	253	0
5308	253	0
5309	253	0
5310	253	0
5311	253	0
5312	254	0
5313	253	0
5314	253	0
5315	253	0
5316	253	0
5317	253	0
5318	253	0
5319	253	0
5320	253	0
5321	253	0
5322	253	0
5323	253	0
5324	253	0
5325	253	0
5326	253	0
5327	253	0
5328	253	0
5329	253	0
5330	253	0
5331	253	0
5332	253	0
5333	253	0
5334	253	0
5335	253	0
5336	253	0
5337	253	0
5338	253	0
5339	253	0
5340	253	0
5341	253	0
5342	253	0
5343	253	0
5344	253	0
5345	253	0
5346	253	0
5347	253	0
5348	253	0
5349	254	0
5350	253	0
5351	253	0
5352	253	0
5353	254	0
5354	253	0
5355	253	0
5356	253	0
5357	253	0
5358	253	0
5359	253	0
5360	253	0
5361	253	0
5362	253	0
5363	253	0
5364	253	0
5365	253	0
5366	253	0
5367	253	0
5368	253	0
5369	253	0
5370	253	0
5371	253	0
5372	253	0
5373	253	0
5374	253	0
5375	253	0
5376	253	0
5377	253	0
5378	253	0
5379	253	0
5380	253	0
5381	253	0
5382	253	0
5383	254	0
5384	253	0
5385	253	0
5386	253	0
5387	253	0
5388	253	0
5389	253	0
5390	254	0
5391	253	0
5392	253	0
5393	253	0
5394	253	0
5395	253	0
5396	253	0
5397	254	0
5398	253	0
5399	253	0
5400	253	0
5401	253	0
5402	253	0
5403	253	0
5404	253	0
5405	253	0
5406	253	0
5407	253	0
5408	253	0
5409	253	0
5410	254	0
5411	253	0
5412	253	0
5413	253	0
5414	253	0
5415	253	0
5416	253	0
5417	254	0
5418	253	0
5419	253	0
5420	253	0
5421	253	0
5422	253	0
5423	254	0
5424	253	0
5425	253	0
5426	253	0
5427	253	0
5428	253	0
5429	253	0
5430	254	0
5431	253	0
5432	253	0
5433	253	0
5434	253	0
5435	253	0
5436	253	0
5437	253	0
5438	253	0
5439	253	0
5440	253	0
5441	253	0
5442	253	0
5443	253	0
5444	253	0
5445	251	0
5446	251	0
5447	249	0
5448	249	0
5449	249	0
5450	249	0
5451	248	0
5452	247	0
5453	246	0
5454	246	0
5455	245	0
5456	245	0
5457	243	0
5458	243	0
5459	242	0
5460	241	0
5461	241	0
5462	239	0
5463	239	0
5464	239	0
5465	238	0
5466	237	0
5467	235	0
5468	235	0
5469	235	0
5470	234	0
5471	234	0
5472	233	0
5473	233	0
5474	230	0
5475	230	0
5476	229	0
5477	229	0
5478	229	0
5479	227	0
5480	227	0
5481	226	0
5482	225	0
5483	224	0
5484	224	0
5485	224	0
5486	223	0
5487	223	0
5488	221	0
5489	221	0
5490	220	0
5491	219	0
5492	217	0
5493	217	0
5494	217	0
5495	217	0
5496	215	0
5497	214	0
5498	215	0
5499	214	0
5500	213	0
5501	212	0
5502	211	0
5503	211	0
5504	210	0
5505	210	0
5506	208	0
5507	209	0
5508	207	0
5509	207	0
5510	206	0
5511	205	0
5512	204	0
5513	203	0
5514	203	0
5515	202	0
5516	201	0
5517	200	0
5518	201	0
5519	199	0
5520	198	0
5521	197	0
5522	197	0
5523	197	0
5524	196	0
5525	195	0
5526	195	0
5527	194	0
5528	193	0
5529	193	0
5530	192	0
5531	192	0
5532	191	0
5533	191	0
5534	190	0
5535	190	0
5536	189	0
5537	189	0
5538	188	0
5539	187	0
5540	185	0
5541	185	0
5542	184	0
5543	184	0
5544	183	0
5545	182	0
5546	182	0
5547	181	0
5548	181	0
5549	179	0
5550	179	0
5551	178	0
5552	177	0
5553	177	0
5554	175	0
5555	174	0
5556	173	0
5557	172	0
5558	173	0
5559	173	0
5560	171	0
5561	171	0
5562	172	0
5563	171	0
5564	171	0
5565	172	0
5566	172	0
5567	171	0
5568	172	0
5569	172	0
5570	172	0
5571	171	0
5572	171	0
5573	172	0
5574	173	0
5575	171	0
5576	171	0
5577	171	0
5578	171	0
5579	173	0
5580	172	0
5581	171	0
5582	173	0
5583	172	0
5584	172	0
5585	171	0
5586	171	0
5587	172	0
5588	172	0
5589	172	0
5590	171	0
5591	172	0
5592	171	0
5593	172	0
5594	171	0
5595	171	0
5596	171	0
5597	172	0
5598	171	0
5599	172	0
5600	172	0
5601	171	0
5602	171	0
5603	172	0
5604	171	0
5605	171	0
5606	172	0
5607	171	0
5608	171	0
5609	172	0
5610	171	0
5611	171	0
5612	171	0
5613	172	0
5614	172	0
5615	172	0
5616	172	0
5617	172	0
5618	171	0
5619	171	0
5620	173	0
5621	171	0
5622	171	0
5623	172	0
5624	172	0
5625	172	0
5626	172	0
5627	172	0
5628	171	0
5629	172	0
5630	171	0
5631	172	0
5632	171	0
5633	171	0
5634	172	0
5635	171	0
5636	172	0
5637	171	0
5638	171	0
5639	171	0
5640	172	0
5641	171	0
5642	172	0
5643	171	0
5644	171	0
5645	171	0
5646	171	0
5647	171	0
5648	171	0
5649	172	0
5650	172	0
5651	172	0
5652	172	0
5653	172	0
5654	172	0
5655	172	0
5656	173	0
5657	171	0
5658	171	0
5659	172	0
5660	171	0
5661	172	0
5662	172	0
5663	171	0
5664	172	0
5665	172	0
5666	172	0
5667	172	0
5668	172	0
5669	172	0
5670	171	0
5671	173	0
5672	172	0
5673	172	0
5674	171	0
5675	171	0
5676	172	0
5677	172	0
5678	171	0
5679	172	0
5680	172	0
5681	171	0
5682	172	0
5683	172	0
5684	171	0
5685	171	0
5686	171	0
5687	171	0
5688	171	0
5689	172	0
5690	171	0
5691	172	0
5692	171	0
5693	172	0
5694	171	0
5695	171	0
5696	171	0
5697	172	0
5698	172	0
5699	171	0
5700	171	0
5701	171	0
5702	172	0
5703	171	0
5704	172	0
5705	171	0
5706	171	0
5707	172	0
5708	171	0
5709	171	0
5710	171	0
5711	172	0
5712	171	0
5713	173	0
5714	172	0
5715	172	0
5716	171	0
5717	171	0
5718	171	0
5719	171	0
5720	171	0
5721	172	0
5722	172	0
5723	172	0
5724	171	0
5725	172	0
5726	172	0
5727	171	0
5728	171	0
5729	171	0
5730	172	0
5731	171	0
5732	172	0
5733	171	0
5734	171	0
5735	172	0
5736	171	0
5737	171	0
5738	171	0
5739	171	0
5740	171	0
5741	172	0
5742	172	0
5743	171	0
5744	172	0
5745	172	0
5746	171	0
5747	171	0
5748	172	0
5749	171	0
5750	172	0
5751	171	0
5752	172	0
5753	171	0
5754	171	0
5755	171	0
5756	172	0
5757	172	0
5758	172	0
5759	171	0
5760	171	0
5761	172	0
5762	171	0
5763	171	0
5764	171	0
5765	172	0
5766	173	0
5767	171	0
5768	172	0
5769	172	0
5770	171	0
5771	171	0
5772	172	0
5773	171	0
5774	173	0
5775	172	0
5776	171	0
5777	172	0
5778	171	0
5779	171	0
5780	172	0
5781	171	0
5782	171	0
5783	172	0
5784	172	0
5785	171	0
5786	171	0
5787	172	0
5788	171	0
5789	173	0
5790	171	0
5791	171	0
5792	171	0
5793	172	0
5794	171	0
5795	171	0
5796	172	0
5797	171	0
5798	172	0
5799	172	0
5800	171	0
5801	172	0
5802	172	0
5803	171	0
5804	171	0
5805	171	0
5806	171	0
5807	171	0
5808	171	0
5809	171	0
5810	172	0
5811	171	0
5812	171	0
5813	172	0
5814	172	0
5815	172	0
5816	171	0
5817	172	0
5818	172	0
5819	171	0
5820	172	0
5821	171	0
5822	171	0
5823	172	0
5824	173	0
5825	172	0
5826	171	0
5827	172	0
5828	173	0
5829	171	0
5830	171	0
5831	171	0
5832	171	0
5833	172	0
5834	172	0
5835	172	0
5836	171	0
5837	172	0
5838	172	0
5839	171	0
5840	171	0
5841	172	0
5842	171	0
5843	171	0
5844	173	0
5845	171	0
5846	171	0
5847	171	0
5848	171	0
5849	172	0
5850	171	0
5851	172	0
5852	172	0
5853	171	0
5854	171	0
5855	171	0
5856	172	0
5857	172	0
5858	171	0
5859	171	0
5860	172	0
5861	172	0
5862	171	0
5863	172	0
5864	171	0
5865	172	0
5866	171	0
5867	171	0
5868	172	0
5869	172	0
5870	172	0
5871	171	0
5872	171	0
5873	172	0
5874	172	0
5875	171	0
5876	172	0
5877	171	0
5878	171	0
5879	171	0
5880	172	0
5881	171	0
5882	172	0
5883	171	0
5884	172	0
5885	172	0
5886	172	0
5887	171	0
5888	171	0
5889	171	0
5890	172	0
5891	171	0
5892	172	0
5893	171	0
5894	172	0
5895	171	0
5896	171	0
5897	171	0
5898	173	0
5899	171	0
5900	171	0
5901	172	0
5902	171	0
5903	172	0
5904	171	0
5905	173	0
5906	172	0
5907	171	0
5908	172	0
5909	171	0
5910	172	0
5911	172	0
5912	171	0
5913	171	0
5914	173	0
5915	171	0
5916	171	0
5917	171	0
5918	172	0
5919	172	0
5920	171	0
5921	171	0
5922	172	0
5923	171	0
5924	172	0
5925	172	0
5926	172	0
5927	172	0
5928	172	0
5929	172	0
5930	171	0
5931	172	0
5932	171	0
5933	171	0
5934	171	0
5935	172	0
5936	172	0
5937	172	0
5938	172	0
5939	171	0
5940	172	0
5941	172	0
5942	172	0
5943	172	0
5944	171	0
5945	171	0
5946	171	0
5947	172	0
5948	173	0
5949	171	0
5950	171	0
5951	172	0
5952	172	0
5953	172	0
5954	172	0
5955	172	0
5956	172	0
5957	172	0
5958	171	0
5959	172	0
5960	171	0
5961	171	0
5962	171	0
5963	172	0
5964	172	0
5965	171	0
5966	172	0
5967	172	0
5968	171	0
5969	172	0
5970	171	0
5971	172	0
5972	172	0
5973	173	0
5974	171	0
5975	172	0
5976	171	0
5977	172	0
5978	172	0
5979	172	0
5980	171	0
5981	171	0
5982	172	0
5983	171	0
5984	173	0
5985	172	0
5986	173	0
5987	172	0
5988	173	0
5989	172	0
5990	171	0
5991	172	0
5992	172	0
5993	173	0
5994	172	0
5995	172	0
5996	172	0
5997	172	0
5998	172	0
5999	171	0
6000	172	0
6001	172	0
6002	172	0
6003	171	0
6004	172	0
6005	172	0
6006	171	0
6007	171	0
6008	171	0
6009	171	0
6010	172	0
6011	171	0
6012	171	0
6013	172	0
6014	173	0
6015	172	0
6016	171	0
6017	171	0
6018	171	0
6019	172	0
6020	172	0
6021	171	0
6022	172	0
6023	171	0
6024	172	0
6025	171	0
6026	172	0
6027	171	0
6028	172	0
6029	172	0
6030	172	0
6031	171	0
6032	172	0
6033	172	0
6034	171	0
6035	171	0
6036	172	0
6037	172	0
6038	172	0
6039	172	0
6040	173	0
6041	172	0
6042	171	0
6043	171	0
6044	171	0
6045	172	0
6046	172	0
6047	171	0
6048	171	0
6049	172	0
6050	173	0
6051	171	0
6052	172	0
6053	172	0
6054	172	0
6055	172	0
6056	172	0
6057	171	0
6058	171	0
6059	172	0
6060	171	0
6061	171	0
6062	172	0
6063	171	0
6064	172	0
6065	171	0
6066	171	0
6067	171	0
6068	171	0
6069	172	0
6070	171	0
6071	171	0
6072	171	0
6073	172	0
6074	172	0
6075	173	0
6076	171	0
6077	171	0
6078	171	0
6079	171	0
6080	171	0
6081	172	0
6082	172	0
6083	172	0
6084	172	0
6085	172	0
6086	173	0
6087	172	0
6088	171	0
6089	172	0
6090	172	0
6091	172	0
6092	172	0
6093	171	0
6094	171	0
6095	171	0
6096	172	0
6097	171	0
6098	171	0
6099	172	0
6100	171	0
6101	172	0
6102	171	0
6103	172	0
6104	173	0
6105	171	0
6106	172	0
6107	172	0
6108	171	0
6109	171	0
6110	171	0
6111	171	0
6112	172	0
6113	172	0
6114	172	0
6115	172	0
6116	172	0
6117	172	0
6118	172	0
6119	172	0
6120	171	0
6121	172	0
6122	171	0
6123	172	0
6124	172	0
6125	172	0
6126	171	0
6127	171	0
6128	171	0
6129	171	0
6130	172	0
6131	171	0
6132	172	0
6133	172	0
6134	171	0
6135	172	0
6136	172	0
6137	172	0
6138	172	0
6139	171	0
6140	172	0
6141	172	0
6142	172	0
6143	172	0
6144	172	0
6145	172	0
6146	172	0
6147	171	0
6148	171	0
6149	172	0
6150	172	0
6151	172	0
6152	171	0
6153	172	0
6154	171	0
6155	171	0
6156	171	0
6157	171	0
6158	171	0
6159	171	0
6160	172	0
6161	171	0
6162	172	0
6163	171	0
6164	171	0
6165	172	0
6166	171	0
6167	171	0
6168	172	0
6169	171	0
6170	172	0
6171	171	0
6172	172	0
6173	171	0
6174	172	0
6175	172	0
6176	171	0
6177	172	0
6178	171	0
6179	171	0
6180	172	0
6181	173	0
6182	171	0
6183	171	0
6184	171	0
6185	171	0
6186	172	0
6187	172	0
6188	171	0
6189	172	0
6190	172	0
6191	171	0
6192	171	0
6193	171	0
6194	173	0
6195	172	0
6196	172	0
6197	171	0
6198	172	0
6199	171	0
6200	171	0
6201	172	0
6202	171	0
6203	172	0
6204	172	0
6205	171	0
6206	172	0
6207	171	0
6208	171	0
6209	172	0
6210	173	0
6211	171	0
6212	172	0
6213	172	0
6214	171	0
6215	172	0
6216	171	0
6217	172	0
6218	172	0
6219	172	0
6220	171	0
6221	172	0
6222	171	0
6223	171	0
6224	172	0
6225	171	0
6226	171	0
6227	171	0
6228	171	0
6229	171	0
6230	171	0
6231	171	0
6232	171	0
6233	171	0
6234	170	0
6235	171	0
6236	170	0
6237	171	0
6238	170	0
6239	169	0
6240	169	0
6241	169	0
6242	169	0
6243	169	0
6244	169	0
6245	169	0
6246	169	0
6247	169	0
6248	168	0
6249	168	0
6250	168	0
6251	168	0
6252	167	0
6253	167	0
6254	167	0
6255	167	0
6256	166	0
6257	166	0
6258	166	0
6259	165	0
6260	165	0
6261	165	0
6262	164	0
6263	163	0
6264	163	0
6265	163	0
6266	163	0
6267	161	0
6268	161	0
6269	161	0
6270	161	0
6271	161	0
6272	161	0
6273	160	0
6274	161	0
6275	161	0
6276	159	0
6277	159	0
6278	157	0
6279	157	0
6280	155	0
6281	155	0
6282	155	0
6283	155	0
6284	154	0
6285	153	0
6286	153	0
6287	153	0
6288	153	0
6289	153	0
6290	153	0
6291	152	0
6292	152	0
6293	152	0
6294	151	0
6295	151	0
6296	150	0
6297	150	0
6298	149	0
6299	149	0
6300	149	0
6301	148	0
6302	147	0
6303	147	0
6304	147	0
6305	147	0
6306	147	0
6307	147	0
6308	147	0
6309	145	0
6310	145	0
6311	145	0
6312	145	0
6313	145	0
6314	145	0
6315	145	0
6316	145	0
6317	143	0
6318	144	0
6319	145	0
6320	144	0
6321	143	0
6322	144	0
6323	143	0
6324	143	0
6325	143	0
6326	143	0
6327	143	0
6328	143	0
6329	143	0
6330	143	0
6331	143	0
6332	143	0
6333	143	0
6334	143	0
6335	143	0
6336	143	0
6337	143	0
6338	143	0
6339	143	0
6340	143	0
6341	143	0
6342	143	0
6343	142	0
6344	142	0
6345	142	0
6346	142	0
6347	143	0
6348	142	0
6349	142	0
6350	142	0
6351	142	0
6352	142	0
6353	142	0
6354	141	0
6355	142	0
6356	141	0
6357	142	0
6358	142	0
6359	142	0
6360	141	0
6361	142	0
6362	142	0
6363	142	0
6364	142	0
6365	141	0
6366	142	0
6367	142	0
6368	141	0
6369	142	0
6370	142	0
6371	141	0
6372	142	0
6373	142	0
6374	142	0
6375	142	0
6376	141	0
6377	142	0
6378	142	0
6379	141	0
6380	141	0
6381	142	0
6382	141	0
6383	141	0
6384	141	0
6385	141	0
6386	141	0
6387	141	0
6388	141	0
6389	140	0
6390	139	0
6391	139	0
6392	139	0
6393	137	0
6394	137	0
6395	137	0
6396	137	0
6397	136	0
6398	135	0
6399	135	0
6400	135	0
6401	134	0
6402	134	0
6403	133	0
6404	133	0
6405	133	0
6406	133	0
6407	132	0
6408	132	0
6409	131	0
6410	130	0
6411	130	0
6412	129	0
6413	129	0
6414	129	0
6415	128	0
6416	129	0
6417	128	0
6418	127	0
6419	127	0
6420	127	0
6421	127	0
6422	125	0
6423	126	0
6424	125	0
6425	125	0
6426	123	0
6427	123	0
6428	123	0
6429	122	0
6430	122	0
6431	122	0
6432	122	0
6433	121	0
6434	121	0
6435	121	0
6436	121	0
6437	120	0
6438	121	0
6439	120	0
6440	119	0
6441	119	0
6442	119	0
6443	119	0
6444	119	0
6445	119	0
6446	117	0
6447	117	0
6448	117	0
6449	117	0
6450	116	0
6451	116	0
6452	115	0
6453	115	0
6454	115	0
6455	114	0
6456	114	0
6457	114	0
6458	115	0
6459	113	0
6460	113	0
6461	113	0
6462	113	0
6463	113	0
6464	111	0
6465	111	0
6466	111	0
6467	111	0
6468	111	0
6469	111	0
6470	110	0
6471	110	0
6472	110	0
6473	110	0
6474	110	0
6475	110	0
6476	110	0
6477	110	0
6478	110	0
6479	110	0
6480	109	0
6481	109	0
6482	109	0
6483	109	0
6484	109	0
6485	109	0
6486	110	0
6487	109	0
6488	109	0
6489	109	0
6490	109	0
6491	109	0
6492	109	0
6493	109	0
6494	109	0
6495	108	0
6496	109	0
6497	109	0
6498	109	0
6499	109	0
6500	109	0
6501	109	0
6502	109	0
6503	109	0
6504	109	0
6505	108	0
6506	109	0
6507	109	0
6508	109	0
6509	109	0
6510	108	0
6511	108	0
6512	108	0
6513	107	0
6514	107	0
6515	106	0
6516	105	0
6517	105	0
6518	104	0
6519	104	0
6520	103	0
6521	103	0
6522	101	0
6523	102	0
6524	102	0
6525	101	0
6526	100	0
6527	99	0
6528	99	0
6529	99	0
6530	99	0
6531	99	0
6532	98	0
6533	97	0
6534	97	0
6535	97	0
6536	96	0
6537	95	0
6538	95	0
6539	95	0
6540	95	0
6541	94	0
6542	94	0
6543	94	0
6544	93	0
6545	93	0
6546	93	0
6547	93	0
6548	93	0
6549	93	0
6550	92	0
6551	91	0
6552	92	0
6553	91	0
6554	90	0
6555	91	0
6556	90	0
6557	91	0
6558	90	0
6559	90	0
6560	91	0
6561	90	0
6562	91	0
6563	91	0
6564	91	0
6565	91	0
6566	91	0
6567	91	0
6568	91	0
6569	91	0
6570	91	0
6571	91	0
6572	91	0
6573	90	0
6574	91	0
6575	90	0
6576	91	0
6577	91	0
6578	91	0
6579	91	0
6580	91	0
6581	91	0
6582	90	0
6583	91	0
6584	90	0
6585	91	0
6586	90	0
6587	90	0
6588	90	0
6589	91	0
6590	91	0
6591	90	0
6592	91	0
6593	91	0
6594	91	0
6595	90	0
6596	91	0
6597	91	0
6598	91	0
6599	91	0
6600	90	0
6601	91	0
6602	91	0
6603	91	0
6604	91	0
6605	91	0
6606	91	0
6607	90	0
6608	91	0
6609	91	0
6610	91	0
6611	91	0
6612	91	0
6613	91	0
6614	90	0
6615	90	0
6616	90	0
6617	91	0
6618	91	0
6619	91	0
6620	91	0
6621	91	0
6622	91	0
6623	90	0
6624	91	0
6625	90	0
6626	91	0
6627	90	0
6628	91	0
6629	91	0
6630	90	0
6631	91	0
6632	91	0
6633	91	0
6634	91	0
6635	91	0
6636	90	0
6637	90	0
6638	90	0
6639	91	0
6640	91	0
6641	91	0
6642	90	0
6643	91	0
6644	91	0
6645	90	0
6646	90	0
6647	90	0
6648	91	0
6649	91	0
6650	91	0
6651	91	0
6652	91	0
6653	91	0
6654	91	0
6655	91	0
6656	91	0
6657	91	0
6658	91	0
6659	91	0
6660	90	0
6661	90	0
6662	91	0
6663	91	0
6664	90	0
6665	90	0
6666	91	0
6667	90	0
6668	91	0
6669	91	0
6670	91	0
6671	91	0
6672	91	0
6673	91	0
6674	91	0
6675	91	0
6676	91	0
6677	91	0
6678	91	0
6679	90	0
6680	90	0
6681	90	0
6682	91	0
6683	90	0
6684	91	0
6685	90	0
6686	91	0
6687	91	0
6688	91	0
6689	91	0
6690	91	0
6691	89	0
6692	91	0
6693	90	0
6694	91	0
6695	91	0
6696	91	0
6697	91	0
6698	90	0
6699	90	0
6700	90	0
6701	90	0
6702	89	0
6703	91	0
6704	91	0
6705	91	0
6706	90	0
6707	90	0
6708	90	0
6709	90	0
6710	90	0
6711	91	0
6712	90	0
6713	91	0
6714	91	0
6715	91	0
6716	90	0
6717	91	0
6718	91	0
6719	91	0
6720	91	0
6721	90	0
6722	91	0
6723	90	0
6724	91	0
6725	91	0
6726	91	0
6727	91	0
6728	91	0
6729	90	0
6730	91	0
6731	91	0
6732	91	0
6733	91	0
6734	91	0
6735	91	0
6736	91	0
6737	91	0
6738	91	0
6739	90	0
6740	91	0
6741	91	0
6742	90	0
6743	91	0
6744	91	0
6745	91	0
6746	91	0
6747	91	0
6748	90	0
6749	91	0
6750	90	0
6751	90	0
6752	90	0
6753	91	0
6754	90	0
6755	91	0
6756	90	0
6757	90	0
6758	91	0
6759	91	0
6760	91	0
6761	91	0
6762	91	0
6763	91	0
6764	91	0
6765	90	0
6766	90	0
6767	91	0
6768	91	0
6769	91	0
6770	91	0
6771	91	0
6772	91	0
6773	90	0
6774	90	0
6775	91	0
6776	91	0
6777	91	0
6778	91	0
6779	90	0
6780	90	0
6781	91	0
6782	91	0
6783	91	0
6784	90	0
6785	91	0
6786	91	0
6787	91	0
6788	91	0
6789	91	0
6790	91	0
6791	91	0
6792	91	0
6793	91	0
6794	91	0
6795	91	0
6796	90	0
6797	90	0
6798	91	0
6799	90	0
6800	91	0
6801	91	0
6802	91	0
6803	91	0
6804	91	0
6805	90	0
6806	91	0
6807	90	0
6808	91	0
6809	91	0
6810	91	0
6811	90	0
6812	91	0
6813	91	0
6814	90	0
6815	91	0
6816	91	0
6817	90	0
6818	91	0
6819	91	0
6820	90	0
6821	91	0
6822	91	0
6823	91	0
6824	91	0
6825	91	0
6826	91	0
6827	91	0
6828	91	0
6829	91	0
6830	91	0
6831	91	0
6832	90	0
6833	91	0
6834	91	0
6835	91	0
6836	90	0
6837	91	0
6838	90	0
6839	91	0
6840	90	0
6841	91	0
6842	90	0
6843	91	0
6844	91	0
6845	91	0
6846	91	0
6847	91	0
6848	91	0
6849	91	0
6850	90	0
6851	91	0
6852	90	0
6853	91	0
6854	91	0
6855	90	0
6856	91	0
6857	90	0
6858	91	0
6859	90	0
6860	91	0
6861	91	0
6862	91	0
6863	91	0
6864	91	0
6865	91	0
6866	91	0
6867	91	0
6868	91	0
6869	90	0
6870	90	0
6871	91	0
6872	91	0
6873	91	0
6874	90	0
6875	91	0
6876	91	0
6877	90	0
6878	91	0
6879	90	0
6880	90	0
6881	91	0
6882	90	0
6883	91	0
6884	91	0
6885	91	0
6886	90	0
6887	91	0
6888	90	0
6889	91	0
6890	90	0
6891	91	0
6892	91	0
6893	89	0
6894	91	0
6895	90	0
6896	91	0
6897	91	0
6898	91	0
6899	91	0
6900	91	0
6901	91	0
6902	91	0
6903	90	0
6904	91	0
6905	90	0
6906	91	0
6907	91	0
6908	91	0
6909	90	0
6910	91	0
6911	91	0
6912	91	0
6913	91	0
6914	91	0
6915	91	0
6916	91	0
6917	91	0
6918	91	0
6919	91	0
6920	90	0
6921	91	0
6922	91	0
6923	90	0
6924	90	0
6925	91	0
6926	91	0
6927	91	0
6928	91	0
6929	91	0
6930	91	0
6931	91	0
6932	91	0
6933	91	0
6934	91	0
6935	90	0
6936	90	0
6937	91	0
6938	91	0
6939	91	0
6940	91	0
6941	91	0
6942	91	0
6943	90	0
6944	91	0
6945	90	0
6946	91	0
6947	91	0
6948	91	0
6949	90	0
6950	91	0
6951	91	0
6952	91	0
6953	91	0
6954	90	0
6955	91	0
6956	91	0
6957	90	0
6958	91	0
6959	91	0
6960	91	0
6961	91	0
6962	91	0
6963	91	0
6964	90	0
6965	91	0
6966	91	0
6967	90	0
6968	90	0
6969	90	0
6970	91	0
6971	91	0
6972	91	0
6973	91	0
6974	91	0
6975	91	0
6976	90	0
6977	90	0
6978	90	0
6979	90	0
6980	90	0
6981	90	0
6982	90	0
6983	91	0
6984	91	0
6985	91	0
6986	91	0
6987	90	0
6988	91	0
6989	91	0
6990	91	0
6991	91	0
6992	90	0
6993	91	0
6994	90	0
6995	91	0
6996	91	0
6997	91	0
6998	91	0
6999	91	0
7000	90	0
7001	91	0
7002	89	0
7003	90	0
7004	91	0
7005	91	0
7006	91	0
7007	91	0
7008	91	0
7009	91	0
7010	91	0
7011	90	0
7012	91	0
7013	91	0
7014	91	0
7015	91	0
7016	90	0
7017	90	0
7018	91	0
7019	91	0
7020	91	0
7021	91	0
7022	91	0
7023	90	0
7024	91	0
7025	90	0
7026	91	0
7027	91	0
7028	91	0
7029	91	0
7030	90	0
7031	91	0
7032	90	0
7033	90	0
7034	91	0
7035	90	0
7036	91	0
7037	91	0
7038	91	0
7039	91	0
7040	91	0
7041	91	0
7042	91	0
7043	91	0
7044	90	0
7045	90	0
7046	90	0
7047	91	0
7048	91	0
7049	90	0
7050	91	0
7051	91	0
7052	91	0
7053	91	0
7054	91	0
7055	90	0
7056	90	0
7057	91	0
7058	91	0
7059	91	0
7060	91	0
7061	90	0
7062	91	0
7063	90	0
7064	90	0
7065	91	0
7066	91	0
7067	91	0
7068	91	0
7069	91	0
7070	91	0
7071	91	0
7072	90	0
7073	91	0
7074	91	0
7075	90	0
7076	90	0
7077	91	0
7078	90	0
7079	90	0
7080	91	0
7081	90	0
7082	91	0
7083	91	0
7084	91	0
7085	91	0
7086	91	0
7087	90	0
7088	91	0
7089	90	0
7090	90	0
7091	90	0
7092	91	0
7093	90	0
7094	91	0
7095	90	0
7096	90	0
7097	90	0
7098	91	0
7099	90	0
7100	91	0
7101	91	0
7102	91	0
7103	90	0
7104	91	0
7105	90	0
7106	91	0
7107	91	0
7108	91	0
7109	90	0
7110	90	0
7111	91	0
7112	90	0
7113	90	0
7114	91	0
7115	91	0
7116	90	0
7117	90	0
7118	90	0
7119	90	0
7120	91	0
7121	91	0
7122	91	0
7123	90	0
7124	91	0
7125	90	0
7126	91	0
7127	91	0
7128	90	0
7129	90	0
7130	91	0
7131	91	0
7132	91	0
7133	91	0
7134	90	0
7135	91	0
7136	91	0
7137	90	0
7138	90	0
7139	90	0
7140	90	0
7141	91	0
7142	90	0
7143	91	0
7144	90	0
7145	91	0
7146	90	0
7147	91	0
7148	91	0
7149	91	0
7150	90	0
7151	91	0
7152	91	0
7153	91	0
7154	91	0
7155	90	0
7156	91	0
7157	91	0
7158	91	0
7159	91	0
7160	91	0
7161	90	0
7162	90	0
7163	91	0
7164	91	0
7165	91	0
7166	91	0
7167	91	0
7168	90	0
7169	90	0
7170	90	0
7171	91	0
7172	91	0
7173	91	0
7174	91	0
7175	90	0
7176	91	0
7177	91	0
7178	91	0
7179	90	0
7180	91	0
7181	91	0
7182	91	0
7183	90	0
7184	91	0
7185	91	0
7186	91	0
7187	90	0
7188	90	0
7189	91	0
7190	91	0
7191	91	0
7192	91	0
7193	90	0
7194	90	0
7195	90	0
7196	90	0
7197	91	0
7198	91	0
7199	91	0
7200	90	0
7201	91	0
7202	91	0
7203	90	0
7204	91	0
7205	91	0
7206	91	0
7207	91	0
7208	91	0
7209	91	0
7210	91	0
7211	91	0
7212	90	0
7213	90	0
7214	90	0
7215	90	0
7216	91	0
7217	90	0
7218	91	0
7219	90	0
7220	91	0
7221	90	0
7222	90	0
7223	91	0
7224	91	0
7225	91	0
7226	90	0
7227	90	0
7228	90	0
7229	91	0
7230	91	0
7231	91	0
7232	91	0
7233	90	0
7234	90	0
7235	91	0
7236	90	0
7237	91	0
7238	91	0
7239	91	0
7240	91	0
7241	91	0
7242	91	0
7243	91	0
7244	91	0
7245	91	0
7246	90	0
7247	91	0
7248	91	0
7249	91	0
7250	91	0
7251	91	0
7252	91	0
7253	90	0
7254	91	0
7255	91	0
7256	91	0
7257	90	0
7258	90	0
7259	91	0
7260	90	0
7261	91	0
7262	91	0
7263	91	0
7264	90	0
7265	91	0
7266	90	0
7267	91	0
7268	91	0
7269	91	0
7270	91	0
7271	91	0
7272	91	0
7273	91	0
7274	91	0
7275	91	0
7276	90	0
7277	91	0
7278	90	0
7279	91	0
7280	91	0
7281	91	0
7282	90	0
7283	91	0
7284	90	0
7285	91	0
7286	91	0
7287	91	0
7288	91	0
7289	91	0
7290	91	0
7291	91	0
7292	90	0
7293	91	0
7294	90	0
7295	91	0
7296	89	0
7297	91	0
7298	91	0
7299	90	0
7300	91	0
7301	90	0
7302	90	0
7303	91	0
7304	90	0
7305	91	0
7306	90	0
7307	89	0
7308	91	0
7309	91	0
7310	90	0
7311	91	0
7312	90	0
7313	90	0
7314	90	0
7315	91	0
7316	91	0
7317	90	0
7318	91	0
7319	91	0
7320	91	0
7321	91	0
7322	91	0
7323	90	0
7324	91	0
7325	91	0
7326	91	0
7327	91	0
7328	90	0
7329	90	0
7330	91	0
7331	91	0
7332	91	0
7333	91	0
7334	90	0
7335	91	0
7336	91	0
7337	91	0
7338	91	0
7339	91	0
7340	91	0
7341	90	0
7342	91	0
7343	91	0
7344	91	0
7345	91	0
7346	91	0
7347	90	0
7348	91	0
7349	91	0
7350	90	0
7351	91	0
7352	90	0
7353	91	0
7354	91	0
7355	91	0
7356	91	0
7357	91	0
7358	90	0
7359	91	0
7360	91	0
7361	91	0
7362	91	0
7363	91	0
7364	91	0
7365	91	0
7366	90	0
7367	91	0
7368	91	0
7369	91	0
7370	90	0
7371	91	0
7372	91	0
7373	91	0
7374	91	0
7375	91	0
7376	91	0
7377	91	0
7378	91	0
7379	91	0
7380	91	0
7381	91	0
7382	90	0
7383	91	0
7384	91	0
7385	90	0
7386	91	0
7387	90	0
7388	91	0
7389	91	0
7390	90	0
7391	90	0
7392	90	0
7393	91	0
7394	90	0
7395	90	0
7396	91	0
7397	90	0
7398	91	0
7399	90	0
7400	91	0
7401	91	0
7402	90	0
7403	91	0
7404	91	0
7405	91	0
7406	91	0
7407	91	0
7408	91	0
7409	90	0
7410	90	0
7411	91	0
7412	90	0
7413	91	0
7414	90	0
7415	90	0
7416	90	0
7417	91	0
7418	91	0
7419	91	0
7420	90	0
7421	91	0
7422	89	0
7423	90	0
7424	90	0
7425	91	0
7426	91	0
7427	91	0
7428	91	0
7429	90	0
7430	90	0
7431	91	0
7432	90	0
7433	90	0
7434	91	0
7435	91	0
7436	91	0
7437	91	0
7438	91	0
7439	91	0
7440	91	0
7441	91	0
7442	91	0
7443	90	0
7444	91	0
7445	91	0
7446	91	0
7447	90	0
7448	91	0
7449	90	0
7450	91	0
7451	91	0
7452	90	0
7453	90	0
7454	90	0
7455	91	0
7456	90	0
7457	91	0
7458	90	0
7459	91	0
7460	91	0
7461	90	0
7462	91	0
7463	91	0
7464	90	0
7465	90	0
7466	90	0
7467	91	0
7468	90	0
7469	90	0
7470	91	0
7471	91	0
7472	91	0
7473	90	0
7474	91	0
7475	91	0
7476	90	0
7477	91	0
7478	91	0
7479	90	0
7480	91	0
7481	90	0
7482	91	0
7483	91	0
7484	91	0
7485	91	0
7486	91	0
7487	90	0
7488	90	0
7489	91	0
7490	91	0
7491	91	0
7492	93	0
7493	93	0
7494	93	0
7495	93	0
7496	93	0
7497	94	0
7498	95	0
7499	94	0
7500	95	0
7501	95	0
7502	95	0
7503	96	0
7504	97	0
7505	97	0
7506	98	0
7507	99	0
7508	99	0
7509	99	0
7510	100	0
7511	101	0
7512	101	0
7513	101	0
7514	102	0
7515	102	0
7516	103	0
7517	103	0
7518	105	0
7519	105	0
7520	105	0
7521	105	0
7522	107	0
7523	107	0
7524	107	0
7525	108	0
7526	109	0
7527	109	0
7528	109	0
7529	109	0
7530	109	0
7531	109	0
7532	109	0
7533	110	0
7534	111	0
7535	111	0
7536	112	0
7537	111	0
7538	113	0
7539	113	0
7540	113	0
7541	113	0
7542	114	0
7543	114	0
7544	113	0
7545	115	0
7546	115	0
7547	116	0
7548	116	0
7549	117	0
7550	117	0
7551	118	0
7552	118	0
7553	118	0
7554	119	0
7555	119	0
7556	120	0
7557	120	0
7558	120	0
7559	121	0
7560	121	0
7561	121	0
7562	121	0
7563	121	0
7564	122	0
7565	121	0
7566	122	0
7567	122	0
7568	122	0
7569	123	0
7570	123	0
7571	125	0
7572	125	0
7573	125	0
7574	125	0
7575	126	0
7576	127	0
7577	127	0
7578	127	0
7579	127	0
7580	128	0
7581	128	0
7582	129	0
7583	129	0
7584	129	0
7585	129	0
7586	131	0
7587	131	0
7588	132	0
7589	133	0
7590	132	0
7591	133	0
7592	134	0
7593	134	0
7594	135	0
7595	135	0
7596	136	0
7597	137	0
7598	137	0
7599	137	0
7600	137	0
7601	138	0
7602	139	0
7603	139	0
7604	139	0
7605	141	0
7606	141	0
7607	141	0
7608	142	0
7609	143	0
7610	143	0
7611	144	0
7612	144	0
7613	145	0
7614	145	0
7615	146	0
7616	146	0
7617	147	0
7618	148	0
7619	149	0
7620	150	0
7621	151	0
7622	152	0
7623	153	0
7624	153	0
7625	153	0
7626	154	0
7627	154	0
7628	155	0
7629	156	0
7630	157	0
7631	157	0
7632	159	0
7633	159	0
7634	159	0
7635	160	0
7636	160	0
7637	161	0
7638	161	0
7639	161	0
7640	162	0
7641	163	0
7642	163	0
7643	164	0
7644	166	0
7645	167	0
7646	167	0
7647	167	0
7648	169	0
7649	169	0
7650	169	0
7651	171	0
7652	171	0
7653	171	0
7654	172	0
7655	171	0
7656	172	0
7657	171	0
7658	172	0
7659	171	0
7660	171	0
7661	172	0
7662	172	0
7663	172	0
7664	171	0
7665	172	0
7666	171	0
7667	171	0
7668	172	0
7669	172	0
7670	171	0
7671	171	0
7672	172	0
7673	172	0
7674	171	0
7675	172	0
7676	171	0
7677	171	0
7678	171	0
7679	171	0
7680	171	0
7681	171	0
7682	172	0
7683	172	0
7684	171	0
7685	171	0
7686	171	0
7687	172	0
7688	172	0
7689	173	0
7690	172	0
7691	172	0
7692	172	0
7693	172	0
7694	171	0
7695	172	0
7696	172	0
7697	172	0
7698	173	0
7699	172	0
7700	171	0
7701	171	0
7702	171	0
7703	171	0
7704	171	0
7705	172	0
7706	172	0
7707	172	0
7708	172	0
7709	172	0
7710	172	0
7711	172	0
7712	172	0
7713	172	0
7714	172	0
7715	172	0
7716	172	0
7717	172	0
7718	171	0
7719	172	0
7720	172	0
7721	171	0
7722	171	0
7723	172	0
7724	172	0
7725	173	0
7726	172	0
7727	172	0
7728	171	0
7729	172	0
7730	172	0
7731	173	0
7732	172	0
7733	172	0
7734	172	0
7735	171	0
7736	172	0
7737	172	0
7738	171	0
7739	171	0
7740	171	0
7741	171	0
7742	171	0
7743	172	0
7744	172	0
7745	172	0
7746	171	0
7747	172	0
7748	171	0
7749	171	0
7750	172	0
7751	171	0
7752	172	0
7753	171	0
7754	171	0
7755	171	0
7756	172	0
7757	171	0
7758	173	0
7759	172	0
7760	172	0
7761	172	0
7762	173	0
7763	172	0
7764	171	0
7765	172	0
7766	171	0
7767	171	0
7768	172	0
7769	171	0
7770	171	0
7771	173	0
7772	172	0
7773	172	0
7774	172	0
7775	171	0
7776	171	0
7777	172	0
7778	172	0
7779	171	0
7780	172	0
7781	172	0
7782	172	0
7783	173	0
7784	172	0
7785	171	0
7786	172	0
7787	172	0
7788	172	0
7789	171	0
7790	171	0
7791	172	0
7792	172	0
7793	171	0
7794	172	0
7795	173	0
7796	171	0
7797	172	0
7798	171	0
7799	172	0
7800	172	0
7801	171	0
7802	171	0
7803	172	0
7804	172	0
7805	171	0
7806	172	0
7807	171	0
7808	172	0
7809	172	0
7810	172	0
7811	172	0
7812	171	0
7813	172	0
7814	172	0
7815	172	0
7816	173	0
7817	172	0
7818	172	0
7819	172	0
7820	171	0
7821	171	0
7822	172	0
7823	172	0
7824	172	0
7825	172	0
7826	171	0
7827	172	0
7828	172	0
7829	172	0
7830	172	0
7831	171	0
7832	172	0
7833	172	0
7834	172	0
7835	172	0
7836	172	0
7837	171	0
7838	171	0
7839	171	0
7840	171	0
7841	172	0
7842	172	0
7843	172	0
7844	172	0
7845	172	0
7846	172	0
7847	172	0
7848	172	0
7849	172	0
7850	172	0
7851	172	0
7852	173	0
7853	171	0
7854	172	0
7855	171	0
7856	172	0
7857	172	0
7858	171	0
7859	172	0
7860	171	0
7861	171	0
7862	173	0
7863	171	0
7864	171	0
7865	172	0
7866	172	0
7867	171	0
7868	171	0
7869	171	0
7870	171	0
7871	173	0
7872	171	0
7873	172	0
7874	172	0
7875	171	0
7876	172	0
7877	171	0
7878	172	0
7879	172	0
7880	172	0
7881	171	0
7882	172	0
7883	171	0
7884	171	0
7885	172	0
7886	171	0
7887	172	0
7888	171	0
7889	172	0
7890	171	0
7891	172	0
7892	172	0
7893	171	0
7894	172	0
7895	173	0
7896	171	0
7897	171	0
7898	171	0
7899	172	0
7900	171	0
7901	171	0
7902	171	0
7903	170	0
7904	169	0
7905	169	0
7906	169	0
7907	169	0
7908	168	0
7909	169	0
7910	167	0
7911	166	0
7912	166	0
7913	166	0
7914	165	0
7915	165	0
7916	163	0
7917	163	0
7918	163	0
7919	162	0
7920	162	0
7921	161	0
7922	161	0
7923	160	0
7924	161	0
7925	161	0
7926	161	0
7927	160	0
7928	159	0
7929	160	0
7930	159	0
7931	159	0
7932	158	0
7933	157	0
7934	157	0
7935	156	0
7936	155	0
7937	155	0
7938	155	0
7939	155	0
7940	154	0
7941	154	0
7942	154	0
7943	154	0
7944	153	0
7945	153	0
7946	153	0
7947	153	0
7948	152	0
7949	152	0
7950	151	0
7951	150	0
7952	150	0
7953	149	0
7954	149	0
7955	148	0
7956	147	0
7957	148	0
7958	147	0
7959	147	0
7960	147	0
7961	147	0
7962	147	0
7963	147	0
7964	145	0
7965	145	0
7966	145	0
7967	145	0
7968	145	0
7969	145	0
7970	144	0
7971	144	0
7972	144	0
7973	143	0
7974	143	0
7975	143	0
7976	143	0
7977	143	0
7978	143	0
7979	143	0
7980	143	0
7981	143	0
7982	141	0
7983	142	0
7984	141	0
7985	142	0
7986	141	0
7987	141	0
7988	141	0
7989	141	0
7990	141	0
7991	141	0
7992	141	0
7993	141	0
7994	140	0
7995	139	0
7996	139	0
7997	138	0
7998	139	0
7999	138	0
