Oscilloscope data. 
Time step = 1,250 mS
Voltage step = 31,25 mV
Zero level = 90

N 	Smpl.	Trig

0	171	0
1	171	0
2	172	0
3	171	0
4	172	0
5	171	0
6	171	0
7	172	0
8	171	0
9	171	0
10	171	0
11	172	0
12	171	0
13	172	0
14	173	0
15	172	0
16	171	0
17	172	0
18	172	0
19	172	0
20	171	0
21	171	0
22	171	0
23	172	0
24	171	0
25	171	0
26	171	0
27	171	0
28	171	0
29	172	0
30	172	0
31	172	0
32	171	0
33	172	0
34	171	0
35	171	0
36	171	0
37	172	0
38	172	0
39	172	0
40	172	0
41	171	0
42	171	0
43	172	0
44	172	0
45	171	0
46	171	0
47	172	0
48	171	0
49	173	0
50	172	0
51	172	0
52	172	0
53	171	0
54	172	0
55	171	0
56	171	0
57	171	0
58	173	0
59	171	0
60	172	0
61	171	0
62	171	0
63	171	0
64	172	0
65	172	0
66	171	0
67	171	0
68	171	0
69	171	0
70	171	0
71	172	0
72	171	0
73	172	0
74	171	0
75	172	0
76	172	0
77	172	0
78	172	0
79	171	0
80	171	0
81	171	0
82	173	0
83	171	0
84	171	0
85	172	0
86	171	0
87	172	0
88	171	0
89	172	0
90	172	0
91	172	0
92	172	0
93	172	0
94	172	0
95	171	0
96	171	0
97	171	0
98	171	0
99	171	0
100	172	0
101	171	0
102	171	0
103	172	0
104	172	0
105	172	0
106	172	0
107	172	0
108	171	0
109	171	0
110	172	0
111	171	0
112	172	0
113	171	0
114	171	0
115	172	0
116	171	0
117	172	0
118	171	0
119	172	0
120	172	0
121	171	0
122	172	0
123	171	0
124	172	0
125	172	0
126	172	0
127	172	0
128	173	0
129	172	0
130	172	0
131	171	0
132	172	0
133	171	0
134	171	0
135	173	0
136	172	0
137	171	0
138	171	0
139	172	0
140	171	0
141	172	0
142	172	0
143	172	0
144	172	0
145	171	0
146	172	0
147	171	0
148	171	0
149	171	0
150	173	0
151	171	0
152	172	0
153	171	0
154	171	0
155	171	0
156	172	0
157	171	0
158	172	0
159	171	0
160	172	0
161	172	0
162	171	0
163	172	0
164	172	0
165	171	0
166	172	0
167	171	0
168	172	0
169	171	0
170	173	0
171	171	0
172	171	0
173	171	0
174	171	0
175	171	0
176	172	0
177	172	0
178	171	0
179	171	0
180	172	0
181	172	0
182	171	0
183	172	0
184	172	0
185	173	0
186	171	0
187	172	0
188	171	0
189	172	0
190	172	0
191	171	0
192	172	0
193	171	0
194	172	0
195	171	0
196	171	0
197	172	0
198	171	0
199	172	0
200	171	0
201	172	0
202	171	0
203	172	0
204	172	0
205	171	0
206	172	0
207	171	0
208	173	0
209	171	0
210	171	0
211	172	0
212	171	0
213	171	0
214	172	0
215	172	0
216	171	0
217	172	0
218	171	0
219	172	0
220	171	0
221	171	0
222	171	0
223	172	0
224	172	0
225	172	0
226	172	0
227	172	0
228	172	0
229	172	0
230	172	0
231	171	0
232	172	0
233	172	0
234	172	0
235	171	0
236	172	0
237	171	0
238	172	0
239	171	0
240	172	0
241	171	0
242	172	0
243	172	0
244	171	0
245	171	0
246	171	0
247	172	0
248	171	0
249	172	0
250	172	0
251	171	0
252	171	0
253	171	0
254	172	0
255	171	0
256	171	0
257	171	0
258	172	0
259	171	0
260	171	0
261	172	0
262	172	0
263	171	0
264	171	0
265	172	0
266	171	0
267	173	0
268	171	0
269	171	0
270	171	0
271	172	0
272	172	0
273	171	0
274	172	0
275	172	0
276	171	0
277	172	0
278	173	0
279	171	0
280	171	0
281	172	0
282	172	0
283	171	0
284	172	0
285	172	0
286	172	0
287	171	0
288	171	0
289	172	0
290	171	0
291	171	0
292	172	0
293	173	0
294	172	0
295	172	0
296	172	0
297	172	0
298	171	0
299	172	0
300	172	0
301	172	0
302	171	0
303	171	0
304	172	0
305	172	0
306	172	0
307	171	0
308	172	0
309	172	0
310	171	0
311	173	0
312	171	0
313	172	0
314	172	0
315	171	0
316	172	0
317	173	0
318	171	0
319	173	0
320	171	0
321	173	0
322	172	0
323	171	0
324	173	0
325	172	0
326	171	0
327	171	0
328	172	0
329	171	0
330	172	0
331	172	0
332	171	0
333	171	0
334	172	0
335	171	0
336	171	0
337	171	0
338	171	0
339	172	0
340	172	0
341	172	0
342	172	0
343	172	0
344	171	0
345	171	0
346	171	0
347	172	0
348	171	0
349	172	0
350	171	0
351	172	0
352	171	0
353	172	0
354	171	0
355	173	0
356	171	0
357	171	0
358	172	0
359	171	0
360	171	0
361	172	0
362	172	0
363	172	0
364	172	0
365	173	0
366	172	0
367	172	0
368	172	0
369	172	0
370	172	0
371	172	0
372	171	0
373	172	0
374	172	0
375	172	0
376	171	0
377	172	0
378	172	0
379	171	0
380	172	0
381	173	0
382	171	0
383	171	0
384	171	0
385	171	0
386	171	0
387	172	0
388	171	0
389	172	0
390	171	0
391	172	0
392	171	0
393	172	0
394	172	0
395	171	0
396	171	0
397	172	0
398	171	0
399	172	0
400	172	0
401	171	0
402	172	0
403	171	0
404	171	0
405	172	0
406	173	0
407	172	0
408	172	0
409	172	0
410	172	0
411	171	0
412	172	0
413	172	0
414	172	0
415	171	0
416	172	0
417	172	0
418	172	0
419	171	0
420	172	0
421	172	0
422	172	0
423	172	0
424	172	0
425	171	0
426	171	0
427	171	0
428	171	0
429	171	0
430	171	0
431	172	0
432	172	0
433	171	0
434	171	0
435	172	0
436	171	0
437	173	0
438	171	0
439	172	0
440	171	0
441	172	0
442	172	0
443	172	0
444	171	0
445	171	0
446	172	0
447	172	0
448	172	0
449	172	0
450	171	0
451	171	0
452	171	0
453	171	0
454	172	0
455	172	0
456	171	0
457	173	0
458	173	0
459	172	0
460	172	0
461	173	0
462	171	0
463	171	0
464	173	0
465	172	0
466	172	0
467	172	0
468	171	0
469	172	0
470	171	0
471	171	0
472	172	0
473	171	0
474	171	0
475	172	0
476	171	0
477	172	0
478	173	0
479	172	0
480	172	0
481	171	0
482	172	0
483	171	0
484	172	0
485	171	0
486	172	0
487	172	0
488	172	0
489	172	0
490	171	0
491	172	0
492	172	0
493	172	0
494	172	0
495	172	0
496	171	0
497	171	0
498	172	0
499	172	0
500	171	0
501	171	0
502	173	0
503	172	0
504	172	0
505	172	0
506	172	0
507	172	0
508	171	0
509	172	0
510	171	0
511	171	0
512	171	0
513	171	0
514	172	0
515	172	0
516	171	0
517	171	0
518	172	0
519	172	0
520	171	0
521	171	0
522	171	0
523	171	0
524	171	0
525	171	0
526	172	0
527	171	0
528	171	0
529	172	0
530	172	0
531	171	0
532	171	0
533	172	0
534	172	0
535	171	0
536	172	0
537	171	0
538	172	0
539	171	0
540	173	0
541	172	0
542	172	0
543	171	0
544	172	0
545	171	0
546	171	0
547	172	0
548	172	0
549	171	0
550	171	0
551	173	0
552	172	0
553	172	0
554	172	0
555	171	0
556	173	0
557	172	0
558	172	0
559	172	0
560	172	0
561	171	0
562	171	0
563	171	0
564	173	0
565	172	0
566	171	0
567	171	0
568	172	0
569	171	0
570	172	0
571	172	0
572	171	0
573	171	0
574	171	0
575	171	0
576	172	0
577	171	0
578	171	0
579	172	0
580	171	0
581	172	0
582	172	0
583	171	0
584	171	0
585	172	0
586	172	0
587	172	0
588	172	0
589	171	0
590	171	0
591	172	0
592	171	0
593	172	0
594	171	0
595	171	0
596	171	0
597	171	0
598	172	0
599	172	0
600	171	0
601	172	0
602	171	0
603	171	0
604	172	0
605	171	0
606	171	0
607	172	0
608	171	0
609	172	0
610	171	0
611	171	0
612	172	0
613	171	0
614	173	0
615	172	0
616	171	0
617	171	0
618	171	0
619	171	0
620	171	0
621	173	0
622	171	0
623	171	0
624	171	0
625	171	0
626	171	0
627	171	0
628	171	0
629	172	0
630	171	0
631	172	0
632	172	0
633	172	0
634	172	0
635	173	0
636	171	0
637	172	0
638	172	0
639	172	0
640	172	0
641	172	0
642	172	0
643	171	0
644	171	0
645	172	0
646	171	0
647	172	0
648	171	0
649	172	0
650	172	0
651	172	0
652	171	0
653	171	0
654	171	0
655	171	0
656	172	0
657	172	0
658	172	0
659	172	0
660	172	0
661	172	0
662	172	0
663	172	0
664	172	0
665	171	0
666	172	0
667	172	0
668	172	0
669	171	0
670	172	0
671	172	0
672	171	0
673	172	0
674	173	0
675	171	0
676	171	0
677	171	0
678	172	0
679	172	0
680	172	0
681	172	0
682	173	0
683	172	0
684	171	0
685	173	0
686	172	0
687	171	0
688	171	0
689	172	0
690	171	0
691	172	0
692	172	0
693	172	0
694	171	0
695	171	0
696	172	0
697	171	0
698	172	0
699	172	0
700	171	0
701	171	0
702	172	0
703	172	0
704	171	0
705	171	0
706	171	0
707	171	0
708	171	0
709	172	0
710	171	0
711	172	0
712	173	0
713	172	0
714	171	0
715	171	0
716	173	0
717	171	0
718	171	0
719	172	0
720	172	0
721	172	0
722	172	0
723	171	0
724	171	0
725	172	0
726	172	0
727	171	0
728	172	0
729	171	0
730	173	0
731	171	0
732	172	0
733	171	0
734	171	0
735	172	0
736	172	0
737	171	0
738	172	0
739	172	0
740	171	0
741	171	0
742	171	0
743	171	0
744	172	0
745	172	0
746	171	0
747	173	0
748	172	0
749	171	0
750	172	0
751	171	0
752	172	0
753	171	0
754	173	0
755	172	0
756	172	0
757	171	0
758	172	0
759	172	0
760	172	0
761	171	0
762	172	0
763	171	0
764	171	0
765	172	0
766	171	0
767	172	0
768	173	0
769	171	0
770	171	0
771	172	0
772	172	0
773	171	0
774	171	0
775	173	0
776	172	0
777	171	0
778	171	0
779	173	0
780	172	0
781	171	0
782	171	0
783	172	0
784	171	0
785	172	0
786	171	0
787	172	0
788	173	0
789	172	0
790	171	0
791	171	0
792	172	0
793	172	0
794	173	0
795	172	0
796	172	0
797	171	0
798	172	0
799	172	0
800	172	0
801	172	0
802	172	0
803	171	0
804	171	0
805	171	0
806	172	0
807	171	0
808	172	0
809	171	0
810	171	0
811	173	0
812	172	0
813	172	0
814	172	0
815	173	0
816	171	0
817	172	0
818	172	0
819	171	0
820	172	0
821	171	0
822	171	0
823	173	0
824	171	0
825	171	0
826	172	0
827	173	0
828	172	0
829	172	0
830	171	0
831	171	0
832	172	0
833	172	0
834	171	0
835	171	0
836	172	0
837	171	0
838	171	0
839	171	0
840	172	0
841	171	0
842	171	0
843	172	0
844	172	0
845	172	0
846	172	0
847	171	0
848	172	0
849	172	0
850	172	0
851	171	0
852	171	0
853	172	0
854	171	0
855	171	0
856	171	0
857	170	0
858	170	0
859	169	0
860	169	0
861	168	0
862	169	0
863	168	0
864	167	0
865	167	0
866	167	0
867	167	0
868	165	0
869	165	0
870	164	0
871	164	0
872	163	0
873	163	0
874	163	0
875	162	0
876	162	0
877	161	0
878	161	0
879	161	0
880	161	0
881	161	0
882	161	0
883	159	0
884	160	0
885	161	0
886	159	0
887	160	0
888	158	0
889	158	0
890	157	0
891	156	0
892	156	0
893	155	0
894	154	0
895	154	0
896	155	0
897	154	0
898	154	0
899	153	0
900	153	0
901	151	0
902	151	0
903	149	0
904	149	0
905	147	0
906	147	0
907	145	0
908	145	0
909	145	0
910	144	0
911	143	0
912	143	0
913	142	0
914	141	0
915	141	0
916	140	0
917	139	0
918	137	0
919	137	0
920	136	0
921	135	0
922	134	0
923	134	0
924	133	0
925	132	0
926	131	0
927	129	0
928	129	0
929	129	0
930	128	0
931	126	0
932	125	0
933	123	0
934	122	0
935	121	0
936	119	0
937	119	0
938	117	0
939	115	0
940	115	0
941	113	0
942	111	0
943	110	0
944	109	0
945	108	0
946	106	0
947	103	0
948	102	0
949	101	0
950	100	0
951	97	0
952	95	0
953	94	0
954	93	0
955	91	0
956	91	0
957	91	0
958	91	0
959	91	0
960	91	0
961	91	0
962	91	0
963	90	0
964	90	0
965	91	0
966	91	0
967	91	0
968	91	0
969	90	0
970	91	0
971	91	0
972	91	0
973	90	0
974	91	0
975	90	0
976	91	0
977	90	0
978	91	0
979	90	0
980	91	0
981	91	0
982	90	0
983	89	0
984	91	0
985	91	0
986	90	0
987	90	0
988	91	0
989	91	0
990	91	0
991	91	0
992	91	0
993	91	0
994	91	0
995	91	0
996	91	0
997	90	0
998	91	0
999	91	0
1000	91	0
1001	91	0
1002	91	0
1003	90	0
1004	91	0
1005	90	0
1006	91	0
1007	90	0
1008	91	0
1009	91	0
1010	91	0
1011	90	0
1012	91	0
1013	91	0
1014	90	0
1015	90	0
1016	90	0
1017	91	0
1018	90	0
1019	91	0
1020	90	0
1021	90	0
1022	91	0
1023	91	0
1024	91	0
1025	90	0
1026	91	0
1027	91	0
1028	91	0
1029	90	0
1030	90	0
1031	90	0
1032	91	0
1033	91	0
1034	91	0
1035	91	0
1036	91	0
1037	90	0
1038	90	0
1039	91	0
1040	91	0
1041	90	0
1042	91	0
1043	91	0
1044	90	0
1045	91	0
1046	90	0
1047	90	0
1048	91	0
1049	90	0
1050	91	0
1051	90	0
1052	91	0
1053	90	0
1054	91	0
1055	91	0
1056	90	0
1057	91	0
1058	90	0
1059	91	0
1060	91	0
1061	91	0
1062	91	0
1063	90	0
1064	90	0
1065	91	0
1066	90	0
1067	91	0
1068	91	0
1069	91	0
1070	91	0
1071	91	0
1072	91	0
1073	91	0
1074	91	0
1075	91	0
1076	91	0
1077	90	0
1078	91	0
1079	91	0
1080	90	0
1081	91	0
1082	90	0
1083	91	0
1084	91	0
1085	90	0
1086	90	0
1087	91	0
1088	91	0
1089	91	0
1090	91	0
1091	90	0
1092	91	0
1093	91	0
1094	91	0
1095	91	0
1096	91	0
1097	90	0
1098	90	0
1099	91	0
1100	91	0
1101	90	0
1102	91	0
1103	90	0
1104	91	0
1105	91	0
1106	90	0
1107	91	0
1108	91	0
1109	91	0
1110	91	0
1111	91	0
1112	90	0
1113	91	0
1114	90	0
1115	91	0
1116	90	0
1117	91	0
1118	91	0
1119	91	0
1120	91	0
1121	90	0
1122	90	0
1123	91	0
1124	90	0
1125	91	0
1126	90	0
1127	90	0
1128	91	0
1129	90	0
1130	91	0
1131	91	0
1132	91	0
1133	90	0
1134	91	0
1135	90	0
1136	90	0
1137	91	0
1138	91	0
1139	91	0
1140	91	0
1141	90	0
1142	91	0
1143	90	0
1144	91	0
1145	91	0
1146	91	0
1147	91	0
1148	91	0
1149	90	0
1150	91	0
1151	91	0
1152	90	0
1153	91	0
1154	90	0
1155	91	0
1156	91	0
1157	91	0
1158	91	0
1159	90	0
1160	90	0
1161	91	0
1162	90	0
1163	91	0
1164	91	0
1165	91	0
1166	91	0
1167	91	0
1168	91	0
1169	90	0
1170	91	0
1171	91	0
1172	91	0
1173	90	0
1174	91	0
1175	91	0
1176	90	0
1177	91	0
1178	91	0
1179	90	0
1180	91	0
1181	90	0
1182	91	0
1183	91	0
1184	91	0
1185	91	0
1186	90	0
1187	91	0
1188	90	0
1189	91	0
1190	91	0
1191	91	0
1192	91	0
1193	91	0
1194	91	0
1195	90	0
1196	91	0
1197	90	0
1198	91	0
1199	91	0
1200	91	0
1201	91	0
1202	91	0
1203	91	0
1204	90	0
1205	90	0
1206	91	0
1207	90	0
1208	91	0
1209	90	0
1210	91	0
1211	90	0
1212	91	0
1213	91	0
1214	91	0
1215	90	0
1216	91	0
1217	91	0
1218	91	0
1219	91	0
1220	90	0
1221	91	0
1222	91	0
1223	90	0
1224	90	0
1225	91	0
1226	91	0
1227	91	0
1228	91	0
1229	89	0
1230	91	0
1231	90	0
1232	91	0
1233	90	0
1234	91	0
1235	90	0
1236	91	0
1237	90	0
1238	90	0
1239	90	0
1240	91	0
1241	90	0
1242	91	0
1243	91	0
1244	90	0
1245	91	0
1246	91	0
1247	91	0
1248	90	0
1249	91	0
1250	90	0
1251	91	0
1252	91	0
1253	90	0
1254	91	0
1255	91	0
1256	90	0
1257	91	0
1258	91	0
1259	90	0
1260	91	0
1261	91	0
1262	90	0
1263	91	0
1264	91	0
1265	91	0
1266	91	0
1267	91	0
1268	91	0
1269	91	0
1270	91	0
1271	91	0
1272	91	0
1273	90	0
1274	93	0
1275	96	0
1276	99	0
1277	101	0
1278	105	0
1279	108	0
1280	111	0
1281	114	0
1282	118	0
1283	121	0
1284	125	0
1285	128	0
1286	131	0
1287	133	0
1288	137	0
1289	141	0
1290	144	0
1291	147	0
1292	151	0
1293	154	0
1294	157	0
1295	159	0
1296	161	0
1297	165	0
1298	169	0
1299	171	0
1300	172	0
1301	171	0
1302	171	0
1303	172	0
1304	171	0
1305	172	0
1306	173	0
1307	172	0
1308	171	0
1309	171	0
1310	172	0
1311	172	0
1312	173	0
1313	172	0
1314	172	0
1315	172	0
1316	171	0
1317	172	0
1318	171	0
1319	172	0
1320	172	0
1321	172	0
1322	173	0
1323	172	0
1324	171	0
1325	172	0
1326	171	0
1327	172	0
1328	171	0
1329	172	0
1330	171	0
1331	172	0
1332	171	0
1333	173	0
1334	171	0
1335	172	0
1336	172	0
1337	172	0
1338	172	0
1339	172	0
1340	171	0
1341	171	0
1342	172	0
1343	171	0
1344	172	0
1345	172	0
1346	171	0
1347	172	0
1348	171	0
1349	171	0
1350	173	0
1351	172	0
1352	172	0
1353	172	0
1354	172	0
1355	171	0
1356	171	0
1357	172	0
1358	171	0
1359	172	0
1360	172	0
1361	171	0
1362	172	0
1363	172	0
1364	171	0
1365	171	0
1366	172	0
1367	171	0
1368	172	0
1369	172	0
1370	171	0
1371	171	0
1372	171	0
1373	172	0
1374	172	0
1375	171	0
1376	171	0
1377	171	0
1378	172	0
1379	171	0
1380	173	0
1381	172	0
1382	171	0
1383	171	0
1384	171	0
1385	171	0
1386	171	0
1387	171	0
1388	172	0
1389	171	0
1390	171	0
1391	171	0
1392	171	0
1393	172	0
1394	172	0
1395	171	0
1396	173	0
1397	171	0
1398	171	0
1399	172	0
1400	172	0
1401	172	0
1402	171	0
1403	172	0
1404	172	0
1405	172	0
1406	172	0
1407	172	0
1408	171	0
1409	171	0
1410	171	0
1411	171	0
1412	173	0
1413	171	0
1414	171	0
1415	171	0
1416	172	0
1417	172	0
1418	172	0
1419	172	0
1420	172	0
1421	172	0
1422	172	0
1423	171	0
1424	171	0
1425	172	0
1426	172	0
1427	171	0
1428	172	0
1429	171	0
1430	171	0
1431	171	0
1432	171	0
1433	171	0
1434	172	0
1435	173	0
1436	171	0
1437	172	0
1438	171	0
1439	172	0
1440	171	0
1441	172	0
1442	172	0
1443	172	0
1444	171	0
1445	172	0
1446	171	0
1447	172	0
1448	172	0
1449	173	0
1450	172	0
1451	173	0
1452	172	0
1453	171	0
1454	171	0
1455	172	0
1456	172	0
1457	171	0
1458	171	0
1459	172	0
1460	172	0
1461	171	0
1462	172	0
1463	171	0
1464	172	0
1465	172	0
1466	171	0
1467	172	0
1468	171	0
1469	171	0
1470	171	0
1471	172	0
1472	172	0
1473	172	0
1474	172	0
1475	172	0
1476	172	0
1477	172	0
1478	171	0
1479	173	0
1480	172	0
1481	172	0
1482	172	0
1483	172	0
1484	171	0
1485	172	0
1486	172	0
1487	171	0
1488	172	0
1489	171	0
1490	172	0
1491	171	0
1492	171	0
1493	172	0
1494	171	0
1495	172	0
1496	172	0
1497	172	0
1498	171	0
1499	172	0
1500	172	0
1501	172	0
1502	172	0
1503	171	0
1504	171	0
1505	172	0
1506	172	0
1507	172	0
1508	172	0
1509	171	0
1510	172	0
1511	173	0
1512	172	0
1513	172	0
1514	171	0
1515	172	0
1516	172	0
1517	171	0
1518	171	0
1519	172	0
1520	171	0
1521	172	0
1522	171	0
1523	171	0
1524	171	0
1525	171	0
1526	172	0
1527	171	0
1528	172	0
1529	172	0
1530	172	0
1531	172	0
1532	171	0
1533	172	0
1534	171	0
1535	172	0
1536	171	0
1537	172	0
1538	171	0
1539	172	0
1540	172	0
1541	172	0
1542	173	0
1543	171	0
1544	172	0
1545	171	0
1546	172	0
1547	172	0
1548	171	0
1549	172	0
1550	172	0
1551	171	0
1552	173	0
1553	172	0
1554	172	0
1555	172	0
1556	172	0
1557	173	0
1558	172	0
1559	172	0
1560	172	0
1561	171	0
1562	171	0
1563	172	0
1564	171	0
1565	171	0
1566	173	0
1567	171	0
1568	172	0
1569	171	0
1570	171	0
1571	172	0
1572	172	0
1573	172	0
1574	171	0
1575	171	0
1576	172	0
1577	172	0
1578	171	0
1579	171	0
1580	171	0
1581	172	0
1582	172	0
1583	172	0
1584	172	0
1585	172	0
1586	171	0
1587	171	0
1588	172	0
1589	171	0
1590	171	0
1591	171	0
1592	172	0
1593	171	0
1594	172	0
1595	173	0
1596	171	0
1597	171	0
1598	171	0
1599	171	0
1600	172	0
1601	172	0
1602	172	0
1603	171	0
1604	172	0
1605	172	0
1606	172	0
1607	172	0
1608	172	0
1609	171	0
1610	173	0
1611	171	0
1612	171	0
1613	172	0
1614	171	0
1615	172	0
1616	172	0
1617	172	0
1618	171	0
1619	172	0
1620	173	0
1621	172	0
1622	172	0
1623	171	0
1624	171	0
1625	171	0
1626	173	0
1627	172	0
1628	172	0
1629	171	0
1630	172	0
1631	171	0
1632	171	0
1633	171	0
1634	172	0
1635	172	0
1636	172	0
1637	172	0
1638	171	0
1639	172	0
1640	172	0
1641	173	0
1642	171	0
1643	172	0
1644	172	0
1645	171	0
1646	171	0
1647	171	0
1648	171	0
1649	172	0
1650	172	0
1651	172	0
1652	171	0
1653	172	0
1654	171	0
1655	171	0
1656	171	0
1657	172	0
1658	171	0
1659	172	0
1660	172	0
1661	173	0
1662	171	0
1663	172	0
1664	171	0
1665	171	0
1666	171	0
1667	172	0
1668	171	0
1669	172	0
1670	172	0
1671	172	0
1672	171	0
1673	172	0
1674	172	0
1675	172	0
1676	171	0
1677	171	0
1678	172	0
1679	172	0
1680	171	0
1681	171	0
1682	172	0
1683	171	0
1684	173	0
1685	172	0
1686	171	0
1687	172	0
1688	173	0
1689	172	0
1690	172	0
1691	172	0
1692	171	0
1693	172	0
1694	172	0
1695	172	0
1696	172	0
1697	172	0
1698	173	0
1699	172	0
1700	172	0
1701	172	0
1702	171	0
1703	172	0
1704	171	0
1705	171	0
1706	172	0
1707	171	0
1708	173	0
1709	172	0
1710	172	0
1711	172	0
1712	172	0
1713	171	0
1714	172	0
1715	172	0
1716	172	0
1717	171	0
1718	171	0
1719	173	0
1720	172	0
1721	172	0
1722	171	0
1723	171	0
1724	171	0
1725	172	0
1726	171	0
1727	172	0
1728	172	0
1729	172	0
1730	171	0
1731	171	0
1732	172	0
1733	172	0
1734	171	0
1735	171	0
1736	171	0
1737	172	0
1738	172	0
1739	171	0
1740	172	0
1741	172	0
1742	172	0
1743	172	0
1744	172	0
1745	172	0
1746	172	0
1747	171	0
1748	171	0
1749	171	0
1750	172	0
1751	172	0
1752	171	0
1753	172	0
1754	172	0
1755	173	0
1756	171	0
1757	171	0
1758	172	0
1759	171	0
1760	171	0
1761	172	0
1762	171	0
1763	171	0
1764	172	0
1765	171	0
1766	173	0
1767	171	0
1768	171	0
1769	171	0
1770	171	0
1771	171	0
1772	172	0
1773	171	0
1774	171	0
1775	171	0
1776	172	0
1777	172	0
1778	172	0
1779	172	0
1780	171	0
1781	171	0
1782	172	0
1783	171	0
1784	171	0
1785	172	0
1786	171	0
1787	173	0
1788	171	0
1789	171	0
1790	172	0
1791	172	0
1792	172	0
1793	172	0
1794	172	0
1795	171	0
1796	171	0
1797	171	0
1798	171	0
1799	172	0
1800	173	0
1801	171	0
1802	172	0
1803	171	0
1804	171	0
1805	172	0
1806	172	0
1807	171	0
1808	172	0
1809	171	0
1810	171	0
1811	172	0
1812	171	0
1813	172	0
1814	172	0
1815	172	0
1816	171	0
1817	172	0
1818	172	0
1819	172	0
1820	173	0
1821	171	0
1822	172	0
1823	171	0
1824	172	0
1825	172	0
1826	172	0
1827	171	0
1828	171	0
1829	171	0
1830	172	0
1831	172	0
1832	172	0
1833	171	0
1834	171	0
1835	171	0
1836	171	0
1837	172	0
1838	172	0
1839	172	0
1840	172	0
1841	172	0
1842	172	0
1843	173	0
1844	172	0
1845	171	0
1846	172	0
1847	172	0
1848	172	0
1849	172	0
1850	173	0
1851	172	0
1852	171	0
1853	171	0
1854	171	0
1855	171	0
1856	172	0
1857	171	0
1858	172	0
1859	171	0
1860	171	0
1861	172	0
1862	171	0
1863	173	0
1864	172	0
1865	171	0
1866	172	0
1867	172	0
1868	173	0
1869	172	0
1870	171	0
1871	171	0
1872	172	0
1873	172	0
1874	172	0
1875	171	0
1876	172	0
1877	172	0
1878	171	0
1879	171	0
1880	172	0
1881	171	0
1882	171	0
1883	171	0
1884	172	0
1885	172	0
1886	172	0
1887	171	0
1888	171	0
1889	171	0
1890	172	0
1891	172	0
1892	172	0
1893	171	0
1894	172	0
1895	172	0
1896	172	0
1897	172	0
1898	171	0
1899	171	0
1900	172	0
1901	171	0
1902	171	0
1903	171	0
1904	172	0
1905	172	0
1906	171	0
1907	171	0
1908	172	0
1909	172	0
1910	172	0
1911	172	0
1912	173	0
1913	172	0
1914	172	0
1915	171	0
1916	171	0
1917	171	0
1918	172	0
1919	172	0
1920	172	0
1921	171	0
1922	171	0
1923	171	0
1924	171	0
1925	172	0
1926	172	0
1927	172	0
1928	172	0
1929	171	0
1930	172	0
1931	171	0
1932	172	0
1933	172	0
1934	172	0
1935	172	0
1936	172	0
1937	172	0
1938	171	0
1939	171	0
1940	172	0
1941	171	0
1942	172	0
1943	171	0
1944	172	0
1945	172	0
1946	172	0
1947	172	0
1948	172	0
1949	171	0
1950	171	0
1951	171	0
1952	173	0
1953	172	0
1954	172	0
1955	171	0
1956	172	0
1957	172	0
1958	172	0
1959	172	0
1960	172	0
1961	171	0
1962	172	0
1963	172	0
1964	172	0
1965	171	0
1966	171	0
1967	172	0
1968	172	0
1969	172	0
1970	172	0
1971	171	0
1972	172	0
1973	172	0
1974	171	0
1975	172	0
1976	171	0
1977	171	0
1978	172	0
1979	171	0
1980	171	0
1981	172	0
1982	172	0
1983	171	0
1984	171	0
1985	172	0
1986	171	0
1987	172	0
1988	171	0
1989	172	0
1990	171	0
1991	172	0
1992	172	0
1993	171	0
1994	172	0
1995	171	0
1996	171	0
1997	172	0
1998	171	0
1999	173	0
2000	172	0
2001	171	0
2002	172	0
2003	171	0
2004	172	0
2005	172	0
2006	172	0
2007	171	0
2008	172	0
2009	172	0
2010	171	0
2011	172	0
2012	171	0
2013	172	0
2014	173	0
2015	172	0
2016	172	0
2017	172	0
2018	172	0
2019	171	0
2020	171	0
2021	172	0
2022	173	0
2023	172	0
2024	172	0
2025	172	0
2026	171	0
2027	172	0
2028	171	0
2029	171	0
2030	171	0
2031	171	0
2032	171	0
2033	172	0
2034	173	0
2035	172	0
2036	171	0
2037	171	0
2038	173	0
2039	171	0
2040	172	0
2041	172	0
2042	171	0
2043	172	0
2044	173	0
2045	171	0
2046	172	0
2047	172	0
2048	172	0
2049	173	0
2050	172	0
2051	171	0
2052	172	0
2053	172	0
2054	171	0
2055	172	0
2056	172	0
2057	172	0
2058	172	0
2059	172	0
2060	171	0
2061	171	0
2062	172	0
2063	171	0
2064	172	0
2065	171	0
2066	172	0
2067	172	0
2068	171	0
2069	172	0
2070	172	0
2071	173	0
2072	172	0
2073	172	0
2074	171	0
2075	171	0
2076	172	0
2077	171	0
2078	171	0
2079	172	0
2080	171	0
2081	172	0
2082	172	0
2083	172	0
2084	172	0
2085	173	0
2086	171	0
2087	172	0
2088	171	0
2089	172	0
2090	171	0
2091	171	0
2092	171	0
2093	171	0
2094	172	0
2095	173	0
2096	172	0
2097	172	0
2098	171	0
2099	171	0
2100	172	0
2101	171	0
2102	171	0
2103	171	0
2104	171	0
2105	171	0
2106	172	0
2107	171	0
2108	171	0
2109	172	0
2110	172	0
2111	172	0
2112	171	0
2113	172	0
2114	171	0
2115	172	0
2116	172	0
2117	171	0
2118	171	0
2119	171	0
2120	172	0
2121	171	0
2122	172	0
2123	172	0
2124	171	0
2125	172	0
2126	172	0
2127	172	0
2128	171	0
2129	171	0
2130	171	0
2131	172	0
2132	172	0
2133	171	0
2134	173	0
2135	171	0
2136	172	0
2137	172	0
2138	171	0
2139	171	0
2140	172	0
2141	171	0
2142	171	0
2143	171	0
2144	172	0
2145	172	0
2146	172	0
2147	171	0
2148	172	0
2149	172	0
2150	171	0
2151	172	0
2152	172	0
2153	171	0
2154	172	0
2155	171	0
2156	172	0
2157	172	0
2158	171	0
2159	172	0
2160	172	0
2161	171	0
2162	172	0
2163	172	0
2164	171	0
2165	172	0
2166	171	0
2167	173	0
2168	172	0
2169	172	0
2170	172	0
2171	172	0
2172	172	0
2173	171	0
2174	173	0
2175	172	0
2176	171	0
2177	171	0
2178	172	0
2179	171	0
2180	171	0
2181	172	0
2182	171	0
2183	172	0
2184	171	0
2185	171	0
2186	172	0
2187	171	0
2188	172	0
2189	172	0
2190	172	0
2191	172	0
2192	172	0
2193	171	0
2194	173	0
2195	172	0
2196	171	0
2197	171	0
2198	172	0
2199	171	0
2200	172	0
2201	172	0
2202	172	0
2203	171	0
2204	173	0
2205	172	0
2206	172	0
2207	172	0
2208	172	0
2209	171	0
2210	172	0
2211	172	0
2212	171	0
2213	172	0
2214	171	0
2215	172	0
2216	172	0
2217	171	0
2218	172	0
2219	172	0
2220	172	0
2221	171	0
2222	172	0
2223	172	0
2224	172	0
2225	172	0
2226	172	0
2227	171	0
2228	171	0
2229	172	0
2230	171	0
2231	171	0
2232	172	0
2233	171	0
2234	173	0
2235	172	0
2236	172	0
2237	172	0
2238	172	0
2239	171	0
2240	171	0
2241	171	0
2242	172	0
2243	171	0
2244	173	0
2245	172	0
2246	171	0
2247	171	0
2248	172	0
2249	171	0
2250	171	0
2251	172	0
2252	172	0
2253	172	0
2254	172	0
2255	172	0
2256	172	0
2257	171	0
2258	172	0
2259	172	0
2260	171	0
2261	171	0
2262	173	0
2263	171	0
2264	171	0
2265	173	0
2266	172	0
2267	172	0
2268	171	0
2269	171	0
2270	172	0
2271	172	0
2272	171	0
2273	171	0
2274	172	0
2275	171	0
2276	172	0
2277	173	0
2278	171	0
2279	172	0
2280	172	0
2281	172	0
2282	172	0
2283	172	0
2284	172	0
2285	173	0
2286	172	0
2287	172	0
2288	172	0
2289	172	0
2290	171	0
2291	171	0
2292	171	0
2293	169	0
2294	169	0
2295	169	0
2296	168	0
2297	168	0
2298	169	0
2299	167	0
2300	167	0
2301	167	0
2302	167	0
2303	167	0
2304	166	0
2305	166	0
2306	165	0
2307	165	0
2308	165	0
2309	165	0
2310	165	0
2311	165	0
2312	163	0
2313	163	0
2314	163	0
2315	163	0
2316	163	0
2317	162	0
2318	162	0
2319	162	0
2320	161	0
2321	161	0
2322	161	0
2323	161	0
2324	161	0
2325	161	0
2326	161	0
2327	161	0
2328	161	0
2329	159	0
2330	160	0
2331	159	0
2332	159	0
2333	159	0
2334	157	0
2335	157	0
2336	157	0
2337	155	0
2338	155	0
2339	155	0
2340	155	0
2341	154	0
2342	154	0
2343	153	0
2344	153	0
2345	153	0
2346	153	0
2347	152	0
2348	152	0
2349	151	0
2350	150	0
2351	150	0
2352	149	0
2353	149	0
2354	149	0
2355	147	0
2356	147	0
2357	147	0
2358	145	0
2359	145	0
2360	145	0
2361	143	0
2362	144	0
2363	144	0
2364	143	0
2365	143	0
2366	142	0
2367	141	0
2368	141	0
2369	139	0
2370	138	0
2371	137	0
2372	138	0
2373	137	0
2374	136	0
2375	135	0
2376	135	0
2377	135	0
2378	135	0
2379	134	0
2380	134	0
2381	133	0
2382	133	0
2383	133	0
2384	132	0
2385	132	0
2386	132	0
2387	131	0
2388	131	0
2389	131	0
2390	129	0
2391	129	0
2392	129	0
2393	129	0
2394	129	0
2395	129	0
2396	128	0
2397	127	0
2398	127	0
2399	126	0
2400	125	0
2401	124	0
2402	125	0
2403	123	0
2404	123	0
2405	122	0
2406	122	0
2407	121	0
2408	121	0
2409	120	0
2410	119	0
2411	119	0
2412	118	0
2413	117	0
2414	115	0
2415	115	0
2416	114	0
2417	113	0
2418	112	0
2419	111	0
2420	109	0
2421	109	0
2422	109	0
2423	107	0
2424	106	0
2425	105	0
2426	104	0
2427	103	0
2428	101	0
2429	101	0
2430	99	0
2431	99	0
2432	98	0
2433	97	0
2434	95	0
2435	95	0
2436	95	0
2437	93	0
2438	93	0
2439	91	0
2440	91	0
2441	91	0
2442	91	0
2443	91	0
2444	90	0
2445	91	0
2446	91	0
2447	91	0
2448	91	0
2449	91	0
2450	91	0
2451	91	0
2452	91	0
2453	91	0
2454	91	0
2455	90	0
2456	91	0
2457	91	0
2458	90	0
2459	91	0
2460	90	0
2461	91	0
2462	91	0
2463	91	0
2464	91	0
2465	91	0
2466	91	0
2467	91	0
2468	90	0
2469	90	0
2470	91	0
2471	91	0
2472	90	0
2473	90	0
2474	91	0
2475	91	0
2476	91	0
2477	91	0
2478	90	0
2479	91	0
2480	91	0
2481	91	0
2482	91	0
2483	91	0
2484	91	0
2485	91	0
2486	90	0
2487	90	0
2488	91	0
2489	90	0
2490	91	0
2491	91	0
2492	91	0
2493	91	0
2494	90	0
2495	90	0
2496	91	0
2497	90	0
2498	91	0
2499	91	0
2500	90	0
2501	90	0
2502	91	0
2503	91	0
2504	89	0
2505	91	0
2506	90	0
2507	91	0
2508	91	0
2509	91	0
2510	90	0
2511	91	0
2512	91	0
2513	91	0
2514	91	0
2515	90	0
2516	91	0
2517	91	0
2518	90	0
2519	91	0
2520	91	0
2521	91	0
2522	90	0
2523	90	0
2524	91	0
2525	91	0
2526	91	0
2527	91	0
2528	91	0
2529	91	0
2530	91	0
2531	91	0
2532	91	0
2533	91	0
2534	91	0
2535	91	0
2536	90	0
2537	91	0
2538	91	0
2539	91	0
2540	91	0
2541	90	0
2542	90	0
2543	90	0
2544	90	0
2545	91	0
2546	91	0
2547	90	0
2548	91	0
2549	91	0
2550	90	0
2551	91	0
2552	91	0
2553	91	0
2554	91	0
2555	91	0
2556	91	0
2557	91	0
2558	91	0
2559	91	0
2560	91	0
2561	91	0
2562	90	0
2563	91	0
2564	91	0
2565	91	0
2566	91	0
2567	90	0
2568	90	0
2569	91	0
2570	90	0
2571	91	0
2572	91	0
2573	91	0
2574	91	0
2575	91	0
2576	91	0
2577	91	0
2578	91	0
2579	91	0
2580	91	0
2581	91	0
2582	91	0
2583	91	0
2584	91	0
2585	90	0
2586	91	0
2587	90	0
2588	90	0
2589	90	0
2590	91	0
2591	90	0
2592	91	0
2593	91	0
2594	91	0
2595	90	0
2596	91	0
2597	90	0
2598	91	0
2599	91	0
2600	91	0
2601	91	0
2602	91	0
2603	91	0
2604	90	0
2605	91	0
2606	91	0
2607	91	0
2608	91	0
2609	90	0
2610	91	0
2611	91	0
2612	91	0
2613	91	0
2614	91	0
2615	90	0
2616	91	0
2617	90	0
2618	91	0
2619	91	0
2620	91	0
2621	90	0
2622	91	0
2623	90	0
2624	90	0
2625	91	0
2626	90	0
2627	90	0
2628	90	0
2629	91	0
2630	91	0
2631	91	0
2632	90	0
2633	90	0
2634	90	0
2635	91	0
2636	90	0
2637	91	0
2638	89	0
2639	91	0
2640	91	0
2641	91	0
2642	91	0
2643	90	0
2644	90	0
2645	91	0
2646	90	0
2647	90	0
2648	90	0
2649	90	0
2650	90	0
2651	91	0
2652	91	0
2653	90	0
2654	90	0
2655	90	0
2656	90	0
2657	91	0
2658	90	0
2659	91	0
2660	90	0
2661	91	0
2662	90	0
2663	91	0
2664	91	0
2665	90	0
2666	90	0
2667	90	0
2668	91	0
2669	90	0
2670	91	0
2671	90	0
2672	91	0
2673	91	0
2674	90	0
2675	90	0
2676	91	0
2677	90	0
2678	90	0
2679	91	0
2680	91	0
2681	91	0
2682	91	0
2683	91	0
2684	90	0
2685	90	0
2686	90	0
2687	91	0
2688	91	0
2689	91	0
2690	91	0
2691	90	0
2692	90	0
2693	91	0
2694	91	0
2695	91	0
2696	91	0
2697	91	0
2698	91	0
2699	91	0
2700	91	0
2701	91	0
2702	91	0
2703	91	0
2704	91	0
2705	90	0
2706	90	0
2707	91	0
2708	90	0
2709	91	0
2710	91	0
2711	91	0
2712	91	0
2713	90	0
2714	91	0
2715	91	0
2716	91	0
2717	90	0
2718	90	0
2719	91	0
2720	90	0
2721	90	0
2722	91	0
2723	91	0
2724	90	0
2725	91	0
2726	90	0
2727	91	0
2728	90	0
2729	91	0
2730	91	0
2731	90	0
2732	90	0
2733	91	0
2734	90	0
2735	91	0
2736	91	0
2737	91	0
2738	91	0
2739	90	0
2740	91	0
2741	90	0
2742	90	0
2743	91	0
2744	91	0
2745	91	0
2746	90	0
2747	90	0
2748	91	0
2749	90	0
2750	90	0
2751	90	0
2752	90	0
2753	91	0
2754	91	0
2755	91	0
2756	90	0
2757	91	0
2758	91	0
2759	91	0
2760	91	0
2761	91	0
2762	90	0
2763	90	0
2764	91	0
2765	90	0
2766	90	0
2767	90	0
2768	91	0
2769	91	0
2770	90	0
2771	91	0
2772	91	0
2773	91	0
2774	91	0
2775	91	0
2776	91	0
2777	90	0
2778	90	0
2779	91	0
2780	90	0
2781	91	0
2782	90	0
2783	91	0
2784	90	0
2785	91	0
2786	91	0
2787	90	0
2788	91	0
2789	90	0
2790	90	0
2791	90	0
2792	91	0
2793	91	0
2794	91	0
2795	91	0
2796	91	0
2797	90	0
2798	91	0
2799	91	0
2800	91	0
2801	90	0
2802	90	0
2803	91	0
2804	91	0
2805	90	0
2806	90	0
2807	91	0
2808	91	0
2809	90	0
2810	91	0
2811	91	0
2812	91	0
2813	91	0
2814	90	0
2815	91	0
2816	91	0
2817	91	0
2818	90	0
2819	90	0
2820	91	0
2821	90	0
2822	91	0
2823	90	0
2824	91	0
2825	91	0
2826	91	0
2827	90	0
2828	91	0
2829	90	0
2830	91	0
2831	91	0
2832	90	0
2833	90	0
2834	91	0
2835	91	0
2836	90	0
2837	91	0
2838	90	0
2839	90	0
2840	91	0
2841	91	0
2842	91	0
2843	91	0
2844	91	0
2845	91	0
2846	90	0
2847	91	0
2848	91	0
2849	91	0
2850	90	0
2851	91	0
2852	91	0
2853	90	0
2854	90	0
2855	91	0
2856	91	0
2857	91	0
2858	90	0
2859	91	0
2860	90	0
2861	90	0
2862	91	0
2863	91	0
2864	90	0
2865	91	0
2866	91	0
2867	91	0
2868	91	0
2869	90	0
2870	91	0
2871	91	0
2872	91	0
2873	91	0
2874	90	0
2875	91	0
2876	91	0
2877	91	0
2878	91	0
2879	90	0
2880	90	0
2881	90	0
2882	91	0
2883	90	0
2884	90	0
2885	91	0
2886	91	0
2887	91	0
2888	91	0
2889	91	0
2890	91	0
2891	91	0
2892	90	0
2893	91	0
2894	91	0
2895	91	0
2896	90	0
2897	91	0
2898	91	0
2899	91	0
2900	90	0
2901	91	0
2902	91	0
2903	90	0
2904	90	0
2905	90	0
2906	90	0
2907	90	0
2908	91	0
2909	91	0
2910	91	0
2911	91	0
2912	91	0
2913	91	0
2914	90	0
2915	91	0
2916	90	0
2917	90	0
2918	91	0
2919	90	0
2920	91	0
2921	90	0
2922	91	0
2923	91	0
2924	91	0
2925	90	0
2926	90	0
2927	90	0
2928	91	0
2929	90	0
2930	90	0
2931	91	0
2932	90	0
2933	91	0
2934	90	0
2935	91	0
2936	90	0
2937	90	0
2938	90	0
2939	91	0
2940	91	0
2941	90	0
2942	90	0
2943	91	0
2944	91	0
2945	91	0
2946	90	0
2947	90	0
2948	91	0
2949	91	0
2950	90	0
2951	91	0
2952	90	0
2953	91	0
2954	90	0
2955	91	0
2956	91	0
2957	91	0
2958	91	0
2959	91	0
2960	91	0
2961	91	0
2962	91	0
2963	91	0
2964	91	0
2965	90	0
2966	91	0
2967	91	0
2968	90	0
2969	90	0
2970	91	0
2971	91	0
2972	91	0
2973	91	0
2974	90	0
2975	90	0
2976	91	0
2977	91	0
2978	91	0
2979	90	0
2980	90	0
2981	91	0
2982	91	0
2983	91	0
2984	91	0
2985	91	0
2986	91	0
2987	91	0
2988	91	0
2989	91	0
2990	90	0
2991	90	0
2992	90	0
2993	90	0
2994	91	0
2995	91	0
2996	91	0
2997	91	0
2998	91	0
2999	91	0
3000	91	0
3001	91	0
3002	90	0
3003	91	0
3004	91	0
3005	91	0
3006	91	0
3007	91	0
3008	91	0
3009	91	0
3010	91	0
3011	91	0
3012	92	0
3013	92	0
3014	93	0
3015	93	0
3016	94	0
3017	94	0
3018	94	0
3019	95	0
3020	97	0
3021	96	0
3022	97	0
3023	98	0
3024	99	0
3025	99	0
3026	101	0
3027	101	0
3028	101	0
3029	101	0
3030	103	0
3031	103	0
3032	104	0
3033	105	0
3034	105	0
3035	107	0
3036	107	0
3037	109	0
3038	109	0
3039	109	0
3040	109	0
3041	109	0
3042	111	0
3043	110	0
3044	112	0
3045	113	0
3046	113	0
3047	114	0
3048	115	0
3049	115	0
3050	117	0
3051	117	0
3052	118	0
3053	119	0
3054	119	0
3055	121	0
3056	121	0
3057	122	0
3058	123	0
3059	123	0
3060	125	0
3061	126	0
3062	129	0
3063	129	0
3064	128	0
3065	129	0
3066	131	0
3067	132	0
3068	133	0
3069	133	0
3070	135	0
3071	136	0
3072	137	0
3073	137	0
3074	139	0
3075	140	0
3076	141	0
3077	142	0
3078	143	0
3079	144	0
3080	145	0
3081	146	0
3082	147	0
3083	149	0
3084	151	0
3085	153	0
3086	154	0
3087	155	0
3088	155	0
3089	156	0
3090	158	0
3091	160	0
3092	161	0
3093	161	0
3094	161	0
3095	165	0
3096	165	0
3097	166	0
3098	168	0
3099	169	0
3100	171	0
3101	172	0
3102	171	0
3103	171	0
3104	171	0
3105	171	0
3106	171	0
3107	172	0
3108	172	0
3109	171	0
3110	172	0
3111	171	0
3112	172	0
3113	173	0
3114	171	0
3115	171	0
3116	172	0
3117	171	0
3118	172	0
3119	172	0
3120	171	0
3121	171	0
3122	172	0
3123	172	0
3124	172	0
3125	173	0
3126	171	0
3127	171	0
3128	172	0
3129	171	0
3130	171	0
3131	171	0
3132	172	0
3133	171	0
3134	172	0
3135	171	0
3136	172	0
3137	171	0
3138	172	0
3139	172	0
3140	171	0
3141	172	0
3142	171	0
3143	173	0
3144	172	0
3145	172	0
3146	172	0
3147	171	0
3148	171	0
3149	171	0
3150	172	0
3151	171	0
3152	173	0
3153	171	0
3154	173	0
3155	172	0
3156	173	0
3157	172	0
3158	171	0
3159	171	0
3160	171	0
3161	172	0
3162	172	0
3163	172	0
3164	171	0
3165	171	0
3166	172	0
3167	172	0
3168	171	0
3169	171	0
3170	171	0
3171	172	0
3172	171	0
3173	171	0
3174	172	0
3175	172	0
3176	171	0
3177	172	0
3178	171	0
3179	172	0
3180	172	0
3181	171	0
3182	171	0
3183	173	0
3184	171	0
3185	173	0
3186	172	0
3187	171	0
3188	171	0
3189	171	0
3190	172	0
3191	172	0
3192	172	0
3193	171	0
3194	171	0
3195	171	0
3196	171	0
3197	172	0
3198	171	0
3199	172	0
3200	171	0
3201	171	0
3202	171	0
3203	172	0
3204	172	0
3205	171	0
3206	173	0
3207	172	0
3208	172	0
3209	172	0
3210	171	0
3211	172	0
3212	171	0
3213	173	0
3214	172	0
3215	171	0
3216	172	0
3217	171	0
3218	173	0
3219	171	0
3220	171	0
3221	172	0
3222	171	0
3223	172	0
3224	172	0
3225	171	0
3226	171	0
3227	172	0
3228	171	0
3229	172	0
3230	173	0
3231	171	0
3232	171	0
3233	172	0
3234	171	0
3235	172	0
3236	172	0
3237	171	0
3238	171	0
3239	172	0
3240	172	0
3241	171	0
3242	172	0
3243	171	0
3244	172	0
3245	171	0
3246	171	0
3247	171	0
3248	172	0
3249	172	0
3250	172	0
3251	173	0
3252	171	0
3253	172	0
3254	171	0
3255	172	0
3256	172	0
3257	171	0
3258	172	0
3259	172	0
3260	173	0
3261	171	0
3262	173	0
3263	171	0
3264	171	0
3265	172	0
3266	171	0
3267	172	0
3268	171	0
3269	171	0
3270	172	0
3271	172	0
3272	172	0
3273	172	0
3274	171	0
3275	172	0
3276	171	0
3277	172	0
3278	171	0
3279	172	0
3280	171	0
3281	172	0
3282	172	0
3283	171	0
3284	172	0
3285	172	0
3286	172	0
3287	171	0
3288	172	0
3289	172	0
3290	171	0
3291	172	0
3292	172	0
3293	172	0
3294	172	0
3295	171	0
3296	172	0
3297	172	0
3298	172	0
3299	171	0
3300	172	0
3301	171	0
3302	172	0
3303	172	0
3304	171	0
3305	172	0
3306	172	0
3307	171	0
3308	173	0
3309	171	0
3310	172	0
3311	172	0
3312	172	0
3313	171	0
3314	172	0
3315	173	0
3316	172	0
3317	172	0
3318	173	0
3319	172	0
3320	172	0
3321	172	0
3322	171	0
3323	173	0
3324	173	0
3325	172	0
3326	172	0
3327	172	0
3328	171	0
3329	172	0
3330	173	0
3331	171	0
3332	172	0
3333	171	0
3334	171	0
3335	172	0
3336	172	0
3337	171	0
3338	172	0
3339	172	0
3340	172	0
3341	172	0
3342	172	0
3343	172	0
3344	172	0
3345	171	0
3346	172	0
3347	171	0
3348	173	0
3349	171	0
3350	173	0
3351	171	0
3352	172	0
3353	171	0
3354	171	0
3355	171	0
3356	172	0
3357	172	0
3358	171	0
3359	172	0
3360	172	0
3361	171	0
3362	171	0
3363	171	0
3364	172	0
3365	172	0
3366	172	0
3367	171	0
3368	172	0
3369	172	0
3370	171	0
3371	172	0
3372	171	0
3373	172	0
3374	172	0
3375	172	0
3376	171	0
3377	171	0
3378	172	0
3379	172	0
3380	172	0
3381	172	0
3382	171	0
3383	173	0
3384	172	0
3385	172	0
3386	172	0
3387	172	0
3388	172	0
3389	171	0
3390	172	0
3391	171	0
3392	172	0
3393	172	0
3394	172	0
3395	171	0
3396	171	0
3397	171	0
3398	171	0
3399	171	0
3400	173	0
3401	172	0
3402	171	0
3403	172	0
3404	173	0
3405	171	0
3406	172	0
3407	172	0
3408	172	0
3409	172	0
3410	172	0
3411	172	0
3412	171	0
3413	173	0
3414	171	0
3415	173	0
3416	171	0
3417	171	0
3418	173	0
3419	172	0
3420	172	0
3421	172	0
3422	171	0
3423	172	0
3424	173	0
3425	171	0
3426	171	0
3427	172	0
3428	172	0
3429	171	0
3430	171	0
3431	173	0
3432	172	0
3433	172	0
3434	172	0
3435	171	0
3436	172	0
3437	172	0
3438	172	0
3439	172	0
3440	171	0
3441	173	0
3442	172	0
3443	172	0
3444	172	0
3445	171	0
3446	172	0
3447	171	0
3448	172	0
3449	172	0
3450	172	0
3451	172	0
3452	172	0
3453	171	0
3454	171	0
3455	172	0
3456	172	0
3457	171	0
3458	171	0
3459	171	0
3460	172	0
3461	171	0
3462	172	0
3463	172	0
3464	171	0
3465	171	0
3466	171	0
3467	171	0
3468	172	0
3469	171	0
3470	172	0
3471	172	0
3472	171	0
3473	171	0
3474	171	0
3475	172	0
3476	172	0
3477	172	0
3478	171	0
3479	172	0
3480	172	0
3481	171	0
3482	171	0
3483	171	0
3484	172	0
3485	171	0
3486	172	0
3487	172	0
3488	172	0
3489	172	0
3490	171	0
3491	171	0
3492	172	0
3493	171	0
3494	171	0
3495	171	0
3496	172	0
3497	172	0
3498	172	0
3499	171	0
3500	172	0
3501	172	0
3502	173	0
3503	172	0
3504	172	0
3505	172	0
3506	172	0
3507	172	0
3508	171	0
3509	171	0
3510	172	0
3511	172	0
3512	171	0
3513	171	0
3514	172	0
3515	173	0
3516	173	0
3517	174	0
3518	175	0
3519	176	0
3520	177	0
3521	179	0
3522	179	0
3523	179	0
3524	181	0
3525	182	0
3526	182	0
3527	183	0
3528	183	0
3529	185	0
3530	186	0
3531	188	0
3532	189	0
3533	189	0
3534	190	0
3535	191	0
3536	193	0
3537	194	0
3538	196	0
3539	197	0
3540	198	0
3541	201	0
3542	202	0
3543	205	0
3544	207	0
3545	209	0
3546	210	0
3547	212	0
3548	214	0
3549	217	0
3550	219	0
3551	222	0
3552	223	0
3553	225	0
3554	229	0
3555	229	0
3556	233	0
3557	235	0
3558	238	0
3559	239	0
3560	242	0
3561	245	0
3562	249	0
3563	249	0
3564	252	0
3565	253	0
3566	253	0
3567	253	0
3568	253	0
3569	253	0
3570	253	0
3571	253	0
3572	253	0
3573	253	0
3574	253	0
3575	253	0
3576	253	0
3577	253	0
3578	253	0
3579	253	0
3580	253	0
3581	253	0
3582	253	0
3583	253	0
3584	253	0
3585	253	0
3586	253	0
3587	253	0
3588	253	0
3589	253	0
3590	253	0
3591	254	0
3592	253	0
3593	253	0
3594	253	0
3595	253	0
3596	253	0
3597	253	0
3598	253	0
3599	253	0
3600	253	0
3601	253	0
3602	253	0
3603	253	0
3604	253	0
3605	253	0
3606	253	0
3607	253	0
3608	253	0
3609	253	0
3610	253	0
3611	253	0
3612	253	0
3613	253	0
3614	253	0
3615	253	0
3616	253	0
3617	253	0
3618	253	0
3619	253	0
3620	253	0
3621	253	0
3622	253	0
3623	253	0
3624	253	0
3625	253	0
3626	253	0
3627	253	0
3628	253	0
3629	253	0
3630	253	0
3631	253	0
3632	254	0
3633	253	0
3634	253	0
3635	253	0
3636	253	0
3637	253	0
3638	253	0
3639	253	0
3640	253	0
3641	253	0
3642	253	0
3643	254	0
3644	253	0
3645	253	0
3646	253	0
3647	253	0
3648	253	0
3649	254	0
3650	253	0
3651	253	0
3652	253	0
3653	253	0
3654	253	0
3655	253	0
3656	253	0
3657	254	0
3658	253	0
3659	253	0
3660	254	0
3661	253	0
3662	253	0
3663	253	0
3664	253	0
3665	253	0
3666	253	0
3667	253	0
3668	253	0
3669	253	0
3670	253	0
3671	253	0
3672	253	0
3673	253	0
3674	253	0
3675	254	0
3676	253	0
3677	253	0
3678	253	0
3679	253	0
3680	253	0
3681	253	0
3682	253	0
3683	253	0
3684	254	0
3685	253	0
3686	253	0
3687	253	0
3688	253	0
3689	253	0
3690	253	0
3691	254	0
3692	253	0
3693	253	0
3694	253	0
3695	253	0
3696	253	0
3697	253	0
3698	253	0
3699	253	0
3700	254	0
3701	249	0
3702	239	0
3703	229	0
3704	216	0
3705	205	0
3706	193	0
3707	183	0
3708	173	0
3709	172	0
3710	171	0
3711	172	0
3712	171	0
3713	171	0
3714	172	0
3715	172	0
3716	171	0
3717	173	0
3718	171	0
3719	167	0
3720	163	0
3721	160	0
3722	156	0
3723	153	0
3724	148	0
3725	144	0
3726	139	0
3727	134	0
3728	129	0
3729	121	0
3730	115	0
3731	107	0
3732	100	0
3733	92	0
3734	91	0
3735	90	0
3736	90	0
3737	91	0
3738	91	0
3739	91	0
3740	91	0
3741	90	0
3742	91	0
3743	91	0
3744	91	0
3745	91	0
3746	91	0
3747	91	0
3748	91	0
3749	91	0
3750	91	0
3751	91	0
3752	91	0
3753	91	0
3754	91	0
3755	91	0
3756	91	0
3757	91	0
3758	90	0
3759	91	0
3760	91	0
3761	91	0
3762	90	0
3763	91	0
3764	91	0
3765	91	0
3766	91	0
3767	91	0
3768	91	0
3769	91	0
3770	90	0
3771	91	0
3772	91	0
3773	90	0
3774	91	0
3775	90	0
3776	90	0
3777	90	0
3778	91	0
3779	91	0
3780	91	0
3781	91	0
3782	91	0
3783	90	0
3784	90	0
3785	91	0
3786	91	0
3787	91	0
3788	91	0
3789	91	0
3790	91	0
3791	91	0
3792	91	0
3793	91	0
3794	90	0
3795	90	0
3796	91	0
3797	90	0
3798	91	0
3799	90	0
3800	91	0
3801	91	0
3802	91	0
3803	91	0
3804	91	0
3805	91	0
3806	91	0
3807	91	0
3808	91	0
3809	90	0
3810	91	0
3811	91	0
3812	91	0
3813	91	0
3814	91	0
3815	90	0
3816	91	0
3817	91	0
3818	91	0
3819	91	0
3820	91	0
3821	90	0
3822	90	0
3823	91	0
3824	91	0
3825	91	0
3826	90	0
3827	91	0
3828	90	0
3829	90	0
3830	91	0
3831	91	0
3832	90	0
3833	91	0
3834	91	0
3835	90	0
3836	90	0
3837	91	0
3838	91	0
3839	91	0
3840	91	0
3841	91	0
3842	91	0
3843	91	0
3844	90	0
3845	91	0
3846	91	0
3847	90	0
3848	90	0
3849	91	0
3850	91	0
3851	91	0
3852	90	0
3853	91	0
3854	91	0
3855	91	0
3856	91	0
3857	90	0
3858	91	0
3859	93	0
3860	103	0
3861	112	0
3862	123	0
3863	134	0
3864	145	0
3865	159	0
3866	171	0
3867	171	0
3868	172	0
3869	171	0
3870	172	0
3871	173	0
3872	171	0
3873	173	0
3874	172	0
3875	175	0
3876	181	0
3877	187	0
3878	193	0
3879	200	0
3880	208	0
3881	214	0
3882	224	0
3883	233	0
3884	242	0
3885	253	0
3886	253	0
3887	253	0
3888	253	0
3889	253	0
3890	253	0
3891	253	0
3892	253	0
3893	253	0
3894	253	0
3895	253	0
3896	253	0
3897	254	0
3898	253	0
3899	253	0
3900	253	0
3901	253	0
3902	254	0
3903	253	0
3904	253	0
3905	253	0
3906	254	0
3907	253	0
3908	253	0
3909	253	0
3910	253	0
3911	253	0
3912	253	0
3913	253	0
3914	253	0
3915	253	0
3916	253	0
3917	253	0
3918	253	0
3919	253	0
3920	253	0
3921	253	0
3922	253	0
3923	253	0
3924	253	0
3925	253	0
3926	253	0
3927	253	0
3928	253	0
3929	253	0
3930	253	0
3931	253	0
3932	253	0
3933	253	0
3934	253	0
3935	253	0
3936	253	0
3937	253	0
3938	253	0
3939	253	0
3940	253	0
3941	253	0
3942	253	0
3943	253	0
3944	253	0
3945	253	0
3946	253	0
3947	253	0
3948	253	0
3949	253	0
3950	253	0
3951	253	0
3952	253	0
3953	253	0
3954	254	0
3955	253	0
3956	253	0
3957	253	0
3958	253	0
3959	253	0
3960	254	0
3961	253	0
3962	253	0
3963	253	0
3964	253	0
3965	253	0
3966	253	0
3967	253	0
3968	253	0
3969	253	0
3970	253	0
3971	253	0
3972	253	0
3973	253	0
3974	254	0
3975	253	0
3976	253	0
3977	253	0
3978	253	0
3979	253	0
3980	253	0
3981	253	0
3982	253	0
3983	253	0
3984	253	0
3985	253	0
3986	253	0
3987	253	0
3988	253	0
3989	253	0
3990	253	0
3991	253	0
3992	253	0
3993	253	0
3994	253	0
3995	253	0
3996	249	0
3997	236	0
3998	222	0
3999	205	0
4000	189	0
4001	172	0
4002	172	0
4003	171	0
4004	172	0
4005	171	0
4006	172	0
4007	172	0
4008	171	0
4009	167	0
4010	162	0
4011	160	0
4012	154	0
4013	148	0
4014	143	0
4015	135	0
4016	129	0
4017	121	0
4018	113	0
4019	105	0
4020	97	0
4021	91	0
4022	90	0
4023	91	0
4024	90	0
4025	91	0
4026	90	0
4027	91	0
4028	91	0
4029	91	0
4030	90	0
4031	90	0
4032	91	0
4033	91	0
4034	91	0
4035	90	0
4036	91	0
4037	91	0
4038	90	0
4039	91	0
4040	90	0
4041	90	0
4042	91	0
4043	91	0
4044	91	0
4045	90	0
4046	90	0
4047	91	0
4048	90	0
4049	90	0
4050	90	0
4051	91	0
4052	91	0
4053	90	0
4054	91	0
4055	91	0
4056	91	0
4057	91	0
4058	90	0
4059	90	0
4060	91	0
4061	91	0
4062	91	0
4063	91	0
4064	90	0
4065	91	0
4066	90	0
4067	91	0
4068	90	0
4069	91	0
4070	91	0
4071	91	0
4072	91	0
4073	91	0
4074	91	0
4075	90	0
4076	91	0
4077	91	0
4078	90	0
4079	91	0
4080	90	0
4081	91	0
4082	90	0
4083	91	0
4084	91	0
4085	91	0
4086	91	0
4087	90	0
4088	91	0
4089	90	0
4090	91	0
4091	90	0
4092	90	0
4093	90	0
4094	90	0
4095	91	0
4096	91	0
4097	91	0
4098	90	0
4099	91	0
4100	91	0
4101	90	0
4102	90	0
4103	91	0
4104	90	0
4105	91	0
4106	91	0
4107	91	0
4108	90	0
4109	91	0
4110	90	0
4111	90	0
4112	91	0
4113	91	0
4114	90	0
4115	91	0
4116	91	0
4117	90	0
4118	91	0
4119	91	0
4120	90	0
4121	91	0
4122	91	0
4123	91	0
4124	91	0
4125	90	0
4126	90	0
4127	90	0
4128	91	0
4129	91	0
4130	91	0
4131	91	0
4132	91	0
4133	91	0
4134	91	0
4135	90	0
4136	91	0
4137	91	0
4138	91	0
4139	90	0
4140	90	0
4141	90	0
4142	91	0
4143	91	0
4144	91	0
4145	91	0
4146	91	0
4147	91	0
4148	91	0
4149	91	0
4150	91	0
4151	91	0
4152	91	0
4153	97	0
4154	106	0
4155	115	0
4156	127	0
4157	137	0
4158	149	0
4159	161	0
4160	171	0
4161	171	0
4162	172	0
4163	171	0
4164	172	0
4165	172	0
4166	172	0
4167	171	0
4168	172	0
4169	171	0
4170	171	0
4171	171	0
4172	171	0
4173	171	0
4174	171	0
4175	171	0
4176	171	0
4177	172	0
4178	171	0
4179	171	0
4180	172	0
4181	172	0
4182	172	0
4183	172	0
4184	172	0
4185	171	0
4186	172	0
4187	172	0
4188	171	0
4189	171	0
4190	172	0
4191	171	0
4192	172	0
4193	171	0
4194	172	0
4195	171	0
4196	172	0
4197	172	0
4198	171	0
4199	172	0
4200	171	0
4201	171	0
4202	171	0
4203	171	0
4204	171	0
4205	171	0
4206	172	0
4207	171	0
4208	172	0
4209	171	0
4210	171	0
4211	171	0
4212	172	0
4213	172	0
4214	172	0
4215	172	0
4216	171	0
4217	171	0
4218	172	0
4219	171	0
4220	173	0
4221	171	0
4222	171	0
4223	172	0
4224	172	0
4225	171	0
4226	172	0
4227	172	0
4228	172	0
4229	172	0
4230	171	0
4231	172	0
4232	172	0
4233	172	0
4234	171	0
4235	171	0
4236	172	0
4237	172	0
4238	172	0
4239	171	0
4240	172	0
4241	172	0
4242	171	0
4243	173	0
4244	172	0
4245	171	0
4246	172	0
4247	172	0
4248	172	0
4249	171	0
4250	171	0
4251	171	0
4252	172	0
4253	172	0
4254	172	0
4255	171	0
4256	171	0
4257	172	0
4258	173	0
4259	172	0
4260	172	0
4261	172	0
4262	171	0
4263	172	0
4264	171	0
4265	172	0
4266	172	0
4267	172	0
4268	171	0
4269	172	0
4270	171	0
4271	171	0
4272	171	0
4273	171	0
4274	171	0
4275	171	0
4276	173	0
4277	171	0
4278	171	0
4279	173	0
4280	171	0
4281	171	0
4282	172	0
4283	172	0
4284	172	0
4285	172	0
4286	171	0
4287	171	0
4288	171	0
4289	171	0
4290	171	0
4291	172	0
4292	172	0
4293	171	0
4294	172	0
4295	171	0
4296	172	0
4297	173	0
4298	171	0
4299	173	0
4300	172	0
4301	171	0
4302	172	0
4303	172	0
4304	171	0
4305	173	0
4306	173	0
4307	172	0
4308	172	0
4309	171	0
4310	172	0
4311	172	0
4312	172	0
4313	172	0
4314	173	0
4315	173	0
4316	172	0
4317	172	0
4318	172	0
4319	171	0
4320	171	0
4321	172	0
4322	172	0
4323	171	0
4324	173	0
4325	171	0
4326	172	0
4327	173	0
4328	172	0
4329	173	0
4330	172	0
4331	172	0
4332	171	0
4333	172	0
4334	171	0
4335	171	0
4336	172	0
4337	172	0
4338	171	0
4339	172	0
4340	172	0
4341	171	0
4342	172	0
4343	173	0
4344	172	0
4345	171	0
4346	172	0
4347	171	0
4348	171	0
4349	173	0
4350	171	0
4351	171	0
4352	172	0
4353	172	0
4354	172	0
4355	171	0
4356	172	0
4357	171	0
4358	172	0
4359	171	0
4360	173	0
4361	172	0
4362	171	0
4363	173	0
4364	172	0
4365	172	0
4366	172	0
4367	171	0
4368	171	0
4369	172	0
4370	171	0
4371	171	0
4372	171	0
4373	172	0
4374	172	0
4375	171	0
4376	172	0
4377	171	0
4378	172	0
4379	172	0
4380	171	0
4381	171	0
4382	171	0
4383	172	0
4384	172	0
4385	171	0
4386	171	0
4387	172	0
4388	172	0
4389	171	0
4390	173	0
4391	172	0
4392	172	0
4393	172	0
4394	172	0
4395	172	0
4396	171	0
4397	172	0
4398	171	0
4399	171	0
4400	171	0
4401	172	0
4402	172	0
4403	172	0
4404	171	0
4405	171	0
4406	172	0
4407	172	0
4408	171	0
4409	172	0
4410	171	0
4411	171	0
4412	172	0
4413	171	0
4414	171	0
4415	171	0
4416	172	0
4417	171	0
4418	171	0
4419	172	0
4420	172	0
4421	172	0
4422	171	0
4423	172	0
4424	171	0
4425	172	0
4426	172	0
4427	171	0
4428	173	0
4429	171	0
4430	172	0
4431	171	0
4432	171	0
4433	172	0
4434	172	0
4435	172	0
4436	171	0
4437	172	0
4438	171	0
4439	173	0
4440	172	0
4441	171	0
4442	172	0
4443	171	0
4444	172	0
4445	171	0
4446	171	0
4447	172	0
4448	171	0
4449	171	0
4450	171	0
4451	172	0
4452	172	0
4453	171	0
4454	171	0
4455	172	0
4456	171	0
4457	172	0
4458	171	0
4459	171	0
4460	171	0
4461	172	0
4462	173	0
4463	171	0
4464	173	0
4465	171	0
4466	172	0
4467	171	0
4468	171	0
4469	172	0
4470	172	0
4471	172	0
4472	172	0
4473	171	0
4474	172	0
4475	172	0
4476	172	0
4477	172	0
4478	172	0
4479	172	0
4480	172	0
4481	172	0
4482	172	0
4483	172	0
4484	171	0
4485	172	0
4486	172	0
4487	172	0
4488	172	0
4489	171	0
4490	171	0
4491	171	0
4492	172	0
4493	173	0
4494	171	0
4495	173	0
4496	172	0
4497	172	0
4498	171	0
4499	172	0
4500	171	0
4501	172	0
4502	172	0
4503	172	0
4504	172	0
4505	172	0
4506	171	0
4507	172	0
4508	172	0
4509	171	0
4510	172	0
4511	173	0
4512	172	0
4513	171	0
4514	171	0
4515	171	0
4516	172	0
4517	172	0
4518	171	0
4519	172	0
4520	171	0
4521	172	0
4522	172	0
4523	172	0
4524	172	0
4525	171	0
4526	171	0
4527	171	0
4528	172	0
4529	172	0
4530	171	0
4531	173	0
4532	171	0
4533	171	0
4534	172	0
4535	172	0
4536	172	0
4537	172	0
4538	173	0
4539	173	0
4540	171	0
4541	172	0
4542	171	0
4543	172	0
4544	171	0
4545	171	0
4546	171	0
4547	172	0
4548	171	0
4549	171	0
4550	171	0
4551	173	0
4552	171	0
4553	172	0
4554	172	0
4555	171	0
4556	172	0
4557	173	0
4558	171	0
4559	172	0
4560	171	0
4561	172	0
4562	171	0
4563	172	0
4564	172	0
4565	172	0
4566	171	0
4567	172	0
4568	173	0
4569	172	0
4570	172	0
4571	172	0
4572	172	0
4573	172	0
4574	171	0
4575	171	0
4576	172	0
4577	171	0
4578	172	0
4579	172	0
4580	171	0
4581	172	0
4582	172	0
4583	172	0
4584	171	0
4585	171	0
4586	171	0
4587	171	0
4588	171	0
4589	172	0
4590	171	0
4591	171	0
4592	172	0
4593	171	0
4594	172	0
4595	171	0
4596	171	0
4597	172	0
4598	172	0
4599	172	0
4600	172	0
4601	172	0
4602	173	0
4603	172	0
4604	172	0
4605	171	0
4606	171	0
4607	172	0
4608	171	0
4609	172	0
4610	172	0
4611	172	0
4612	172	0
4613	171	0
4614	172	0
4615	171	0
4616	171	0
4617	171	0
4618	172	0
4619	172	0
4620	172	0
4621	171	0
4622	172	0
4623	171	0
4624	172	0
4625	171	0
4626	171	0
4627	172	0
4628	173	0
4629	171	0
4630	172	0
4631	171	0
4632	171	0
4633	171	0
4634	171	0
4635	172	0
4636	171	0
4637	171	0
4638	171	0
4639	172	0
4640	173	0
4641	171	0
4642	172	0
4643	171	0
4644	173	0
4645	172	0
4646	171	0
4647	173	0
4648	171	0
4649	171	0
4650	172	0
4651	173	0
4652	171	0
4653	172	0
4654	172	0
4655	172	0
4656	171	0
4657	171	0
4658	171	0
4659	172	0
4660	172	0
4661	172	0
4662	171	0
4663	172	0
4664	171	0
4665	172	0
4666	172	0
4667	172	0
4668	173	0
4669	173	0
4670	171	0
4671	171	0
4672	172	0
4673	171	0
4674	171	0
4675	171	0
4676	171	0
4677	173	0
4678	171	0
4679	172	0
4680	172	0
4681	172	0
4682	173	0
4683	173	0
4684	172	0
4685	171	0
4686	171	0
4687	171	0
4688	171	0
4689	171	0
4690	172	0
4691	171	0
4692	172	0
4693	173	0
4694	171	0
4695	172	0
4696	172	0
4697	172	0
4698	172	0
4699	171	0
4700	172	0
4701	171	0
4702	171	0
4703	172	0
4704	171	0
4705	172	0
4706	172	0
4707	172	0
4708	172	0
4709	172	0
4710	172	0
4711	171	0
4712	172	0
4713	173	0
4714	172	0
4715	171	0
4716	171	0
4717	172	0
4718	172	0
4719	172	0
4720	172	0
4721	171	0
4722	172	0
4723	171	0
4724	171	0
4725	172	0
4726	171	0
4727	171	0
4728	171	0
4729	172	0
4730	172	0
4731	172	0
4732	172	0
4733	172	0
4734	172	0
4735	172	0
4736	173	0
4737	171	0
4738	171	0
4739	171	0
4740	172	0
4741	172	0
4742	171	0
4743	171	0
4744	171	0
4745	172	0
4746	172	0
4747	171	0
4748	172	0
4749	172	0
4750	172	0
4751	171	0
4752	172	0
4753	172	0
4754	171	0
4755	171	0
4756	172	0
4757	172	0
4758	172	0
4759	172	0
4760	171	0
4761	171	0
4762	173	0
4763	172	0
4764	172	0
4765	172	0
4766	173	0
4767	171	0
4768	171	0
4769	171	0
4770	171	0
4771	172	0
4772	171	0
4773	171	0
4774	172	0
4775	172	0
4776	171	0
4777	173	0
4778	171	0
4779	171	0
4780	172	0
4781	171	0
4782	171	0
4783	172	0
4784	171	0
4785	173	0
4786	172	0
4787	171	0
4788	171	0
4789	172	0
4790	171	0
4791	172	0
4792	171	0
4793	172	0
4794	172	0
4795	173	0
4796	172	0
4797	172	0
4798	173	0
4799	172	0
4800	171	0
4801	172	0
4802	171	0
4803	172	0
4804	172	0
4805	171	0
4806	171	0
4807	172	0
4808	171	0
4809	172	0
4810	172	0
4811	172	0
4812	173	0
4813	171	0
4814	172	0
4815	171	0
4816	171	0
4817	171	0
4818	172	0
4819	172	0
4820	171	0
4821	172	0
4822	172	0
4823	171	0
4824	172	0
4825	171	0
4826	172	0
4827	172	0
4828	171	0
4829	171	0
4830	173	0
4831	171	0
4832	171	0
4833	171	0
4834	173	0
4835	171	0
4836	171	0
4837	172	0
4838	172	0
4839	172	0
4840	172	0
4841	173	0
4842	172	0
4843	172	0
4844	171	0
4845	171	0
4846	172	0
4847	172	0
4848	172	0
4849	172	0
4850	171	0
4851	172	0
4852	171	0
4853	171	0
4854	172	0
4855	172	0
4856	171	0
4857	171	0
4858	172	0
4859	172	0
4860	171	0
4861	172	0
4862	172	0
4863	171	0
4864	172	0
4865	172	0
4866	171	0
4867	171	0
4868	172	0
4869	169	0
4870	169	0
4871	169	0
4872	167	0
4873	166	0
4874	165	0
4875	165	0
4876	162	0
4877	163	0
4878	161	0
4879	161	0
4880	161	0
4881	161	0
4882	159	0
4883	159	0
4884	157	0
4885	155	0
4886	155	0
4887	154	0
4888	154	0
4889	153	0
4890	153	0
4891	152	0
4892	152	0
4893	149	0
4894	149	0
4895	147	0
4896	147	0
4897	147	0
4898	145	0
4899	145	0
4900	144	0
4901	143	0
4902	143	0
4903	142	0
4904	142	0
4905	142	0
4906	141	0
4907	141	0
4908	139	0
4909	139	0
4910	139	0
4911	137	0
4912	137	0
4913	137	0
4914	137	0
4915	136	0
4916	136	0
4917	136	0
4918	134	0
4919	135	0
4920	134	0
4921	134	0
4922	133	0
4923	133	0
4924	133	0
4925	133	0
4926	133	0
4927	133	0
4928	132	0
4929	131	0
4930	131	0
4931	130	0
4932	129	0
4933	129	0
4934	129	0
4935	129	0
4936	129	0
4937	128	0
4938	128	0
4939	128	0
4940	126	0
4941	125	0
4942	125	0
4943	125	0
4944	124	0
4945	123	0
4946	123	0
4947	123	0
4948	122	0
4949	122	0
4950	121	0
4951	121	0
4952	119	0
4953	119	0
4954	119	0
4955	118	0
4956	118	0
4957	117	0
4958	115	0
4959	115	0
4960	115	0
4961	114	0
4962	115	0
4963	113	0
4964	112	0
4965	111	0
4966	111	0
4967	110	0
4968	109	0
4969	109	0
4970	109	0
4971	108	0
4972	108	0
4973	108	0
4974	107	0
4975	106	0
4976	105	0
4977	105	0
4978	104	0
4979	104	0
4980	103	0
4981	103	0
4982	101	0
4983	102	0
4984	101	0
4985	101	0
4986	101	0
4987	100	0
4988	99	0
4989	97	0
4990	97	0
4991	96	0
4992	95	0
4993	94	0
4994	94	0
4995	93	0
4996	93	0
4997	91	0
4998	91	0
4999	91	0
5000	91	0
5001	90	0
5002	91	0
5003	90	0
5004	91	0
5005	90	0
5006	91	0
5007	91	0
5008	90	0
5009	90	0
5010	91	0
5011	91	0
5012	91	0
5013	91	0
5014	91	0
5015	90	0
5016	90	0
5017	91	0
5018	90	0
5019	91	0
5020	91	0
5021	90	0
5022	91	0
5023	91	0
5024	91	0
5025	91	0
5026	91	0
5027	91	0
5028	91	0
5029	91	0
5030	90	0
5031	91	0
5032	91	0
5033	91	0
5034	90	0
5035	91	0
5036	90	0
5037	91	0
5038	91	0
5039	90	0
5040	91	0
5041	91	0
5042	91	0
5043	91	0
5044	90	0
5045	91	0
5046	91	0
5047	90	0
5048	91	0
5049	90	0
5050	90	0
5051	91	0
5052	90	0
5053	90	0
5054	91	0
5055	90	0
5056	90	0
5057	91	0
5058	90	0
5059	91	0
5060	91	0
5061	90	0
5062	90	0
5063	91	0
5064	91	0
5065	91	0
5066	91	0
5067	91	0
5068	90	0
5069	91	0
5070	91	0
5071	91	0
5072	91	0
5073	91	0
5074	91	0
5075	91	0
5076	91	0
5077	91	0
5078	91	0
5079	91	0
5080	91	0
5081	91	0
5082	91	0
5083	91	0
5084	91	0
5085	90	0
5086	91	0
5087	91	0
5088	90	0
5089	90	0
5090	91	0
5091	90	0
5092	90	0
5093	90	0
5094	91	0
5095	91	0
5096	90	0
5097	91	0
5098	91	0
5099	91	0
5100	91	0
5101	91	0
5102	91	0
5103	90	0
5104	91	0
5105	91	0
5106	90	0
5107	91	0
5108	91	0
5109	91	0
5110	90	0
5111	91	0
5112	91	0
5113	91	0
5114	90	0
5115	91	0
5116	91	0
5117	90	0
5118	90	0
5119	91	0
5120	91	0
5121	91	0
5122	90	0
5123	90	0
5124	90	0
5125	90	0
5126	91	0
5127	91	0
5128	91	0
5129	91	0
5130	91	0
5131	91	0
5132	91	0
5133	91	0
5134	91	0
5135	91	0
5136	90	0
5137	91	0
5138	91	0
5139	91	0
5140	91	0
5141	91	0
5142	91	0
5143	91	0
5144	91	0
5145	91	0
5146	91	0
5147	90	0
5148	91	0
5149	90	0
5150	91	0
5151	91	0
5152	91	0
5153	90	0
5154	91	0
5155	91	0
5156	90	0
5157	91	0
5158	91	0
5159	91	0
5160	91	0
5161	91	0
5162	91	0
5163	91	0
5164	91	0
5165	91	0
5166	91	0
5167	91	0
5168	91	0
5169	91	0
5170	90	0
5171	91	0
5172	91	0
5173	91	0
5174	91	0
5175	91	0
5176	91	0
5177	91	0
5178	90	0
5179	91	0
5180	91	0
5181	91	0
5182	90	0
5183	91	0
5184	90	0
5185	91	0
5186	91	0
5187	90	0
5188	90	0
5189	91	0
5190	91	0
5191	91	0
5192	90	0
5193	91	0
5194	91	0
5195	91	0
5196	89	0
5197	90	0
5198	91	0
5199	91	0
5200	91	0
5201	91	0
5202	91	0
5203	90	0
5204	90	0
5205	90	0
5206	91	0
5207	91	0
5208	91	0
5209	90	0
5210	90	0
5211	91	0
5212	91	0
5213	91	0
5214	91	0
5215	91	0
5216	91	0
5217	91	0
5218	90	0
5219	91	0
5220	91	0
5221	91	0
5222	91	0
5223	91	0
5224	91	0
5225	91	0
5226	91	0
5227	91	0
5228	91	0
5229	91	0
5230	90	0
5231	91	0
5232	90	0
5233	90	0
5234	91	0
5235	90	0
5236	91	0
5237	91	0
5238	90	0
5239	90	0
5240	91	0
5241	91	0
5242	91	0
5243	91	0
5244	91	0
5245	91	0
5246	91	0
5247	91	0
5248	90	0
5249	91	0
5250	90	0
5251	91	0
5252	91	0
5253	91	0
5254	91	0
5255	91	0
5256	90	0
5257	91	0
5258	90	0
5259	91	0
5260	91	0
5261	90	0
5262	90	0
5263	91	0
5264	90	0
5265	90	0
5266	91	0
5267	91	0
5268	91	0
5269	91	0
5270	90	0
5271	91	0
5272	91	0
5273	90	0
5274	90	0
5275	91	0
5276	91	0
5277	90	0
5278	91	0
5279	91	0
5280	90	0
5281	90	0
5282	90	0
5283	91	0
5284	91	0
5285	91	0
5286	91	0
5287	91	0
5288	91	0
5289	91	0
5290	90	0
5291	91	0
5292	91	0
5293	91	0
5294	91	0
5295	90	0
5296	90	0
5297	90	0
5298	91	0
5299	91	0
5300	91	0
5301	90	0
5302	91	0
5303	91	0
5304	91	0
5305	91	0
5306	91	0
5307	91	0
5308	90	0
5309	91	0
5310	90	0
5311	91	0
5312	91	0
5313	90	0
5314	91	0
5315	90	0
5316	91	0
5317	91	0
5318	91	0
5319	90	0
5320	91	0
5321	91	0
5322	91	0
5323	90	0
5324	91	0
5325	91	0
5326	91	0
5327	90	0
5328	91	0
5329	90	0
5330	90	0
5331	91	0
5332	90	0
5333	91	0
5334	90	0
5335	91	0
5336	90	0
5337	90	0
5338	91	0
5339	91	0
5340	90	0
5341	91	0
5342	91	0
5343	90	0
5344	91	0
5345	90	0
5346	91	0
5347	91	0
5348	91	0
5349	91	0
5350	91	0
5351	91	0
5352	91	0
5353	91	0
5354	91	0
5355	91	0
5356	90	0
5357	91	0
5358	91	0
5359	90	0
5360	91	0
5361	90	0
5362	90	0
5363	91	0
5364	90	0
5365	90	0
5366	91	0
5367	91	0
5368	91	0
5369	91	0
5370	90	0
5371	91	0
5372	91	0
5373	91	0
5374	91	0
5375	90	0
5376	91	0
5377	91	0
5378	91	0
5379	91	0
5380	91	0
5381	91	0
5382	91	0
5383	91	0
5384	90	0
5385	91	0
5386	91	0
5387	91	0
5388	91	0
5389	91	0
5390	91	0
5391	90	0
5392	91	0
5393	91	0
5394	90	0
5395	91	0
5396	91	0
5397	90	0
5398	90	0
5399	90	0
5400	90	0
5401	91	0
5402	91	0
5403	90	0
5404	91	0
5405	91	0
5406	91	0
5407	91	0
5408	93	0
5409	94	0
5410	95	0
5411	97	0
5412	99	0
5413	101	0
5414	103	0
5415	105	0
5416	107	0
5417	109	0
5418	111	0
5419	113	0
5420	115	0
5421	117	0
5422	121	0
5423	122	0
5424	123	0
5425	127	0
5426	128	0
5427	131	0
5428	133	0
5429	135	0
5430	137	0
5431	139	0
5432	142	0
5433	144	0
5434	147	0
5435	147	0
5436	153	0
5437	154	0
5438	156	0
5439	160	0
5440	161	0
5441	165	0
5442	166	0
5443	169	0
5444	171	0
5445	172	0
5446	171	0
5447	172	0
5448	171	0
5449	172	0
5450	172	0
5451	172	0
5452	171	0
5453	172	0
5454	171	0
5455	172	0
5456	171	0
5457	171	0
5458	172	0
5459	171	0
5460	171	0
5461	171	0
5462	171	0
5463	171	0
5464	171	0
5465	171	0
5466	173	0
5467	173	0
5468	171	0
5469	171	0
5470	171	0
5471	172	0
5472	172	0
5473	171	0
5474	173	0
5475	172	0
5476	171	0
5477	172	0
5478	171	0
5479	171	0
5480	172	0
5481	172	0
5482	172	0
5483	172	0
5484	171	0
5485	172	0
5486	172	0
5487	171	0
5488	172	0
5489	171	0
5490	171	0
5491	171	0
5492	171	0
5493	171	0
5494	171	0
5495	172	0
5496	171	0
5497	172	0
5498	173	0
5499	171	0
5500	172	0
5501	171	0
5502	172	0
5503	171	0
5504	171	0
5505	172	0
5506	172	0
5507	173	0
5508	172	0
5509	171	0
5510	172	0
5511	171	0
5512	171	0
5513	172	0
5514	172	0
5515	172	0
5516	171	0
5517	171	0
5518	171	0
5519	171	0
5520	172	0
5521	173	0
5522	171	0
5523	171	0
5524	171	0
5525	172	0
5526	172	0
5527	172	0
5528	171	0
5529	173	0
5530	171	0
5531	172	0
5532	171	0
5533	171	0
5534	171	0
5535	172	0
5536	172	0
5537	172	0
5538	172	0
5539	173	0
5540	171	0
5541	172	0
5542	171	0
5543	171	0
5544	171	0
5545	173	0
5546	171	0
5547	171	0
5548	172	0
5549	171	0
5550	171	0
5551	173	0
5552	172	0
5553	172	0
5554	171	0
5555	171	0
5556	172	0
5557	172	0
5558	172	0
5559	172	0
5560	172	0
5561	172	0
5562	173	0
5563	172	0
5564	172	0
5565	172	0
5566	171	0
5567	172	0
5568	171	0
5569	171	0
5570	172	0
5571	173	0
5572	171	0
5573	173	0
5574	172	0
5575	172	0
5576	173	0
5577	171	0
5578	173	0
5579	172	0
5580	172	0
5581	171	0
5582	172	0
5583	172	0
5584	171	0
5585	172	0
5586	171	0
5587	171	0
5588	171	0
5589	173	0
5590	172	0
5591	171	0
5592	171	0
5593	172	0
5594	172	0
5595	172	0
5596	171	0
5597	171	0
5598	171	0
5599	172	0
5600	171	0
5601	171	0
5602	172	0
5603	171	0
5604	171	0
5605	172	0
5606	171	0
5607	172	0
5608	172	0
5609	171	0
5610	172	0
5611	172	0
5612	172	0
5613	171	0
5614	171	0
5615	172	0
5616	173	0
5617	172	0
5618	171	0
5619	172	0
5620	171	0
5621	172	0
5622	172	0
5623	172	0
5624	171	0
5625	172	0
5626	171	0
5627	171	0
5628	171	0
5629	171	0
5630	171	0
5631	172	0
5632	173	0
5633	172	0
5634	172	0
5635	173	0
5636	173	0
5637	173	0
5638	173	0
5639	175	0
5640	175	0
5641	177	0
5642	178	0
5643	178	0
5644	179	0
5645	181	0
5646	182	0
5647	183	0
5648	183	0
5649	184	0
5650	185	0
5651	187	0
5652	189	0
5653	189	0
5654	190	0
5655	191	0
5656	193	0
5657	194	0
5658	195	0
5659	197	0
5660	197	0
5661	198	0
5662	200	0
5663	201	0
5664	203	0
5665	205	0
5666	207	0
5667	209	0
5668	210	0
5669	211	0
5670	213	0
5671	215	0
5672	216	0
5673	218	0
5674	221	0
5675	222	0
5676	224	0
5677	225	0
5678	227	0
5679	228	0
5680	229	0
5681	229	0
5682	231	0
5683	233	0
5684	233	0
5685	234	0
5686	235	0
5687	237	0
5688	238	0
5689	239	0
5690	239	0
5691	240	0
5692	241	0
5693	243	0
5694	244	0
5695	245	0
5696	246	0
5697	247	0
5698	248	0
5699	249	0
5700	250	0
5701	252	0
5702	253	0
5703	253	0
5704	253	0
5705	253	0
5706	253	0
5707	253	0
5708	253	0
5709	253	0
5710	253	0
5711	253	0
5712	253	0
5713	253	0
5714	253	0
5715	253	0
5716	253	0
5717	253	0
5718	253	0
5719	253	0
5720	253	0
5721	253	0
5722	253	0
5723	253	0
5724	253	0
5725	253	0
5726	253	0
5727	253	0
5728	253	0
5729	253	0
5730	253	0
5731	253	0
5732	253	0
5733	253	0
5734	254	0
5735	253	0
5736	253	0
5737	253	0
5738	253	0
5739	253	0
5740	253	0
5741	254	0
5742	253	0
5743	253	0
5744	253	0
5745	253	0
5746	253	0
5747	253	0
5748	253	0
5749	253	0
5750	253	0
5751	253	0
5752	254	0
5753	253	0
5754	253	0
5755	253	0
5756	253	0
5757	253	0
5758	253	0
5759	254	0
5760	253	0
5761	253	0
5762	253	0
5763	253	0
5764	253	0
5765	253	0
5766	253	0
5767	253	0
5768	253	0
5769	253	0
5770	253	0
5771	253	0
5772	253	0
5773	253	0
5774	253	0
5775	253	0
5776	253	0
5777	253	0
5778	253	0
5779	253	0
5780	253	0
5781	253	0
5782	253	0
5783	253	0
5784	253	0
5785	253	0
5786	254	0
5787	253	0
5788	253	0
5789	253	0
5790	254	0
5791	253	0
5792	253	0
5793	253	0
5794	253	0
5795	253	0
5796	253	0
5797	253	0
5798	253	0
5799	253	0
5800	253	0
5801	254	0
5802	253	0
5803	253	0
5804	253	0
5805	253	0
5806	253	0
5807	253	0
5808	253	0
5809	253	0
5810	253	0
5811	253	0
5812	253	0
5813	253	0
5814	254	0
5815	253	0
5816	253	0
5817	253	0
5818	253	0
5819	253	0
5820	253	0
5821	253	0
5822	253	0
5823	253	0
5824	253	0
5825	253	0
5826	253	0
5827	253	0
5828	253	0
5829	253	0
5830	253	0
5831	253	0
5832	253	0
5833	253	0
5834	254	0
5835	253	0
5836	253	0
5837	253	0
5838	253	0
5839	253	0
5840	253	0
5841	253	0
5842	253	0
5843	254	0
5844	253	0
5845	253	0
5846	253	0
5847	253	0
5848	253	0
5849	253	0
5850	253	0
5851	253	0
5852	253	0
5853	253	0
5854	253	0
5855	253	0
5856	253	0
5857	253	0
5858	253	0
5859	253	0
5860	253	0
5861	253	0
5862	253	0
5863	253	0
5864	254	0
5865	253	0
5866	253	0
5867	253	0
5868	254	0
5869	253	0
5870	254	0
5871	253	0
5872	253	0
5873	253	0
5874	253	0
5875	253	0
5876	253	0
5877	253	0
5878	253	0
5879	253	0
5880	254	0
5881	253	0
5882	253	0
5883	253	0
5884	253	0
5885	253	0
5886	253	0
5887	253	0
5888	253	0
5889	253	0
5890	253	0
5891	253	0
5892	253	0
5893	253	0
5894	253	0
5895	253	0
5896	253	0
5897	253	0
5898	253	0
5899	253	0
5900	253	0
5901	253	0
5902	253	0
5903	253	0
5904	253	0
5905	253	0
5906	253	0
5907	253	0
5908	253	0
5909	253	0
5910	253	0
5911	253	0
5912	253	0
5913	253	0
5914	253	0
5915	254	0
5916	253	0
5917	253	0
5918	253	0
5919	253	0
5920	253	0
5921	253	0
5922	253	0
5923	253	0
5924	253	0
5925	253	0
5926	253	0
5927	253	0
5928	253	0
5929	253	0
5930	254	0
5931	253	0
5932	253	0
5933	253	0
5934	253	0
5935	253	0
5936	253	0
5937	253	0
5938	253	0
5939	253	0
5940	253	0
5941	253	0
5942	254	0
5943	253	0
5944	253	0
5945	254	0
5946	253	0
5947	253	0
5948	253	0
5949	253	0
5950	253	0
5951	253	0
5952	253	0
5953	253	0
5954	254	0
5955	253	0
5956	253	0
5957	253	0
5958	253	0
5959	253	0
5960	253	0
5961	253	0
5962	253	0
5963	253	0
5964	253	0
5965	253	0
5966	253	0
5967	253	0
5968	253	0
5969	253	0
5970	254	0
5971	253	0
5972	253	0
5973	253	0
5974	253	0
5975	253	0
5976	253	0
5977	254	0
5978	253	0
5979	253	0
5980	253	0
5981	253	0
5982	253	0
5983	253	0
5984	253	0
5985	253	0
5986	254	0
5987	253	0
5988	253	0
5989	253	0
5990	253	0
5991	253	0
5992	254	0
5993	253	0
5994	253	0
5995	253	0
5996	253	0
5997	253	0
5998	254	0
5999	253	0
6000	253	0
6001	253	0
6002	254	0
6003	253	0
6004	253	0
6005	254	0
6006	253	0
6007	253	0
6008	253	0
6009	253	0
6010	253	0
6011	253	0
6012	253	0
6013	253	0
6014	253	0
6015	253	0
6016	253	0
6017	253	0
6018	253	0
6019	253	0
6020	253	0
6021	253	0
6022	253	0
6023	253	0
6024	253	0
6025	253	0
6026	253	0
6027	253	0
6028	253	0
6029	253	0
6030	253	0
6031	253	0
6032	253	0
6033	253	0
6034	253	0
6035	253	0
6036	253	0
6037	253	0
6038	253	0
6039	253	0
6040	253	0
6041	254	0
6042	254	0
6043	253	0
6044	253	0
6045	253	0
6046	254	0
6047	253	0
6048	253	0
6049	254	0
6050	253	0
6051	253	0
6052	253	0
6053	253	0
6054	253	0
6055	253	0
6056	253	0
6057	253	0
6058	253	0
6059	254	0
6060	253	0
6061	253	0
6062	253	0
6063	254	0
6064	253	0
6065	253	0
6066	253	0
6067	253	0
6068	253	0
6069	253	0
6070	253	0
6071	253	0
6072	253	0
6073	253	0
6074	254	0
6075	253	0
6076	253	0
6077	253	0
6078	253	0
6079	253	0
6080	253	0
6081	253	0
6082	253	0
6083	253	0
6084	253	0
6085	253	0
6086	253	0
6087	253	0
6088	253	0
6089	253	0
6090	253	0
6091	253	0
6092	253	0
6093	253	0
6094	253	0
6095	253	0
6096	253	0
6097	254	0
6098	253	0
6099	253	0
6100	254	0
6101	253	0
6102	254	0
6103	253	0
6104	253	0
6105	253	0
6106	253	0
6107	253	0
6108	253	0
6109	253	0
6110	253	0
6111	253	0
6112	253	0
6113	253	0
6114	253	0
6115	253	0
6116	253	0
6117	253	0
6118	253	0
6119	253	0
6120	253	0
6121	253	0
6122	253	0
6123	253	0
6124	253	0
6125	253	0
6126	253	0
6127	253	0
6128	253	0
6129	253	0
6130	253	0
6131	253	0
6132	253	0
6133	253	0
6134	253	0
6135	253	0
6136	253	0
6137	253	0
6138	253	0
6139	253	0
6140	253	0
6141	253	0
6142	253	0
6143	253	0
6144	253	0
6145	253	0
6146	253	0
6147	253	0
6148	253	0
6149	253	0
6150	253	0
6151	253	0
6152	254	0
6153	253	0
6154	253	0
6155	253	0
6156	253	0
6157	253	0
6158	253	0
6159	253	0
6160	254	0
6161	253	0
6162	253	0
6163	253	0
6164	253	0
6165	253	0
6166	253	0
6167	253	0
6168	253	0
6169	254	0
6170	253	0
6171	253	0
6172	253	0
6173	253	0
6174	254	0
6175	253	0
6176	253	0
6177	254	0
6178	253	0
6179	253	0
6180	253	0
6181	253	0
6182	253	0
6183	253	0
6184	253	0
6185	253	0
6186	253	0
6187	253	0
6188	253	0
6189	253	0
6190	253	0
6191	253	0
6192	253	0
6193	253	0
6194	253	0
6195	253	0
6196	253	0
6197	253	0
6198	253	0
6199	253	0
6200	253	0
6201	253	0
6202	253	0
6203	253	0
6204	254	0
6205	253	0
6206	253	0
6207	253	0
6208	253	0
6209	253	0
6210	253	0
6211	253	0
6212	253	0
6213	253	0
6214	253	0
6215	254	0
6216	253	0
6217	253	0
6218	253	0
6219	253	0
6220	253	0
6221	253	0
6222	253	0
6223	253	0
6224	253	0
6225	253	0
6226	253	0
6227	253	0
6228	253	0
6229	253	0
6230	253	0
6231	253	0
6232	253	0
6233	253	0
6234	253	0
6235	253	0
6236	253	0
6237	253	0
6238	253	0
6239	253	0
6240	253	0
6241	253	0
6242	254	0
6243	253	0
6244	253	0
6245	254	0
6246	253	0
6247	253	0
6248	253	0
6249	253	0
6250	253	0
6251	253	0
6252	253	0
6253	253	0
6254	253	0
6255	253	0
6256	253	0
6257	253	0
6258	253	0
6259	253	0
6260	254	0
6261	253	0
6262	253	0
6263	253	0
6264	253	0
6265	253	0
6266	253	0
6267	253	0
6268	253	0
6269	253	0
6270	253	0
6271	253	0
6272	253	0
6273	253	0
6274	253	0
6275	253	0
6276	253	0
6277	253	0
6278	253	0
6279	253	0
6280	253	0
6281	253	0
6282	254	0
6283	253	0
6284	253	0
6285	253	0
6286	253	0
6287	253	0
6288	253	0
6289	253	0
6290	253	0
6291	254	0
6292	253	0
6293	253	0
6294	253	0
6295	253	0
6296	253	0
6297	253	0
6298	253	0
6299	253	0
6300	253	0
6301	253	0
6302	253	0
6303	253	0
6304	253	0
6305	253	0
6306	253	0
6307	253	0
6308	253	0
6309	253	0
6310	253	0
6311	254	0
6312	253	0
6313	253	0
6314	253	0
6315	253	0
6316	253	0
6317	253	0
6318	253	0
6319	253	0
6320	253	0
6321	253	0
6322	253	0
6323	253	0
6324	253	0
6325	253	0
6326	253	0
6327	254	0
6328	253	0
6329	253	0
6330	253	0
6331	253	0
6332	253	0
6333	253	0
6334	254	0
6335	253	0
6336	253	0
6337	253	0
6338	253	0
6339	253	0
6340	253	0
6341	253	0
6342	253	0
6343	253	0
6344	253	0
6345	253	0
6346	253	0
6347	253	0
6348	253	0
6349	253	0
6350	253	0
6351	253	0
6352	254	0
6353	253	0
6354	253	0
6355	253	0
6356	253	0
6357	253	0
6358	253	0
6359	253	0
6360	253	0
6361	254	0
6362	253	0
6363	253	0
6364	253	0
6365	254	0
6366	253	0
6367	253	0
6368	253	0
6369	253	0
6370	253	0
6371	253	0
6372	253	0
6373	253	0
6374	253	0
6375	253	0
6376	253	0
6377	253	0
6378	253	0
6379	253	0
6380	253	0
6381	253	0
6382	253	0
6383	253	0
6384	253	0
6385	253	0
6386	253	0
6387	253	0
6388	253	0
6389	253	0
6390	253	0
6391	253	0
6392	253	0
6393	253	0
6394	253	0
6395	254	0
6396	253	0
6397	253	0
6398	253	0
6399	253	0
6400	253	0
6401	253	0
6402	253	0
6403	253	0
6404	253	0
6405	253	0
6406	253	0
6407	253	0
6408	253	0
6409	253	0
6410	253	0
6411	253	0
6412	254	0
6413	253	0
6414	253	0
6415	253	0
6416	253	0
6417	253	0
6418	254	0
6419	253	0
6420	253	0
6421	254	0
6422	253	0
6423	253	0
6424	253	0
6425	253	0
6426	253	0
6427	253	0
6428	253	0
6429	253	0
6430	253	0
6431	253	0
6432	253	0
6433	253	0
6434	253	0
6435	253	0
6436	253	0
6437	253	0
6438	253	0
6439	253	0
6440	253	0
6441	253	0
6442	253	0
6443	253	0
6444	253	0
6445	253	0
6446	253	0
6447	253	0
6448	253	0
6449	253	0
6450	253	0
6451	253	0
6452	253	0
6453	253	0
6454	253	0
6455	253	0
6456	254	0
6457	253	0
6458	253	0
6459	253	0
6460	253	0
6461	253	0
6462	253	0
6463	253	0
6464	253	0
6465	254	0
6466	253	0
6467	253	0
6468	253	0
6469	254	0
6470	253	0
6471	253	0
6472	253	0
6473	253	0
6474	253	0
6475	253	0
6476	253	0
6477	253	0
6478	253	0
6479	253	0
6480	253	0
6481	253	0
6482	254	0
6483	253	0
6484	253	0
6485	253	0
6486	253	0
6487	253	0
6488	253	0
6489	253	0
6490	253	0
6491	253	0
6492	253	0
6493	253	0
6494	253	0
6495	253	0
6496	253	0
6497	253	0
6498	253	0
6499	253	0
6500	253	0
6501	254	0
6502	253	0
6503	253	0
6504	253	0
6505	253	0
6506	253	0
6507	253	0
6508	253	0
6509	253	0
6510	253	0
6511	253	0
6512	253	0
6513	253	0
6514	253	0
6515	253	0
6516	253	0
6517	253	0
6518	253	0
6519	253	0
6520	253	0
6521	253	0
6522	253	0
6523	253	0
6524	253	0
6525	254	0
6526	253	0
6527	253	0
6528	253	0
6529	253	0
6530	254	0
6531	253	0
6532	253	0
6533	253	0
6534	253	0
6535	253	0
6536	253	0
6537	253	0
6538	253	0
6539	253	0
6540	253	0
6541	253	0
6542	253	0
6543	253	0
6544	253	0
6545	254	0
6546	253	0
6547	253	0
6548	253	0
6549	253	0
6550	253	0
6551	253	0
6552	253	0
6553	253	0
6554	253	0
6555	253	0
6556	253	0
6557	253	0
6558	253	0
6559	253	0
6560	253	0
6561	253	0
6562	253	0
6563	253	0
6564	253	0
6565	253	0
6566	253	0
6567	253	0
6568	253	0
6569	254	0
6570	253	0
6571	253	0
6572	253	0
6573	254	0
6574	253	0
6575	253	0
6576	253	0
6577	253	0
6578	253	0
6579	254	0
6580	253	0
6581	253	0
6582	253	0
6583	253	0
6584	253	0
6585	253	0
6586	253	0
6587	253	0
6588	253	0
6589	253	0
6590	253	0
6591	253	0
6592	253	0
6593	253	0
6594	253	0
6595	253	0
6596	253	0
6597	253	0
6598	253	0
6599	253	0
6600	253	0
6601	253	0
6602	253	0
6603	253	0
6604	253	0
6605	253	0
6606	253	0
6607	253	0
6608	253	0
6609	253	0
6610	254	0
6611	253	0
6612	253	0
6613	253	0
6614	253	0
6615	253	0
6616	253	0
6617	253	0
6618	253	0
6619	253	0
6620	253	0
6621	253	0
6622	253	0
6623	253	0
6624	253	0
6625	254	0
6626	253	0
6627	253	0
6628	253	0
6629	253	0
6630	253	0
6631	253	0
6632	253	0
6633	253	0
6634	253	0
6635	253	0
6636	253	0
6637	253	0
6638	253	0
6639	253	0
6640	253	0
6641	253	0
6642	253	0
6643	253	0
6644	253	0
6645	253	0
6646	253	0
6647	254	0
6648	253	0
6649	253	0
6650	253	0
6651	253	0
6652	253	0
6653	253	0
6654	253	0
6655	253	0
6656	253	0
6657	253	0
6658	253	0
6659	253	0
6660	253	0
6661	253	0
6662	253	0
6663	253	0
6664	253	0
6665	253	0
6666	253	0
6667	253	0
6668	253	0
6669	253	0
6670	253	0
6671	254	0
6672	254	0
6673	253	0
6674	253	0
6675	253	0
6676	253	0
6677	253	0
6678	254	0
6679	253	0
6680	253	0
6681	253	0
6682	253	0
6683	253	0
6684	253	0
6685	253	0
6686	253	0
6687	253	0
6688	253	0
6689	253	0
6690	253	0
6691	253	0
6692	253	0
6693	253	0
6694	253	0
6695	253	0
6696	253	0
6697	253	0
6698	253	0
6699	253	0
6700	253	0
6701	254	0
6702	253	0
6703	253	0
6704	253	0
6705	253	0
6706	253	0
6707	254	0
6708	253	0
6709	253	0
6710	253	0
6711	253	0
6712	254	0
6713	253	0
6714	253	0
6715	253	0
6716	253	0
6717	254	0
6718	253	0
6719	253	0
6720	253	0
6721	253	0
6722	253	0
6723	253	0
6724	253	0
6725	253	0
6726	253	0
6727	253	0
6728	253	0
6729	253	0
6730	254	0
6731	253	0
6732	253	0
6733	253	0
6734	253	0
6735	253	0
6736	253	0
6737	253	0
6738	254	0
6739	254	0
6740	253	0
6741	254	0
6742	254	0
6743	253	0
6744	253	0
6745	253	0
6746	253	0
6747	253	0
6748	253	0
6749	253	0
6750	253	0
6751	253	0
6752	253	0
6753	253	0
6754	253	0
6755	253	0
6756	253	0
6757	253	0
6758	253	0
6759	253	0
6760	253	0
6761	253	0
6762	253	0
6763	252	0
6764	253	0
6765	253	0
6766	253	0
6767	254	0
6768	253	0
6769	253	0
6770	253	0
6771	253	0
6772	253	0
6773	253	0
6774	253	0
6775	253	0
6776	253	0
6777	253	0
6778	253	0
6779	253	0
6780	253	0
6781	253	0
6782	253	0
6783	253	0
6784	253	0
6785	253	0
6786	253	0
6787	253	0
6788	253	0
6789	253	0
6790	253	0
6791	253	0
6792	252	0
6793	251	0
6794	251	0
6795	251	0
6796	249	0
6797	249	0
6798	249	0
6799	249	0
6800	249	0
6801	249	0
6802	249	0
6803	248	0
6804	248	0
6805	247	0
6806	248	0
6807	247	0
6808	247	0
6809	247	0
6810	246	0
6811	246	0
6812	245	0
6813	245	0
6814	245	0
6815	244	0
6816	244	0
6817	243	0
6818	243	0
6819	243	0
6820	242	0
6821	241	0
6822	241	0
6823	241	0
6824	240	0
6825	240	0
6826	240	0
6827	241	0
6828	240	0
6829	239	0
6830	239	0
6831	238	0
6832	238	0
6833	237	0
6834	237	0
6835	236	0
6836	235	0
6837	235	0
6838	234	0
6839	233	0
6840	233	0
6841	232	0
6842	229	0
6843	229	0
6844	229	0
6845	228	0
6846	227	0
6847	225	0
6848	225	0
6849	223	0
6850	223	0
6851	221	0
6852	218	0
6853	217	0
6854	215	0
6855	214	0
6856	213	0
6857	211	0
6858	209	0
6859	209	0
6860	206	0
6861	205	0
6862	203	0
6863	201	0
6864	200	0
6865	199	0
6866	197	0
6867	195	0
6868	195	0
6869	193	0
6870	193	0
6871	190	0
6872	190	0
6873	189	0
6874	188	0
6875	185	0
6876	184	0
6877	183	0
6878	183	0
6879	181	0
6880	181	0
6881	179	0
6882	177	0
6883	175	0
6884	174	0
6885	173	0
6886	172	0
6887	172	0
6888	173	0
6889	171	0
6890	172	0
6891	172	0
6892	173	0
6893	171	0
6894	173	0
6895	172	0
6896	171	0
6897	173	0
6898	173	0
6899	172	0
6900	172	0
6901	171	0
6902	171	0
6903	171	0
6904	171	0
6905	171	0
6906	171	0
6907	171	0
6908	172	0
6909	171	0
6910	172	0
6911	173	0
6912	172	0
6913	171	0
6914	171	0
6915	171	0
6916	172	0
6917	171	0
6918	171	0
6919	172	0
6920	171	0
6921	171	0
6922	172	0
6923	171	0
6924	172	0
6925	172	0
6926	171	0
6927	172	0
6928	171	0
6929	171	0
6930	172	0
6931	172	0
6932	171	0
6933	171	0
6934	171	0
6935	172	0
6936	172	0
6937	172	0
6938	172	0
6939	172	0
6940	172	0
6941	171	0
6942	171	0
6943	172	0
6944	171	0
6945	173	0
6946	172	0
6947	172	0
6948	171	0
6949	172	0
6950	172	0
6951	171	0
6952	172	0
6953	171	0
6954	173	0
6955	171	0
6956	171	0
6957	173	0
6958	171	0
6959	172	0
6960	171	0
6961	171	0
6962	171	0
6963	171	0
6964	173	0
6965	171	0
6966	173	0
6967	172	0
6968	172	0
6969	172	0
6970	171	0
6971	171	0
6972	171	0
6973	171	0
6974	171	0
6975	172	0
6976	172	0
6977	172	0
6978	172	0
6979	171	0
6980	172	0
6981	172	0
6982	171	0
6983	171	0
6984	172	0
6985	171	0
6986	172	0
6987	171	0
6988	171	0
6989	172	0
6990	172	0
6991	172	0
6992	172	0
6993	172	0
6994	172	0
6995	172	0
6996	172	0
6997	171	0
6998	172	0
6999	172	0
7000	172	0
7001	171	0
7002	171	0
7003	172	0
7004	172	0
7005	172	0
7006	171	0
7007	172	0
7008	171	0
7009	171	0
7010	171	0
7011	172	0
7012	172	0
7013	173	0
7014	171	0
7015	172	0
7016	172	0
7017	172	0
7018	172	0
7019	172	0
7020	172	0
7021	172	0
7022	171	0
7023	171	0
7024	171	0
7025	172	0
7026	172	0
7027	171	0
7028	171	0
7029	171	0
7030	171	0
7031	172	0
7032	172	0
7033	171	0
7034	171	0
7035	171	0
7036	172	0
7037	172	0
7038	171	0
7039	171	0
7040	172	0
7041	172	0
7042	173	0
7043	172	0
7044	171	0
7045	172	0
7046	171	0
7047	173	0
7048	172	0
7049	172	0
7050	173	0
7051	171	0
7052	171	0
7053	171	0
7054	172	0
7055	173	0
7056	172	0
7057	171	0
7058	172	0
7059	171	0
7060	172	0
7061	171	0
7062	172	0
7063	172	0
7064	172	0
7065	173	0
7066	172	0
7067	171	0
7068	172	0
7069	172	0
7070	171	0
7071	172	0
7072	172	0
7073	172	0
7074	172	0
7075	172	0
7076	171	0
7077	172	0
7078	171	0
7079	172	0
7080	172	0
7081	173	0
7082	172	0
7083	172	0
7084	172	0
7085	172	0
7086	172	0
7087	173	0
7088	172	0
7089	171	0
7090	171	0
7091	171	0
7092	171	0
7093	171	0
7094	172	0
7095	171	0
7096	172	0
7097	173	0
7098	172	0
7099	171	0
7100	172	0
7101	173	0
7102	173	0
7103	171	0
7104	172	0
7105	172	0
7106	172	0
7107	171	0
7108	172	0
7109	172	0
7110	172	0
7111	172	0
7112	171	0
7113	172	0
7114	173	0
7115	171	0
7116	172	0
7117	171	0
7118	172	0
7119	172	0
7120	173	0
7121	172	0
7122	171	0
7123	172	0
7124	171	0
7125	172	0
7126	172	0
7127	172	0
7128	171	0
7129	172	0
7130	173	0
7131	172	0
7132	172	0
7133	173	0
7134	171	0
7135	172	0
7136	172	0
7137	171	0
7138	171	0
7139	173	0
7140	171	0
7141	172	0
7142	172	0
7143	171	0
7144	172	0
7145	172	0
7146	172	0
7147	172	0
7148	172	0
7149	172	0
7150	172	0
7151	172	0
7152	171	0
7153	171	0
7154	172	0
7155	172	0
7156	172	0
7157	173	0
7158	171	0
7159	172	0
7160	173	0
7161	171	0
7162	172	0
7163	171	0
7164	171	0
7165	171	0
7166	172	0
7167	173	0
7168	171	0
7169	171	0
7170	172	0
7171	173	0
7172	172	0
7173	171	0
7174	172	0
7175	172	0
7176	173	0
7177	173	0
7178	172	0
7179	171	0
7180	172	0
7181	173	0
7182	173	0
7183	173	0
7184	173	0
7185	173	0
7186	172	0
7187	172	0
7188	172	0
7189	172	0
7190	173	0
7191	173	0
7192	173	0
7193	173	0
7194	173	0
7195	173	0
7196	173	0
7197	172	0
7198	173	0
7199	173	0
7200	173	0
7201	173	0
7202	173	0
7203	173	0
7204	173	0
7205	173	0
7206	173	0
7207	173	0
7208	173	0
7209	174	0
7210	174	0
7211	174	0
7212	173	0
7213	174	0
7214	174	0
7215	174	0
7216	174	0
7217	174	0
7218	174	0
7219	174	0
7220	175	0
7221	174	0
7222	174	0
7223	174	0
7224	174	0
7225	174	0
7226	174	0
7227	175	0
7228	175	0
7229	174	0
7230	175	0
7231	174	0
7232	174	0
7233	175	0
7234	175	0
7235	175	0
7236	175	0
7237	174	0
7238	174	0
7239	175	0
7240	175	0
7241	174	0
7242	174	0
7243	175	0
7244	175	0
7245	175	0
7246	174	0
7247	175	0
7248	175	0
7249	174	0
7250	175	0
7251	174	0
7252	175	0
7253	175	0
7254	175	0
7255	175	0
7256	175	0
7257	174	0
7258	174	0
7259	175	0
7260	175	0
7261	174	0
7262	175	0
7263	174	0
7264	175	0
7265	175	0
7266	174	0
7267	174	0
7268	175	0
7269	175	0
7270	175	0
7271	175	0
7272	175	0
7273	175	0
7274	175	0
7275	175	0
7276	175	0
7277	175	0
7278	174	0
7279	174	0
7280	175	0
7281	175	0
7282	174	0
7283	174	0
7284	175	0
7285	174	0
7286	175	0
7287	175	0
7288	175	0
7289	175	0
7290	175	0
7291	174	0
7292	175	0
7293	175	0
7294	175	0
7295	175	0
7296	175	0
7297	175	0
7298	175	0
7299	175	0
7300	175	0
7301	175	0
7302	175	0
7303	175	0
7304	175	0
7305	175	0
7306	175	0
7307	175	0
7308	175	0
7309	175	0
7310	175	0
7311	176	0
7312	175	0
7313	175	0
7314	175	0
7315	175	0
7316	177	0
7317	176	0
7318	175	0
7319	175	0
7320	176	0
7321	177	0
7322	177	0
7323	176	0
7324	177	0
7325	176	0
7326	177	0
7327	177	0
7328	177	0
7329	177	0
7330	178	0
7331	178	0
7332	178	0
7333	179	0
7334	179	0
7335	180	0
7336	181	0
7337	181	0
7338	181	0
7339	181	0
7340	182	0
7341	183	0
7342	184	0
7343	184	0
7344	185	0
7345	184	0
7346	184	0
7347	186	0
7348	187	0
7349	187	0
7350	189	0
7351	189	0
7352	189	0
7353	189	0
7354	190	0
7355	190	0
7356	191	0
7357	191	0
7358	191	0
7359	191	0
7360	191	0
7361	193	0
7362	193	0
7363	194	0
7364	194	0
7365	194	0
7366	194	0
7367	195	0
7368	195	0
7369	196	0
7370	195	0
7371	197	0
7372	197	0
7373	196	0
7374	197	0
7375	197	0
7376	197	0
7377	197	0
7378	198	0
7379	199	0
7380	199	0
7381	199	0
7382	199	0
7383	199	0
7384	201	0
7385	202	0
7386	202	0
7387	202	0
7388	203	0
7389	204	0
7390	205	0
7391	205	0
7392	206	0
7393	207	0
7394	209	0
7395	209	0
7396	210	0
7397	212	0
7398	213	0
7399	214	0
7400	215	0
7401	215	0
7402	216	0
7403	217	0
7404	219	0
7405	221	0
7406	222	0
7407	223	0
7408	224	0
7409	223	0
7410	225	0
7411	225	0
7412	227	0
7413	227	0
7414	229	0
7415	229	0
7416	230	0
7417	230	0
7418	233	0
7419	233	0
7420	234	0
7421	235	0
7422	235	0
7423	236	0
7424	237	0
7425	238	0
7426	239	0
7427	239	0
7428	239	0
7429	240	0
7430	241	0
7431	241	0
7432	242	0
7433	243	0
7434	243	0
7435	245	0
7436	245	0
7437	245	0
7438	246	0
7439	247	0
7440	247	0
7441	247	0
7442	248	0
7443	249	0
7444	249	0
7445	249	0
7446	249	0
7447	249	0
7448	250	0
7449	251	0
7450	251	0
7451	253	0
7452	253	0
7453	253	0
7454	253	0
7455	253	0
7456	253	0
7457	253	0
7458	253	0
7459	253	0
7460	253	0
7461	253	0
7462	253	0
7463	253	0
7464	253	0
7465	253	0
7466	253	0
7467	253	0
7468	253	0
7469	253	0
7470	253	0
7471	253	0
7472	253	0
7473	253	0
7474	253	0
7475	253	0
7476	253	0
7477	253	0
7478	253	0
7479	253	0
7480	253	0
7481	253	0
7482	253	0
7483	253	0
7484	253	0
7485	253	0
7486	253	0
7487	253	0
7488	253	0
7489	253	0
7490	253	0
7491	253	0
7492	253	0
7493	253	0
7494	253	0
7495	253	0
7496	253	0
7497	253	0
7498	253	0
7499	253	0
7500	253	0
7501	253	0
7502	253	0
7503	253	0
7504	253	0
7505	253	0
7506	253	0
7507	253	0
7508	253	0
7509	253	0
7510	253	0
7511	253	0
7512	253	0
7513	253	0
7514	253	0
7515	253	0
7516	254	0
7517	253	0
7518	253	0
7519	253	0
7520	253	0
7521	253	0
7522	253	0
7523	253	0
7524	253	0
7525	253	0
7526	253	0
7527	253	0
7528	253	0
7529	253	0
7530	253	0
7531	254	0
7532	253	0
7533	253	0
7534	253	0
7535	253	0
7536	253	0
7537	253	0
7538	253	0
7539	253	0
7540	253	0
7541	253	0
7542	253	0
7543	253	0
7544	253	0
7545	253	0
7546	253	0
7547	253	0
7548	253	0
7549	253	0
7550	253	0
7551	253	0
7552	253	0
7553	253	0
7554	253	0
7555	253	0
7556	253	0
7557	254	0
7558	253	0
7559	253	0
7560	253	0
7561	253	0
7562	253	0
7563	253	0
7564	253	0
7565	253	0
7566	253	0
7567	253	0
7568	253	0
7569	253	0
7570	253	0
7571	253	0
7572	253	0
7573	253	0
7574	254	0
7575	253	0
7576	253	0
7577	253	0
7578	253	0
7579	253	0
7580	253	0
7581	253	0
7582	253	0
7583	254	0
7584	253	0
7585	253	0
7586	253	0
7587	253	0
7588	253	0
7589	253	0
7590	253	0
7591	253	0
7592	253	0
7593	253	0
7594	253	0
7595	253	0
7596	253	0
7597	253	0
7598	254	0
7599	253	0
7600	253	0
7601	253	0
7602	253	0
7603	253	0
7604	253	0
7605	253	0
7606	253	0
7607	253	0
7608	253	0
7609	253	0
7610	253	0
7611	253	0
7612	253	0
7613	253	0
7614	253	0
7615	253	0
7616	253	0
7617	253	0
7618	253	0
7619	253	0
7620	253	0
7621	254	0
7622	253	0
7623	253	0
7624	253	0
7625	254	0
7626	253	0
7627	253	0
7628	253	0
7629	253	0
7630	253	0
7631	253	0
7632	253	0
7633	253	0
7634	253	0
7635	253	0
7636	253	0
7637	253	0
7638	253	0
7639	253	0
7640	253	0
7641	253	0
7642	253	0
7643	253	0
7644	253	0
7645	254	0
7646	253	0
7647	253	0
7648	253	0
7649	253	0
7650	253	0
7651	253	0
7652	253	0
7653	253	0
7654	253	0
7655	253	0
7656	253	0
7657	253	0
7658	253	0
7659	253	0
7660	253	0
7661	253	0
7662	253	0
7663	253	0
7664	253	0
7665	253	0
7666	253	0
7667	253	0
7668	253	0
7669	253	0
7670	253	0
7671	253	0
7672	253	0
7673	253	0
7674	253	0
7675	253	0
7676	254	0
7677	253	0
7678	253	0
7679	253	0
7680	253	0
7681	253	0
7682	253	0
7683	253	0
7684	253	0
7685	253	0
7686	253	0
7687	253	0
7688	253	0
7689	253	0
7690	253	0
7691	254	0
7692	253	0
7693	253	0
7694	253	0
7695	253	0
7696	253	0
7697	253	0
7698	253	0
7699	253	0
7700	253	0
7701	253	0
7702	253	0
7703	253	0
7704	253	0
7705	253	0
7706	254	0
7707	253	0
7708	253	0
7709	253	0
7710	253	0
7711	254	0
7712	253	0
7713	253	0
7714	253	0
7715	253	0
7716	253	0
7717	253	0
7718	253	0
7719	253	0
7720	253	0
7721	253	0
7722	254	0
7723	253	0
7724	253	0
7725	253	0
7726	253	0
7727	253	0
7728	253	0
7729	253	0
7730	253	0
7731	254	0
7732	254	0
7733	253	0
7734	253	0
7735	254	0
7736	253	0
7737	253	0
7738	253	0
7739	253	0
7740	253	0
7741	253	0
7742	253	0
7743	253	0
7744	253	0
7745	253	0
7746	253	0
7747	253	0
7748	253	0
7749	253	0
7750	253	0
7751	253	0
7752	253	0
7753	253	0
7754	253	0
7755	253	0
7756	253	0
7757	253	0
7758	253	0
7759	253	0
7760	253	0
7761	253	0
7762	253	0
7763	253	0
7764	254	0
7765	253	0
7766	253	0
7767	253	0
7768	253	0
7769	253	0
7770	253	0
7771	253	0
7772	253	0
7773	253	0
7774	253	0
7775	253	0
7776	253	0
7777	253	0
7778	253	0
7779	253	0
7780	253	0
7781	253	0
7782	254	0
7783	253	0
7784	253	0
7785	254	0
7786	253	0
7787	253	0
7788	253	0
7789	253	0
7790	253	0
7791	253	0
7792	253	0
7793	253	0
7794	253	0
7795	253	0
7796	253	0
7797	253	0
7798	253	0
7799	253	0
7800	253	0
7801	253	0
7802	253	0
7803	253	0
7804	253	0
7805	253	0
7806	253	0
7807	253	0
7808	253	0
7809	253	0
7810	253	0
7811	253	0
7812	253	0
7813	253	0
7814	253	0
7815	253	0
7816	253	0
7817	253	0
7818	253	0
7819	253	0
7820	253	0
7821	253	0
7822	253	0
7823	253	0
7824	253	0
7825	253	0
7826	253	0
7827	253	0
7828	253	0
7829	253	0
7830	253	0
7831	254	0
7832	253	0
7833	253	0
7834	253	0
7835	253	0
7836	254	0
7837	253	0
7838	253	0
7839	253	0
7840	253	0
7841	253	0
7842	253	0
7843	253	0
7844	253	0
7845	253	0
7846	253	0
7847	254	0
7848	253	0
7849	253	0
7850	253	0
7851	253	0
7852	253	0
7853	253	0
7854	253	0
7855	253	0
7856	253	0
7857	253	0
7858	253	0
7859	253	0
7860	253	0
7861	253	0
7862	253	0
7863	253	0
7864	253	0
7865	253	0
7866	253	0
7867	253	0
7868	253	0
7869	253	0
7870	253	0
7871	253	0
7872	253	0
7873	253	0
7874	253	0
7875	253	0
7876	253	0
7877	253	0
7878	253	0
7879	253	0
7880	253	0
7881	254	0
7882	253	0
7883	253	0
7884	253	0
7885	253	0
7886	253	0
7887	254	0
7888	253	0
7889	253	0
7890	253	0
7891	253	0
7892	253	0
7893	254	0
7894	254	0
7895	253	0
7896	253	0
7897	253	0
7898	253	0
7899	253	0
7900	253	0
7901	253	0
7902	253	0
7903	253	0
7904	253	0
7905	253	0
7906	253	0
7907	253	0
7908	253	0
7909	253	0
7910	253	0
7911	253	0
7912	253	0
7913	253	0
7914	253	0
7915	253	0
7916	253	0
7917	253	0
7918	253	0
7919	253	0
7920	253	0
7921	253	0
7922	253	0
7923	253	0
7924	253	0
7925	253	0
7926	253	0
7927	253	0
7928	253	0
7929	253	0
7930	253	0
7931	253	0
7932	253	0
7933	253	0
7934	253	0
7935	253	0
7936	253	0
7937	253	0
7938	253	0
7939	253	0
7940	253	0
7941	254	0
7942	254	0
7943	253	0
7944	253	0
7945	253	0
7946	253	0
7947	253	0
7948	254	0
7949	253	0
7950	253	0
7951	253	0
7952	253	0
7953	253	0
7954	253	0
7955	253	0
7956	253	0
7957	253	0
7958	253	0
7959	253	0
7960	253	0
7961	253	0
7962	254	0
7963	253	0
7964	253	0
7965	253	0
7966	253	0
7967	253	0
7968	253	0
7969	253	0
7970	253	0
7971	253	0
7972	253	0
7973	253	0
7974	253	0
7975	253	0
7976	253	0
7977	253	0
7978	253	0
7979	254	0
7980	253	0
7981	253	0
7982	254	0
7983	253	0
7984	253	0
7985	253	0
7986	254	0
7987	253	0
7988	253	0
7989	253	0
7990	254	0
7991	253	0
7992	253	0
7993	253	0
7994	253	0
7995	253	0
7996	253	0
7997	253	0
7998	254	0
7999	253	0
