Oscilloscope data. 
Time step = 1,250 mS
Voltage step = 31,25 mV
Zero level = 90

N 	Smpl.	Trig

0	171	0
1	172	0
2	171	0
3	172	0
4	172	0
5	172	0
6	171	0
7	171	0
8	171	0
9	171	0
10	172	0
11	171	0
12	171	0
13	172	0
14	171	0
15	172	0
16	171	0
17	171	0
18	171	0
19	172	0
20	172	0
21	171	0
22	172	0
23	172	0
24	171	0
25	172	0
26	171	0
27	172	0
28	173	0
29	172	0
30	172	0
31	171	0
32	171	0
33	171	0
34	172	0
35	172	0
36	172	0
37	172	0
38	171	0
39	172	0
40	172	0
41	171	0
42	172	0
43	173	0
44	172	0
45	171	0
46	171	0
47	172	0
48	173	0
49	172	0
50	171	0
51	171	0
52	172	0
53	171	0
54	171	0
55	171	0
56	171	0
57	171	0
58	171	0
59	171	0
60	172	0
61	172	0
62	171	0
63	173	0
64	171	0
65	171	0
66	172	0
67	171	0
68	171	0
69	172	0
70	172	0
71	171	0
72	172	0
73	172	0
74	172	0
75	173	0
76	173	0
77	171	0
78	171	0
79	171	0
80	171	0
81	172	0
82	172	0
83	172	0
84	171	0
85	171	0
86	171	0
87	171	0
88	171	0
89	172	0
90	173	0
91	171	0
92	172	0
93	172	0
94	172	0
95	172	0
96	172	0
97	172	0
98	171	0
99	172	0
100	171	0
101	172	0
102	172	0
103	171	0
104	171	0
105	172	0
106	171	0
107	172	0
108	172	0
109	171	0
110	172	0
111	171	0
112	172	0
113	171	0
114	171	0
115	171	0
116	171	0
117	171	0
118	172	0
119	172	0
120	171	0
121	171	0
122	171	0
123	171	0
124	172	0
125	172	0
126	171	0
127	172	0
128	171	0
129	171	0
130	172	0
131	172	0
132	171	0
133	172	0
134	171	0
135	172	0
136	171	0
137	172	0
138	171	0
139	171	0
140	171	0
141	171	0
142	172	0
143	171	0
144	172	0
145	172	0
146	171	0
147	171	0
148	172	0
149	171	0
150	171	0
151	171	0
152	171	0
153	171	0
154	171	0
155	172	0
156	172	0
157	172	0
158	171	0
159	171	0
160	171	0
161	171	0
162	171	0
163	171	0
164	171	0
165	172	0
166	172	0
167	171	0
168	171	0
169	171	0
170	171	0
171	172	0
172	171	0
173	171	0
174	171	0
175	172	0
176	171	0
177	172	0
178	171	0
179	171	0
180	171	0
181	171	0
182	172	0
183	172	0
184	171	0
185	172	0
186	171	0
187	171	0
188	171	0
189	171	0
190	172	0
191	171	0
192	172	0
193	171	0
194	171	0
195	171	0
196	171	0
197	171	0
198	171	0
199	171	0
200	171	0
201	171	0
202	172	0
203	171	0
204	171	0
205	172	0
206	172	0
207	171	0
208	173	0
209	171	0
210	171	0
211	171	0
212	171	0
213	171	0
214	171	0
215	171	0
216	171	0
217	171	0
218	171	0
219	172	0
220	171	0
221	171	0
222	171	0
223	171	0
224	172	0
225	172	0
226	172	0
227	171	0
228	171	0
229	172	0
230	172	0
231	171	0
232	172	0
233	171	0
234	172	0
235	172	0
236	171	0
237	171	0
238	171	0
239	171	0
240	172	0
241	171	0
242	171	0
243	171	0
244	171	0
245	172	0
246	171	0
247	172	0
248	172	0
249	171	0
250	171	0
251	171	0
252	171	0
253	171	0
254	171	0
255	172	0
256	172	0
257	172	0
258	172	0
259	171	0
260	171	0
261	171	0
262	172	0
263	171	0
264	171	0
265	172	0
266	173	0
267	171	0
268	172	0
269	172	0
270	172	0
271	171	0
272	171	0
273	171	0
274	172	0
275	171	0
276	173	0
277	171	0
278	171	0
279	171	0
280	172	0
281	172	0
282	171	0
283	171	0
284	171	0
285	172	0
286	171	0
287	172	0
288	171	0
289	171	0
290	171	0
291	172	0
292	171	0
293	171	0
294	171	0
295	172	0
296	171	0
297	171	0
298	171	0
299	171	0
300	171	0
301	171	0
302	171	0
303	171	0
304	171	0
305	172	0
306	171	0
307	171	0
308	171	0
309	171	0
310	171	0
311	171	0
312	172	0
313	171	0
314	171	0
315	171	0
316	171	0
317	171	0
318	172	0
319	171	0
320	171	0
321	172	0
322	171	0
323	172	0
324	172	0
325	171	0
326	171	0
327	171	0
328	171	0
329	172	0
330	171	0
331	171	0
332	172	0
333	172	0
334	171	0
335	171	0
336	172	0
337	171	0
338	172	0
339	171	0
340	171	0
341	172	0
342	171	0
343	171	0
344	171	0
345	171	0
346	172	0
347	171	0
348	172	0
349	171	0
350	172	0
351	171	0
352	172	0
353	171	0
354	171	0
355	171	0
356	172	0
357	172	0
358	171	0
359	171	0
360	171	0
361	172	0
362	172	0
363	171	0
364	172	0
365	172	0
366	171	0
367	172	0
368	172	0
369	171	0
370	171	0
371	171	0
372	171	0
373	171	0
374	171	0
375	171	0
376	171	0
377	171	0
378	171	0
379	172	0
380	171	0
381	172	0
382	171	0
383	172	0
384	172	0
385	171	0
386	171	0
387	171	0
388	171	0
389	171	0
390	172	0
391	171	0
392	171	0
393	171	0
394	171	0
395	171	0
396	171	0
397	171	0
398	172	0
399	171	0
400	172	0
401	171	0
402	172	0
403	171	0
404	172	0
405	171	0
406	171	0
407	171	0
408	171	0
409	171	0
410	171	0
411	171	0
412	172	0
413	171	0
414	172	0
415	171	0
416	171	0
417	171	0
418	171	0
419	172	0
420	172	0
421	171	0
422	171	0
423	173	0
424	171	0
425	171	0
426	171	0
427	173	0
428	172	0
429	171	0
430	172	0
431	172	0
432	172	0
433	172	0
434	171	0
435	171	0
436	171	0
437	171	0
438	171	0
439	171	0
440	172	0
441	171	0
442	171	0
443	171	0
444	171	0
445	171	0
446	172	0
447	172	0
448	172	0
449	172	0
450	172	0
451	171	0
452	171	0
453	171	0
454	171	0
455	172	0
456	172	0
457	171	0
458	172	0
459	172	0
460	171	0
461	172	0
462	171	0
463	172	0
464	171	0
465	172	0
466	171	0
467	171	0
468	171	0
469	171	0
470	173	0
471	171	0
472	171	0
473	171	0
474	172	0
475	171	0
476	171	0
477	172	0
478	171	0
479	172	0
480	171	0
481	171	0
482	171	0
483	171	0
484	172	0
485	172	0
486	172	0
487	171	0
488	172	0
489	171	0
490	171	0
491	172	0
492	171	0
493	172	0
494	172	0
495	171	0
496	172	0
497	172	0
498	171	0
499	171	0
500	172	0
501	172	0
502	171	0
503	172	0
504	171	0
505	172	0
506	172	0
507	172	0
508	172	0
509	171	0
510	171	0
511	172	0
512	173	0
513	171	0
514	172	0
515	171	0
516	171	0
517	171	0
518	171	0
519	171	0
520	172	0
521	171	0
522	171	0
523	172	0
524	172	0
525	173	0
526	171	0
527	172	0
528	171	0
529	171	0
530	171	0
531	171	0
532	171	0
533	171	0
534	171	0
535	172	0
536	171	0
537	172	0
538	171	0
539	171	0
540	171	0
541	171	0
542	172	0
543	171	0
544	172	0
545	172	0
546	171	0
547	172	0
548	171	0
549	171	0
550	171	0
551	171	0
552	171	0
553	171	0
554	171	0
555	171	0
556	172	0
557	171	0
558	172	0
559	172	0
560	171	0
561	171	0
562	173	0
563	171	0
564	171	0
565	171	0
566	172	0
567	171	0
568	171	0
569	171	0
570	171	0
571	172	0
572	171	0
573	171	0
574	171	0
575	171	0
576	172	0
577	172	0
578	171	0
579	172	0
580	171	0
581	171	0
582	171	0
583	171	0
584	171	0
585	171	0
586	171	0
587	172	0
588	171	0
589	172	0
590	171	0
591	172	0
592	171	0
593	171	0
594	172	0
595	171	0
596	172	0
597	171	0
598	171	0
599	172	0
600	171	0
601	172	0
602	171	0
603	172	0
604	172	0
605	171	0
606	171	0
607	171	0
608	171	0
609	171	0
610	171	0
611	171	0
612	171	0
613	171	0
614	173	0
615	171	0
616	171	0
617	171	0
618	171	0
619	171	0
620	172	0
621	172	0
622	171	0
623	171	0
624	172	0
625	172	0
626	172	0
627	171	0
628	171	0
629	172	0
630	172	0
631	171	0
632	172	0
633	171	0
634	171	0
635	171	0
636	171	0
637	171	0
638	171	0
639	172	0
640	171	0
641	171	0
642	171	0
643	172	0
644	172	0
645	171	0
646	171	0
647	171	0
648	172	0
649	172	0
650	171	0
651	172	0
652	172	0
653	171	0
654	172	0
655	171	0
656	172	0
657	172	0
658	172	0
659	172	0
660	171	0
661	172	0
662	171	0
663	171	0
664	171	0
665	172	0
666	171	0
667	172	0
668	171	0
669	172	0
670	172	0
671	171	0
672	171	0
673	171	0
674	171	0
675	171	0
676	173	0
677	171	0
678	172	0
679	171	0
680	171	0
681	171	0
682	171	0
683	172	0
684	172	0
685	171	0
686	172	0
687	172	0
688	171	0
689	171	0
690	172	0
691	171	0
692	171	0
693	172	0
694	171	0
695	171	0
696	171	0
697	171	0
698	171	0
699	172	0
700	171	0
701	173	0
702	172	0
703	171	0
704	171	0
705	171	0
706	171	0
707	171	0
708	171	0
709	172	0
710	172	0
711	172	0
712	171	0
713	171	0
714	171	0
715	171	0
716	171	0
717	171	0
718	171	0
719	172	0
720	171	0
721	171	0
722	171	0
723	173	0
724	172	0
725	171	0
726	171	0
727	171	0
728	171	0
729	172	0
730	172	0
731	172	0
732	172	0
733	171	0
734	172	0
735	171	0
736	171	0
737	172	0
738	171	0
739	171	0
740	171	0
741	172	0
742	171	0
743	173	0
744	171	0
745	171	0
746	172	0
747	171	0
748	171	0
749	171	0
750	171	0
751	171	0
752	171	0
753	171	0
754	171	0
755	171	0
756	171	0
757	172	0
758	171	0
759	171	0
760	172	0
761	172	0
762	171	0
763	171	0
764	171	0
765	171	0
766	171	0
767	171	0
768	171	0
769	171	0
770	171	0
771	171	0
772	171	0
773	172	0
774	171	0
775	172	0
776	171	0
777	171	0
778	171	0
779	171	0
780	171	0
781	171	0
782	171	0
783	172	0
784	171	0
785	172	0
786	171	0
787	172	0
788	171	0
789	172	0
790	171	0
791	171	0
792	172	0
793	172	0
794	171	0
795	172	0
796	171	0
797	172	0
798	172	0
799	172	0
800	171	0
801	171	0
802	171	0
803	171	0
804	172	0
805	171	0
806	171	0
807	173	0
808	171	0
809	171	0
810	171	0
811	171	0
812	171	0
813	172	0
814	171	0
815	172	0
816	173	0
817	171	0
818	173	0
819	172	0
820	171	0
821	171	0
822	171	0
823	172	0
824	171	0
825	171	0
826	171	0
827	172	0
828	171	0
829	171	0
830	171	0
831	171	0
832	172	0
833	171	0
834	172	0
835	171	0
836	171	0
837	171	0
838	171	0
839	171	0
840	171	0
841	171	0
842	171	0
843	171	0
844	172	0
845	171	0
846	173	0
847	171	0
848	173	0
849	172	0
850	171	0
851	171	0
852	171	0
853	171	0
854	171	0
855	171	0
856	172	0
857	172	0
858	172	0
859	172	0
860	172	0
861	171	0
862	171	0
863	172	0
864	171	0
865	171	0
866	171	0
867	172	0
868	172	0
869	171	0
870	171	0
871	171	0
872	171	0
873	171	0
874	172	0
875	172	0
876	171	0
877	171	0
878	171	0
879	172	0
880	171	0
881	171	0
882	171	0
883	172	0
884	171	0
885	171	0
886	173	0
887	172	0
888	171	0
889	173	0
890	171	0
891	171	0
892	172	0
893	171	0
894	171	0
895	172	0
896	172	0
897	171	0
898	172	0
899	171	0
900	171	0
901	173	0
902	171	0
903	171	0
904	171	0
905	171	0
906	171	0
907	172	0
908	171	0
909	171	0
910	172	0
911	171	0
912	172	0
913	171	0
914	171	0
915	171	0
916	172	0
917	171	0
918	171	0
919	171	0
920	171	0
921	171	0
922	171	0
923	171	0
924	171	0
925	171	0
926	171	0
927	172	0
928	172	0
929	171	0
930	172	0
931	172	0
932	172	0
933	172	0
934	171	0
935	171	0
936	172	0
937	171	0
938	171	0
939	172	0
940	172	0
941	171	0
942	171	0
943	171	0
944	173	0
945	171	0
946	171	0
947	171	0
948	171	0
949	171	0
950	171	0
951	171	0
952	171	0
953	171	0
954	172	0
955	172	0
956	172	0
957	171	0
958	171	0
959	171	0
960	171	0
961	172	0
962	171	0
963	171	0
964	171	0
965	170	0
966	170	0
967	169	0
968	169	0
969	168	0
970	166	0
971	165	0
972	164	0
973	163	0
974	162	0
975	161	0
976	161	0
977	161	0
978	160	0
979	160	0
980	159	0
981	159	0
982	157	0
983	157	0
984	156	0
985	155	0
986	154	0
987	154	0
988	154	0
989	155	0
990	153	0
991	153	0
992	154	0
993	153	0
994	153	0
995	153	0
996	153	0
997	153	0
998	153	0
999	151	0
1000	152	0
1001	152	0
1002	151	0
1003	151	0
1004	150	0
1005	150	0
1006	150	0
1007	150	0
1008	149	0
1009	149	0
1010	149	0
1011	149	0
1012	149	0
1013	148	0
1014	149	0
1015	147	0
1016	147	0
1017	147	0
1018	147	0
1019	147	0
1020	147	0
1021	146	0
1022	146	0
1023	145	0
1024	146	0
1025	145	0
1026	145	0
1027	145	0
1028	145	0
1029	145	0
1030	145	0
1031	144	0
1032	144	0
1033	144	0
1034	144	0
1035	144	0
1036	143	0
1037	143	0
1038	141	0
1039	141	0
1040	141	0
1041	140	0
1042	139	0
1043	138	0
1044	137	0
1045	137	0
1046	136	0
1047	135	0
1048	135	0
1049	134	0
1050	133	0
1051	133	0
1052	132	0
1053	130	0
1054	129	0
1055	128	0
1056	128	0
1057	127	0
1058	127	0
1059	126	0
1060	124	0
1061	124	0
1062	122	0
1063	122	0
1064	121	0
1065	121	0
1066	121	0
1067	119	0
1068	119	0
1069	118	0
1070	117	0
1071	115	0
1072	115	0
1073	114	0
1074	113	0
1075	112	0
1076	111	0
1077	111	0
1078	109	0
1079	109	0
1080	109	0
1081	108	0
1082	107	0
1083	106	0
1084	105	0
1085	104	0
1086	104	0
1087	103	0
1088	102	0
1089	101	0
1090	101	0
1091	101	0
1092	101	0
1093	100	0
1094	99	0
1095	99	0
1096	99	0
1097	98	0
1098	97	0
1099	97	0
1100	97	0
1101	97	0
1102	96	0
1103	95	0
1104	95	0
1105	95	0
1106	95	0
1107	95	0
1108	94	0
1109	95	0
1110	94	0
1111	94	0
1112	94	0
1113	93	0
1114	93	0
1115	93	0
1116	93	0
1117	93	0
1118	92	0
1119	92	0
1120	92	0
1121	91	0
1122	91	0
1123	91	0
1124	91	0
1125	90	0
1126	91	0
1127	91	0
1128	91	0
1129	91	0
1130	91	0
1131	91	0
1132	91	0
1133	91	0
1134	91	0
1135	91	0
1136	91	0
1137	90	0
1138	91	0
1139	91	0
1140	91	0
1141	91	0
1142	90	0
1143	91	0
1144	91	0
1145	91	0
1146	91	0
1147	91	0
1148	91	0
1149	90	0
1150	91	0
1151	90	0
1152	91	0
1153	90	0
1154	91	0
1155	91	0
1156	91	0
1157	90	0
1158	91	0
1159	91	0
1160	90	0
1161	91	0
1162	91	0
1163	91	0
1164	90	0
1165	91	0
1166	91	0
1167	91	0
1168	90	0
1169	91	0
1170	91	0
1171	90	0
1172	91	0
1173	91	0
1174	91	0
1175	91	0
1176	91	0
1177	91	0
1178	91	0
1179	91	0
1180	90	0
1181	91	0
1182	91	0
1183	91	0
1184	91	0
1185	90	0
1186	91	0
1187	91	0
1188	90	0
1189	91	0
1190	91	0
1191	90	0
1192	91	0
1193	90	0
1194	91	0
1195	90	0
1196	91	0
1197	90	0
1198	91	0
1199	91	0
1200	90	0
1201	91	0
1202	91	0
1203	91	0
1204	90	0
1205	91	0
1206	91	0
1207	91	0
1208	91	0
1209	91	0
1210	91	0
1211	91	0
1212	91	0
1213	91	0
1214	91	0
1215	91	0
1216	91	0
1217	90	0
1218	91	0
1219	91	0
1220	91	0
1221	91	0
1222	91	0
1223	90	0
1224	90	0
1225	91	0
1226	90	0
1227	91	0
1228	91	0
1229	90	0
1230	91	0
1231	91	0
1232	91	0
1233	90	0
1234	91	0
1235	90	0
1236	90	0
1237	90	0
1238	91	0
1239	90	0
1240	91	0
1241	91	0
1242	91	0
1243	91	0
1244	91	0
1245	91	0
1246	91	0
1247	90	0
1248	91	0
1249	91	0
1250	91	0
1251	90	0
1252	91	0
1253	91	0
1254	91	0
1255	91	0
1256	90	0
1257	89	0
1258	91	0
1259	91	0
1260	90	0
1261	91	0
1262	91	0
1263	91	0
1264	90	0
1265	91	0
1266	91	0
1267	90	0
1268	91	0
1269	90	0
1270	90	0
1271	90	0
1272	91	0
1273	91	0
1274	90	0
1275	91	0
1276	91	0
1277	90	0
1278	91	0
1279	91	0
1280	91	0
1281	91	0
1282	91	0
1283	91	0
1284	91	0
1285	91	0
1286	91	0
1287	90	0
1288	90	0
1289	91	0
1290	90	0
1291	91	0
1292	91	0
1293	91	0
1294	91	0
1295	91	0
1296	91	0
1297	90	0
1298	91	0
1299	91	0
1300	91	0
1301	90	0
1302	91	0
1303	90	0
1304	91	0
1305	91	0
1306	90	0
1307	91	0
1308	91	0
1309	91	0
1310	90	0
1311	90	0
1312	91	0
1313	90	0
1314	91	0
1315	91	0
1316	91	0
1317	91	0
1318	91	0
1319	90	0
1320	91	0
1321	90	0
1322	91	0
1323	91	0
1324	91	0
1325	91	0
1326	91	0
1327	90	0
1328	91	0
1329	91	0
1330	91	0
1331	91	0
1332	91	0
1333	91	0
1334	91	0
1335	90	0
1336	91	0
1337	90	0
1338	91	0
1339	90	0
1340	90	0
1341	91	0
1342	91	0
1343	91	0
1344	91	0
1345	91	0
1346	91	0
1347	91	0
1348	90	0
1349	90	0
1350	91	0
1351	90	0
1352	90	0
1353	90	0
1354	91	0
1355	91	0
1356	91	0
1357	90	0
1358	91	0
1359	91	0
1360	91	0
1361	91	0
1362	91	0
1363	91	0
1364	91	0
1365	91	0
1366	91	0
1367	90	0
1368	91	0
1369	90	0
1370	91	0
1371	91	0
1372	90	0
1373	91	0
1374	91	0
1375	90	0
1376	90	0
1377	91	0
1378	91	0
1379	91	0
1380	90	0
1381	90	0
1382	91	0
1383	91	0
1384	91	0
1385	91	0
1386	90	0
1387	91	0
1388	90	0
1389	90	0
1390	91	0
1391	91	0
1392	91	0
1393	91	0
1394	90	0
1395	91	0
1396	90	0
1397	90	0
1398	90	0
1399	90	0
1400	91	0
1401	91	0
1402	91	0
1403	90	0
1404	90	0
1405	91	0
1406	91	0
1407	90	0
1408	91	0
1409	91	0
1410	91	0
1411	91	0
1412	91	0
1413	91	0
1414	91	0
1415	91	0
1416	91	0
1417	91	0
1418	90	0
1419	91	0
1420	91	0
1421	90	0
1422	91	0
1423	91	0
1424	90	0
1425	90	0
1426	90	0
1427	91	0
1428	91	0
1429	91	0
1430	91	0
1431	91	0
1432	89	0
1433	91	0
1434	91	0
1435	90	0
1436	91	0
1437	90	0
1438	91	0
1439	90	0
1440	91	0
1441	91	0
1442	90	0
1443	91	0
1444	91	0
1445	91	0
1446	91	0
1447	90	0
1448	91	0
1449	91	0
1450	91	0
1451	91	0
1452	90	0
1453	91	0
1454	90	0
1455	90	0
1456	91	0
1457	90	0
1458	91	0
1459	90	0
1460	91	0
1461	91	0
1462	91	0
1463	91	0
1464	91	0
1465	91	0
1466	91	0
1467	91	0
1468	91	0
1469	91	0
1470	90	0
1471	91	0
1472	90	0
1473	91	0
1474	91	0
1475	91	0
1476	91	0
1477	91	0
1478	91	0
1479	91	0
1480	91	0
1481	90	0
1482	91	0
1483	91	0
1484	91	0
1485	91	0
1486	90	0
1487	91	0
1488	91	0
1489	90	0
1490	91	0
1491	91	0
1492	91	0
1493	91	0
1494	91	0
1495	91	0
1496	91	0
1497	91	0
1498	90	0
1499	91	0
1500	91	0
1501	91	0
1502	91	0
1503	91	0
1504	90	0
1505	91	0
1506	90	0
1507	91	0
1508	90	0
1509	91	0
1510	91	0
1511	91	0
1512	90	0
1513	91	0
1514	90	0
1515	90	0
1516	90	0
1517	90	0
1518	90	0
1519	91	0
1520	91	0
1521	91	0
1522	90	0
1523	91	0
1524	91	0
1525	91	0
1526	90	0
1527	91	0
1528	91	0
1529	90	0
1530	90	0
1531	91	0
1532	91	0
1533	90	0
1534	89	0
1535	91	0
1536	91	0
1537	90	0
1538	91	0
1539	91	0
1540	91	0
1541	91	0
1542	91	0
1543	91	0
1544	90	0
1545	91	0
1546	91	0
1547	91	0
1548	91	0
1549	90	0
1550	90	0
1551	91	0
1552	90	0
1553	90	0
1554	91	0
1555	91	0
1556	91	0
1557	91	0
1558	91	0
1559	91	0
1560	90	0
1561	90	0
1562	90	0
1563	90	0
1564	90	0
1565	90	0
1566	90	0
1567	91	0
1568	90	0
1569	91	0
1570	91	0
1571	91	0
1572	91	0
1573	91	0
1574	90	0
1575	91	0
1576	91	0
1577	91	0
1578	90	0
1579	91	0
1580	91	0
1581	91	0
1582	91	0
1583	91	0
1584	90	0
1585	90	0
1586	90	0
1587	90	0
1588	90	0
1589	90	0
1590	91	0
1591	90	0
1592	91	0
1593	91	0
1594	90	0
1595	91	0
1596	91	0
1597	91	0
1598	91	0
1599	91	0
1600	91	0
1601	91	0
1602	91	0
1603	90	0
1604	91	0
1605	91	0
1606	91	0
1607	90	0
1608	90	0
1609	91	0
1610	91	0
1611	91	0
1612	91	0
1613	91	0
1614	91	0
1615	90	0
1616	91	0
1617	89	0
1618	90	0
1619	91	0
1620	90	0
1621	90	0
1622	90	0
1623	91	0
1624	90	0
1625	91	0
1626	89	0
1627	90	0
1628	90	0
1629	91	0
1630	91	0
1631	91	0
1632	91	0
1633	91	0
1634	91	0
1635	91	0
1636	91	0
1637	91	0
1638	91	0
1639	91	0
1640	91	0
1641	90	0
1642	90	0
1643	90	0
1644	91	0
1645	91	0
1646	90	0
1647	91	0
1648	90	0
1649	89	0
1650	91	0
1651	91	0
1652	91	0
1653	91	0
1654	90	0
1655	91	0
1656	90	0
1657	90	0
1658	91	0
1659	91	0
1660	91	0
1661	91	0
1662	91	0
1663	90	0
1664	91	0
1665	91	0
1666	91	0
1667	91	0
1668	91	0
1669	91	0
1670	91	0
1671	90	0
1672	91	0
1673	90	0
1674	91	0
1675	91	0
1676	91	0
1677	91	0
1678	90	0
1679	91	0
1680	90	0
1681	90	0
1682	90	0
1683	91	0
1684	91	0
1685	91	0
1686	91	0
1687	90	0
1688	91	0
1689	91	0
1690	91	0
1691	91	0
1692	91	0
1693	91	0
1694	90	0
1695	91	0
1696	91	0
1697	91	0
1698	91	0
1699	91	0
1700	91	0
1701	91	0
1702	91	0
1703	90	0
1704	91	0
1705	91	0
1706	91	0
1707	91	0
1708	91	0
1709	90	0
1710	91	0
1711	91	0
1712	90	0
1713	91	0
1714	90	0
1715	90	0
1716	91	0
1717	91	0
1718	91	0
1719	91	0
1720	91	0
1721	91	0
1722	90	0
1723	91	0
1724	91	0
1725	91	0
1726	91	0
1727	90	0
1728	91	0
1729	92	0
1730	93	0
1731	95	0
1732	97	0
1733	99	0
1734	101	0
1735	104	0
1736	107	0
1737	109	0
1738	109	0
1739	112	0
1740	115	0
1741	117	0
1742	119	0
1743	121	0
1744	123	0
1745	127	0
1746	129	0
1747	130	0
1748	133	0
1749	134	0
1750	138	0
1751	140	0
1752	142	0
1753	144	0
1754	146	0
1755	149	0
1756	151	0
1757	153	0
1758	155	0
1759	157	0
1760	159	0
1761	160	0
1762	163	0
1763	165	0
1764	166	0
1765	169	0
1766	171	0
1767	171	0
1768	171	0
1769	171	0
1770	171	0
1771	171	0
1772	172	0
1773	172	0
1774	171	0
1775	171	0
1776	172	0
1777	173	0
1778	171	0
1779	171	0
1780	173	0
1781	171	0
1782	171	0
1783	172	0
1784	171	0
1785	172	0
1786	172	0
1787	172	0
1788	172	0
1789	171	0
1790	172	0
1791	171	0
1792	171	0
1793	171	0
1794	171	0
1795	171	0
1796	172	0
1797	172	0
1798	171	0
1799	172	0
1800	172	0
1801	171	0
1802	172	0
1803	171	0
1804	171	0
1805	172	0
1806	171	0
1807	171	0
1808	172	0
1809	171	0
1810	171	0
1811	172	0
1812	171	0
1813	171	0
1814	171	0
1815	173	0
1816	172	0
1817	171	0
1818	172	0
1819	171	0
1820	172	0
1821	171	0
1822	171	0
1823	171	0
1824	171	0
1825	171	0
1826	171	0
1827	171	0
1828	171	0
1829	171	0
1830	171	0
1831	171	0
1832	171	0
1833	172	0
1834	171	0
1835	171	0
1836	171	0
1837	172	0
1838	172	0
1839	171	0
1840	171	0
1841	171	0
1842	171	0
1843	171	0
1844	171	0
1845	172	0
1846	171	0
1847	171	0
1848	171	0
1849	171	0
1850	171	0
1851	171	0
1852	171	0
1853	171	0
1854	171	0
1855	171	0
1856	172	0
1857	171	0
1858	171	0
1859	171	0
1860	171	0
1861	172	0
1862	171	0
1863	171	0
1864	172	0
1865	172	0
1866	172	0
1867	171	0
1868	173	0
1869	172	0
1870	172	0
1871	172	0
1872	172	0
1873	171	0
1874	172	0
1875	171	0
1876	172	0
1877	171	0
1878	171	0
1879	172	0
1880	172	0
1881	171	0
1882	171	0
1883	171	0
1884	171	0
1885	172	0
1886	171	0
1887	171	0
1888	171	0
1889	171	0
1890	172	0
1891	171	0
1892	172	0
1893	171	0
1894	172	0
1895	171	0
1896	171	0
1897	173	0
1898	171	0
1899	171	0
1900	171	0
1901	171	0
1902	171	0
1903	171	0
1904	171	0
1905	172	0
1906	172	0
1907	171	0
1908	171	0
1909	172	0
1910	171	0
1911	171	0
1912	172	0
1913	171	0
1914	171	0
1915	171	0
1916	173	0
1917	171	0
1918	171	0
1919	173	0
1920	171	0
1921	172	0
1922	171	0
1923	171	0
1924	171	0
1925	171	0
1926	172	0
1927	173	0
1928	172	0
1929	171	0
1930	171	0
1931	172	0
1932	171	0
1933	171	0
1934	172	0
1935	172	0
1936	171	0
1937	171	0
1938	172	0
1939	171	0
1940	171	0
1941	171	0
1942	171	0
1943	171	0
1944	172	0
1945	172	0
1946	171	0
1947	172	0
1948	171	0
1949	171	0
1950	172	0
1951	172	0
1952	171	0
1953	171	0
1954	171	0
1955	173	0
1956	171	0
1957	171	0
1958	171	0
1959	172	0
1960	171	0
1961	171	0
1962	171	0
1963	171	0
1964	171	0
1965	171	0
1966	171	0
1967	171	0
1968	171	0
1969	172	0
1970	172	0
1971	172	0
1972	172	0
1973	171	0
1974	172	0
1975	172	0
1976	171	0
1977	172	0
1978	172	0
1979	171	0
1980	172	0
1981	171	0
1982	171	0
1983	171	0
1984	171	0
1985	172	0
1986	172	0
1987	171	0
1988	171	0
1989	171	0
1990	171	0
1991	171	0
1992	171	0
1993	172	0
1994	171	0
1995	171	0
1996	171	0
1997	171	0
1998	172	0
1999	171	0
2000	172	0
2001	172	0
2002	171	0
2003	171	0
2004	172	0
2005	172	0
2006	171	0
2007	171	0
2008	172	0
2009	171	0
2010	172	0
2011	172	0
2012	171	0
2013	172	0
2014	171	0
2015	171	0
2016	171	0
2017	171	0
2018	171	0
2019	172	0
2020	172	0
2021	171	0
2022	172	0
2023	171	0
2024	172	0
2025	172	0
2026	171	0
2027	171	0
2028	171	0
2029	171	0
2030	171	0
2031	171	0
2032	171	0
2033	171	0
2034	171	0
2035	172	0
2036	171	0
2037	171	0
2038	172	0
2039	171	0
2040	172	0
2041	172	0
2042	172	0
2043	171	0
2044	171	0
2045	172	0
2046	171	0
2047	172	0
2048	172	0
2049	171	0
2050	171	0
2051	172	0
2052	171	0
2053	171	0
2054	172	0
2055	171	0
2056	171	0
2057	171	0
2058	171	0
2059	172	0
2060	172	0
2061	171	0
2062	171	0
2063	171	0
2064	171	0
2065	172	0
2066	172	0
2067	172	0
2068	171	0
2069	171	0
2070	173	0
2071	172	0
2072	171	0
2073	171	0
2074	171	0
2075	172	0
2076	171	0
2077	171	0
2078	172	0
2079	172	0
2080	171	0
2081	171	0
2082	171	0
2083	172	0
2084	171	0
2085	172	0
2086	171	0
2087	172	0
2088	172	0
2089	171	0
2090	171	0
2091	171	0
2092	172	0
2093	171	0
2094	171	0
2095	171	0
2096	171	0
2097	171	0
2098	173	0
2099	173	0
2100	172	0
2101	173	0
2102	173	0
2103	172	0
2104	171	0
2105	172	0
2106	171	0
2107	172	0
2108	172	0
2109	172	0
2110	171	0
2111	171	0
2112	172	0
2113	171	0
2114	171	0
2115	171	0
2116	171	0
2117	171	0
2118	172	0
2119	172	0
2120	171	0
2121	171	0
2122	171	0
2123	172	0
2124	172	0
2125	172	0
2126	171	0
2127	172	0
2128	171	0
2129	171	0
2130	171	0
2131	171	0
2132	172	0
2133	172	0
2134	171	0
2135	171	0
2136	172	0
2137	171	0
2138	171	0
2139	171	0
2140	172	0
2141	172	0
2142	172	0
2143	171	0
2144	171	0
2145	172	0
2146	171	0
2147	172	0
2148	171	0
2149	172	0
2150	171	0
2151	172	0
2152	171	0
2153	171	0
2154	172	0
2155	173	0
2156	171	0
2157	172	0
2158	172	0
2159	171	0
2160	172	0
2161	172	0
2162	171	0
2163	171	0
2164	172	0
2165	172	0
2166	172	0
2167	172	0
2168	171	0
2169	171	0
2170	173	0
2171	171	0
2172	171	0
2173	171	0
2174	171	0
2175	172	0
2176	172	0
2177	171	0
2178	172	0
2179	171	0
2180	171	0
2181	172	0
2182	171	0
2183	171	0
2184	171	0
2185	172	0
2186	172	0
2187	171	0
2188	171	0
2189	172	0
2190	172	0
2191	173	0
2192	171	0
2193	172	0
2194	172	0
2195	172	0
2196	172	0
2197	172	0
2198	171	0
2199	173	0
2200	173	0
2201	172	0
2202	172	0
2203	172	0
2204	173	0
2205	173	0
2206	172	0
2207	173	0
2208	173	0
2209	173	0
2210	173	0
2211	173	0
2212	173	0
2213	173	0
2214	173	0
2215	174	0
2216	174	0
2217	173	0
2218	174	0
2219	174	0
2220	174	0
2221	175	0
2222	174	0
2223	175	0
2224	175	0
2225	175	0
2226	175	0
2227	175	0
2228	176	0
2229	175	0
2230	175	0
2231	176	0
2232	176	0
2233	175	0
2234	176	0
2235	176	0
2236	176	0
2237	175	0
2238	176	0
2239	177	0
2240	177	0
2241	177	0
2242	177	0
2243	177	0
2244	177	0
2245	177	0
2246	177	0
2247	177	0
2248	177	0
2249	178	0
2250	177	0
2251	177	0
2252	177	0
2253	178	0
2254	178	0
2255	178	0
2256	177	0
2257	178	0
2258	178	0
2259	177	0
2260	178	0
2261	178	0
2262	178	0
2263	179	0
2264	179	0
2265	179	0
2266	179	0
2267	179	0
2268	179	0
2269	179	0
2270	179	0
2271	179	0
2272	179	0
2273	179	0
2274	179	0
2275	179	0
2276	179	0
2277	180	0
2278	180	0
2279	180	0
2280	180	0
2281	181	0
2282	181	0
2283	181	0
2284	181	0
2285	181	0
2286	181	0
2287	181	0
2288	181	0
2289	182	0
2290	182	0
2291	182	0
2292	182	0
2293	183	0
2294	183	0
2295	182	0
2296	183	0
2297	183	0
2298	183	0
2299	183	0
2300	183	0
2301	183	0
2302	184	0
2303	184	0
2304	184	0
2305	184	0
2306	185	0
2307	184	0
2308	185	0
2309	185	0
2310	186	0
2311	187	0
2312	188	0
2313	188	0
2314	189	0
2315	189	0
2316	189	0
2317	189	0
2318	190	0
2319	191	0
2320	191	0
2321	193	0
2322	193	0
2323	193	0
2324	193	0
2325	195	0
2326	196	0
2327	196	0
2328	197	0
2329	197	0
2330	197	0
2331	199	0
2332	199	0
2333	199	0
2334	200	0
2335	201	0
2336	202	0
2337	202	0
2338	202	0
2339	203	0
2340	204	0
2341	205	0
2342	204	0
2343	205	0
2344	205	0
2345	206	0
2346	206	0
2347	207	0
2348	207	0
2349	208	0
2350	208	0
2351	209	0
2352	209	0
2353	209	0
2354	210	0
2355	210	0
2356	211	0
2357	211	0
2358	211	0
2359	211	0
2360	211	0
2361	213	0
2362	213	0
2363	213	0
2364	213	0
2365	214	0
2366	215	0
2367	215	0
2368	214	0
2369	215	0
2370	216	0
2371	216	0
2372	217	0
2373	217	0
2374	217	0
2375	217	0
2376	219	0
2377	219	0
2378	220	0
2379	221	0
2380	221	0
2381	222	0
2382	223	0
2383	223	0
2384	223	0
2385	225	0
2386	224	0
2387	224	0
2388	225	0
2389	225	0
2390	225	0
2391	226	0
2392	226	0
2393	227	0
2394	228	0
2395	229	0
2396	230	0
2397	229	0
2398	230	0
2399	230	0
2400	231	0
2401	231	0
2402	233	0
2403	233	0
2404	234	0
2405	235	0
2406	234	0
2407	235	0
2408	235	0
2409	237	0
2410	238	0
2411	238	0
2412	239	0
2413	239	0
2414	239	0
2415	240	0
2416	241	0
2417	241	0
2418	241	0
2419	243	0
2420	243	0
2421	244	0
2422	245	0
2423	245	0
2424	246	0
2425	247	0
2426	247	0
2427	247	0
2428	249	0
2429	249	0
2430	249	0
2431	250	0
2432	251	0
2433	252	0
2434	253	0
2435	253	0
2436	253	0
2437	253	0
2438	253	0
2439	253	0
2440	253	0
2441	253	0
2442	253	0
2443	253	0
2444	253	0
2445	253	0
2446	253	0
2447	253	0
2448	253	0
2449	253	0
2450	253	0
2451	253	0
2452	253	0
2453	253	0
2454	253	0
2455	253	0
2456	253	0
2457	253	0
2458	253	0
2459	253	0
2460	253	0
2461	253	0
2462	253	0
2463	253	0
2464	253	0
2465	253	0
2466	253	0
2467	253	0
2468	253	0
2469	253	0
2470	253	0
2471	253	0
2472	253	0
2473	253	0
2474	253	0
2475	253	0
2476	253	0
2477	253	0
2478	253	0
2479	253	0
2480	253	0
2481	253	0
2482	253	0
2483	253	0
2484	253	0
2485	253	0
2486	254	0
2487	253	0
2488	253	0
2489	253	0
2490	253	0
2491	253	0
2492	253	0
2493	253	0
2494	253	0
2495	253	0
2496	253	0
2497	253	0
2498	253	0
2499	253	0
2500	253	0
2501	253	0
2502	253	0
2503	253	0
2504	253	0
2505	253	0
2506	253	0
2507	253	0
2508	253	0
2509	253	0
2510	253	0
2511	253	0
2512	253	0
2513	253	0
2514	253	0
2515	253	0
2516	253	0
2517	253	0
2518	253	0
2519	253	0
2520	253	0
2521	253	0
2522	253	0
2523	253	0
2524	253	0
2525	253	0
2526	253	0
2527	253	0
2528	253	0
2529	253	0
2530	253	0
2531	253	0
2532	253	0
2533	253	0
2534	253	0
2535	253	0
2536	253	0
2537	253	0
2538	253	0
2539	253	0
2540	253	0
2541	253	0
2542	253	0
2543	253	0
2544	253	0
2545	253	0
2546	253	0
2547	253	0
2548	253	0
2549	253	0
2550	253	0
2551	253	0
2552	253	0
2553	253	0
2554	253	0
2555	253	0
2556	253	0
2557	253	0
2558	253	0
2559	253	0
2560	253	0
2561	253	0
2562	253	0
2563	253	0
2564	253	0
2565	253	0
2566	253	0
2567	253	0
2568	253	0
2569	253	0
2570	253	0
2571	253	0
2572	253	0
2573	253	0
2574	253	0
2575	253	0
2576	253	0
2577	253	0
2578	253	0
2579	253	0
2580	253	0
2581	253	0
2582	253	0
2583	253	0
2584	253	0
2585	253	0
2586	253	0
2587	253	0
2588	253	0
2589	253	0
2590	253	0
2591	253	0
2592	253	0
2593	253	0
2594	253	0
2595	253	0
2596	253	0
2597	253	0
2598	253	0
2599	253	0
2600	253	0
2601	253	0
2602	253	0
2603	253	0
2604	253	0
2605	253	0
2606	253	0
2607	253	0
2608	253	0
2609	253	0
2610	253	0
2611	253	0
2612	253	0
2613	253	0
2614	253	0
2615	253	0
2616	253	0
2617	253	0
2618	253	0
2619	253	0
2620	253	0
2621	253	0
2622	253	0
2623	253	0
2624	253	0
2625	253	0
2626	253	0
2627	253	0
2628	253	0
2629	253	0
2630	253	0
2631	253	0
2632	253	0
2633	253	0
2634	253	0
2635	253	0
2636	253	0
2637	253	0
2638	253	0
2639	253	0
2640	253	0
2641	253	0
2642	253	0
2643	253	0
2644	253	0
2645	253	0
2646	253	0
2647	253	0
2648	253	0
2649	253	0
2650	253	0
2651	253	0
2652	253	0
2653	253	0
2654	253	0
2655	253	0
2656	253	0
2657	253	0
2658	253	0
2659	253	0
2660	253	0
2661	253	0
2662	253	0
2663	253	0
2664	253	0
2665	253	0
2666	253	0
2667	253	0
2668	253	0
2669	253	0
2670	253	0
2671	253	0
2672	253	0
2673	253	0
2674	253	0
2675	253	0
2676	253	0
2677	253	0
2678	253	0
2679	253	0
2680	253	0
2681	253	0
2682	253	0
2683	253	0
2684	253	0
2685	253	0
2686	253	0
2687	253	0
2688	253	0
2689	253	0
2690	253	0
2691	253	0
2692	253	0
2693	253	0
2694	253	0
2695	253	0
2696	253	0
2697	253	0
2698	253	0
2699	253	0
2700	253	0
2701	253	0
2702	253	0
2703	253	0
2704	253	0
2705	253	0
2706	253	0
2707	253	0
2708	253	0
2709	253	0
2710	253	0
2711	253	0
2712	253	0
2713	253	0
2714	253	0
2715	253	0
2716	253	0
2717	253	0
2718	253	0
2719	253	0
2720	253	0
2721	253	0
2722	253	0
2723	253	0
2724	253	0
2725	253	0
2726	253	0
2727	253	0
2728	253	0
2729	253	0
2730	253	0
2731	253	0
2732	253	0
2733	253	0
2734	253	0
2735	253	0
2736	253	0
2737	253	0
2738	253	0
2739	254	0
2740	253	0
2741	253	0
2742	253	0
2743	253	0
2744	253	0
2745	253	0
2746	253	0
2747	253	0
2748	253	0
2749	253	0
2750	253	0
2751	253	0
2752	253	0
2753	253	0
2754	253	0
2755	253	0
2756	253	0
2757	253	0
2758	253	0
2759	253	0
2760	253	0
2761	253	0
2762	253	0
2763	253	0
2764	253	0
2765	253	0
2766	253	0
2767	253	0
2768	253	0
2769	253	0
2770	253	0
2771	253	0
2772	253	0
2773	253	0
2774	253	0
2775	253	0
2776	253	0
2777	253	0
2778	253	0
2779	253	0
2780	253	0
2781	253	0
2782	253	0
2783	253	0
2784	253	0
2785	253	0
2786	253	0
2787	253	0
2788	253	0
2789	253	0
2790	253	0
2791	253	0
2792	253	0
2793	253	0
2794	253	0
2795	253	0
2796	253	0
2797	253	0
2798	253	0
2799	253	0
2800	253	0
2801	253	0
2802	253	0
2803	253	0
2804	253	0
2805	253	0
2806	253	0
2807	253	0
2808	253	0
2809	253	0
2810	253	0
2811	253	0
2812	253	0
2813	253	0
2814	253	0
2815	253	0
2816	253	0
2817	253	0
2818	253	0
2819	253	0
2820	253	0
2821	253	0
2822	253	0
2823	253	0
2824	253	0
2825	253	0
2826	253	0
2827	253	0
2828	253	0
2829	253	0
2830	253	0
2831	253	0
2832	253	0
2833	253	0
2834	253	0
2835	253	0
2836	253	0
2837	253	0
2838	253	0
2839	253	0
2840	253	0
2841	253	0
2842	253	0
2843	253	0
2844	253	0
2845	254	0
2846	253	0
2847	253	0
2848	253	0
2849	253	0
2850	253	0
2851	253	0
2852	253	0
2853	253	0
2854	253	0
2855	253	0
2856	253	0
2857	253	0
2858	253	0
2859	253	0
2860	253	0
2861	253	0
2862	253	0
2863	253	0
2864	253	0
2865	253	0
2866	253	0
2867	253	0
2868	253	0
2869	253	0
2870	253	0
2871	253	0
2872	253	0
2873	253	0
2874	253	0
2875	253	0
2876	253	0
2877	253	0
2878	253	0
2879	253	0
2880	253	0
2881	253	0
2882	253	0
2883	253	0
2884	253	0
2885	253	0
2886	253	0
2887	253	0
2888	253	0
2889	253	0
2890	253	0
2891	253	0
2892	253	0
2893	253	0
2894	253	0
2895	253	0
2896	253	0
2897	253	0
2898	253	0
2899	253	0
2900	253	0
2901	253	0
2902	253	0
2903	253	0
2904	253	0
2905	253	0
2906	253	0
2907	253	0
2908	253	0
2909	253	0
2910	253	0
2911	253	0
2912	253	0
2913	253	0
2914	253	0
2915	253	0
2916	253	0
2917	253	0
2918	253	0
2919	253	0
2920	253	0
2921	253	0
2922	253	0
2923	253	0
2924	253	0
2925	253	0
2926	253	0
2927	253	0
2928	253	0
2929	253	0
2930	253	0
2931	253	0
2932	253	0
2933	253	0
2934	253	0
2935	253	0
2936	253	0
2937	253	0
2938	253	0
2939	253	0
2940	253	0
2941	253	0
2942	253	0
2943	253	0
2944	253	0
2945	253	0
2946	253	0
2947	253	0
2948	253	0
2949	253	0
2950	253	0
2951	253	0
2952	253	0
2953	253	0
2954	253	0
2955	253	0
2956	253	0
2957	253	0
2958	253	0
2959	253	0
2960	253	0
2961	253	0
2962	253	0
2963	253	0
2964	253	0
2965	253	0
2966	253	0
2967	253	0
2968	253	0
2969	253	0
2970	253	0
2971	253	0
2972	253	0
2973	253	0
2974	253	0
2975	253	0
2976	253	0
2977	253	0
2978	253	0
2979	253	0
2980	253	0
2981	253	0
2982	253	0
2983	253	0
2984	253	0
2985	253	0
2986	253	0
2987	253	0
2988	253	0
2989	253	0
2990	253	0
2991	253	0
2992	253	0
2993	253	0
2994	251	0
2995	249	0
2996	247	0
2997	245	0
2998	243	0
2999	240	0
3000	239	0
3001	237	0
3002	235	0
3003	233	0
3004	231	0
3005	229	0
3006	227	0
3007	225	0
3008	224	0
3009	222	0
3010	219	0
3011	217	0
3012	214	0
3013	213	0
3014	211	0
3015	209	0
3016	207	0
3017	205	0
3018	203	0
3019	201	0
3020	199	0
3021	198	0
3022	197	0
3023	195	0
3024	193	0
3025	191	0
3026	189	0
3027	189	0
3028	185	0
3029	184	0
3030	183	0
3031	181	0
3032	179	0
3033	177	0
3034	176	0
3035	174	0
3036	173	0
3037	172	0
3038	171	0
3039	172	0
3040	171	0
3041	172	0
3042	172	0
3043	172	0
3044	173	0
3045	171	0
3046	172	0
3047	171	0
3048	171	0
3049	171	0
3050	171	0
3051	172	0
3052	171	0
3053	173	0
3054	171	0
3055	171	0
3056	171	0
3057	171	0
3058	172	0
3059	173	0
3060	171	0
3061	171	0
3062	171	0
3063	171	0
3064	172	0
3065	171	0
3066	171	0
3067	172	0
3068	172	0
3069	171	0
3070	171	0
3071	171	0
3072	172	0
3073	172	0
3074	172	0
3075	171	0
3076	171	0
3077	173	0
3078	171	0
3079	172	0
3080	171	0
3081	171	0
3082	171	0
3083	172	0
3084	171	0
3085	171	0
3086	172	0
3087	171	0
3088	171	0
3089	172	0
3090	171	0
3091	171	0
3092	172	0
3093	171	0
3094	171	0
3095	172	0
3096	171	0
3097	171	0
3098	172	0
3099	171	0
3100	172	0
3101	171	0
3102	172	0
3103	172	0
3104	172	0
3105	171	0
3106	172	0
3107	171	0
3108	171	0
3109	171	0
3110	171	0
3111	171	0
3112	171	0
3113	171	0
3114	172	0
3115	172	0
3116	171	0
3117	171	0
3118	172	0
3119	171	0
3120	172	0
3121	171	0
3122	171	0
3123	171	0
3124	172	0
3125	171	0
3126	173	0
3127	171	0
3128	171	0
3129	171	0
3130	172	0
3131	172	0
3132	172	0
3133	171	0
3134	172	0
3135	171	0
3136	171	0
3137	171	0
3138	171	0
3139	172	0
3140	172	0
3141	171	0
3142	171	0
3143	171	0
3144	171	0
3145	171	0
3146	171	0
3147	171	0
3148	172	0
3149	172	0
3150	171	0
3151	171	0
3152	171	0
3153	172	0
3154	171	0
3155	171	0
3156	172	0
3157	172	0
3158	171	0
3159	171	0
3160	171	0
3161	171	0
3162	171	0
3163	172	0
3164	171	0
3165	171	0
3166	171	0
3167	171	0
3168	172	0
3169	171	0
3170	172	0
3171	171	0
3172	172	0
3173	171	0
3174	171	0
3175	171	0
3176	172	0
3177	171	0
3178	171	0
3179	171	0
3180	171	0
3181	171	0
3182	171	0
3183	171	0
3184	171	0
3185	172	0
3186	171	0
3187	172	0
3188	171	0
3189	171	0
3190	171	0
3191	172	0
3192	171	0
3193	171	0
3194	171	0
3195	171	0
3196	171	0
3197	171	0
3198	171	0
3199	171	0
3200	172	0
3201	172	0
3202	171	0
3203	171	0
3204	171	0
3205	172	0
3206	172	0
3207	171	0
3208	172	0
3209	172	0
3210	171	0
3211	171	0
3212	171	0
3213	172	0
3214	171	0
3215	171	0
3216	172	0
3217	172	0
3218	171	0
3219	171	0
3220	171	0
3221	171	0
3222	171	0
3223	172	0
3224	171	0
3225	171	0
3226	171	0
3227	171	0
3228	171	0
3229	171	0
3230	173	0
3231	171	0
3232	171	0
3233	171	0
3234	172	0
3235	171	0
3236	172	0
3237	171	0
3238	171	0
3239	171	0
3240	171	0
3241	172	0
3242	171	0
3243	171	0
3244	171	0
3245	171	0
3246	171	0
3247	171	0
3248	171	0
3249	172	0
3250	173	0
3251	172	0
3252	172	0
3253	171	0
3254	171	0
3255	171	0
3256	171	0
3257	171	0
3258	171	0
3259	171	0
3260	171	0
3261	171	0
3262	171	0
3263	171	0
3264	172	0
3265	172	0
3266	171	0
3267	172	0
3268	171	0
3269	172	0
3270	172	0
3271	172	0
3272	171	0
3273	171	0
3274	172	0
3275	171	0
3276	171	0
3277	171	0
3278	171	0
3279	172	0
3280	172	0
3281	171	0
3282	171	0
3283	171	0
3284	171	0
3285	171	0
3286	171	0
3287	172	0
3288	171	0
3289	172	0
3290	172	0
3291	172	0
3292	171	0
3293	171	0
3294	172	0
3295	171	0
3296	171	0
3297	172	0
3298	172	0
3299	171	0
3300	171	0
3301	172	0
3302	171	0
3303	172	0
3304	171	0
3305	171	0
3306	171	0
3307	171	0
3308	171	0
3309	172	0
3310	171	0
3311	172	0
3312	172	0
3313	171	0
3314	171	0
3315	171	0
3316	171	0
3317	171	0
3318	171	0
3319	172	0
3320	171	0
3321	172	0
3322	171	0
3323	171	0
3324	172	0
3325	171	0
3326	172	0
3327	171	0
3328	172	0
3329	171	0
3330	171	0
3331	171	0
3332	171	0
3333	171	0
3334	171	0
3335	171	0
3336	172	0
3337	171	0
3338	171	0
3339	171	0
3340	171	0
3341	171	0
3342	171	0
3343	172	0
3344	171	0
3345	171	0
3346	171	0
3347	171	0
3348	171	0
3349	172	0
3350	172	0
3351	171	0
3352	172	0
3353	171	0
3354	171	0
3355	171	0
3356	172	0
3357	171	0
3358	172	0
3359	171	0
3360	171	0
3361	171	0
3362	172	0
3363	172	0
3364	171	0
3365	171	0
3366	172	0
3367	172	0
3368	172	0
3369	171	0
3370	171	0
3371	172	0
3372	171	0
3373	171	0
3374	172	0
3375	171	0
3376	172	0
3377	172	0
3378	171	0
3379	171	0
3380	172	0
3381	171	0
3382	172	0
3383	171	0
3384	171	0
3385	171	0
3386	171	0
3387	171	0
3388	171	0
3389	171	0
3390	171	0
3391	171	0
3392	171	0
3393	172	0
3394	171	0
3395	172	0
3396	172	0
3397	171	0
3398	171	0
3399	171	0
3400	171	0
3401	171	0
3402	171	0
3403	171	0
3404	172	0
3405	171	0
3406	171	0
3407	171	0
3408	171	0
3409	172	0
3410	172	0
3411	171	0
3412	172	0
3413	171	0
3414	172	0
3415	171	0
3416	171	0
3417	171	0
3418	172	0
3419	171	0
3420	172	0
3421	171	0
3422	171	0
3423	172	0
3424	171	0
3425	171	0
3426	172	0
3427	171	0
3428	171	0
3429	172	0
3430	171	0
3431	171	0
3432	171	0
3433	172	0
3434	171	0
3435	171	0
3436	172	0
3437	171	0
3438	171	0
3439	172	0
3440	171	0
3441	173	0
3442	171	0
3443	172	0
3444	171	0
3445	171	0
3446	172	0
3447	172	0
3448	172	0
3449	171	0
3450	171	0
3451	171	0
3452	171	0
3453	171	0
3454	171	0
3455	171	0
3456	172	0
3457	171	0
3458	171	0
3459	172	0
3460	172	0
3461	171	0
3462	171	0
3463	171	0
3464	171	0
3465	171	0
3466	171	0
3467	171	0
3468	171	0
3469	172	0
3470	172	0
3471	171	0
3472	171	0
3473	171	0
3474	172	0
3475	171	0
3476	171	0
3477	171	0
3478	171	0
3479	172	0
3480	171	0
3481	171	0
3482	172	0
3483	171	0
3484	171	0
3485	172	0
3486	172	0
3487	172	0
3488	171	0
3489	171	0
3490	171	0
3491	171	0
3492	172	0
3493	172	0
3494	171	0
3495	171	0
3496	171	0
3497	172	0
3498	171	0
3499	171	0
3500	172	0
3501	171	0
3502	171	0
3503	171	0
3504	171	0
3505	171	0
3506	172	0
3507	172	0
3508	171	0
3509	172	0
3510	172	0
3511	172	0
3512	171	0
3513	172	0
3514	171	0
3515	171	0
3516	172	0
3517	171	0
3518	171	0
3519	171	0
3520	171	0
3521	171	0
3522	172	0
3523	171	0
3524	171	0
3525	171	0
3526	171	0
3527	171	0
3528	172	0
3529	172	0
3530	171	0
3531	171	0
3532	172	0
3533	171	0
3534	171	0
3535	171	0
3536	171	0
3537	172	0
3538	171	0
3539	171	0
3540	171	0
3541	171	0
3542	173	0
3543	172	0
3544	172	0
3545	171	0
3546	171	0
3547	171	0
3548	171	0
3549	171	0
3550	171	0
3551	171	0
3552	171	0
3553	172	0
3554	171	0
3555	171	0
3556	171	0
3557	171	0
3558	172	0
3559	171	0
3560	171	0
3561	172	0
3562	172	0
3563	171	0
3564	171	0
3565	171	0
3566	171	0
3567	171	0
3568	171	0
3569	172	0
3570	171	0
3571	173	0
3572	172	0
3573	171	0
3574	171	0
3575	172	0
3576	172	0
3577	172	0
3578	171	0
3579	172	0
3580	173	0
3581	171	0
3582	171	0
3583	172	0
3584	172	0
3585	172	0
3586	171	0
3587	171	0
3588	171	0
3589	172	0
3590	171	0
3591	172	0
3592	172	0
3593	171	0
3594	172	0
3595	171	0
3596	172	0
3597	172	0
3598	172	0
3599	171	0
3600	172	0
3601	171	0
3602	171	0
3603	172	0
3604	171	0
3605	173	0
3606	172	0
3607	171	0
3608	172	0
3609	171	0
3610	172	0
3611	171	0
3612	172	0
3613	172	0
3614	171	0
3615	171	0
3616	172	0
3617	171	0
3618	172	0
3619	172	0
3620	171	0
3621	172	0
3622	172	0
3623	172	0
3624	172	0
3625	172	0
3626	172	0
3627	172	0
3628	172	0
3629	171	0
3630	172	0
3631	171	0
3632	172	0
3633	171	0
3634	171	0
3635	172	0
3636	172	0
3637	172	0
3638	172	0
3639	172	0
3640	171	0
3641	172	0
3642	172	0
3643	171	0
3644	171	0
3645	172	0
3646	171	0
3647	171	0
3648	171	0
3649	171	0
3650	171	0
3651	171	0
3652	172	0
3653	171	0
3654	171	0
3655	171	0
3656	171	0
3657	172	0
3658	171	0
3659	173	0
3660	171	0
3661	171	0
3662	172	0
3663	171	0
3664	172	0
3665	172	0
3666	171	0
3667	172	0
3668	171	0
3669	172	0
3670	172	0
3671	173	0
3672	173	0
3673	173	0
3674	175	0
3675	175	0
3676	175	0
3677	176	0
3678	176	0
3679	177	0
3680	178	0
3681	177	0
3682	177	0
3683	177	0
3684	177	0
3685	178	0
3686	179	0
3687	178	0
3688	178	0
3689	179	0
3690	179	0
3691	179	0
3692	178	0
3693	179	0
3694	179	0
3695	179	0
3696	179	0
3697	179	0
3698	180	0
3699	180	0
3700	181	0
3701	180	0
3702	181	0
3703	181	0
3704	181	0
3705	181	0
3706	181	0
3707	181	0
3708	181	0
3709	181	0
3710	182	0
3711	181	0
3712	182	0
3713	182	0
3714	182	0
3715	182	0
3716	182	0
3717	183	0
3718	182	0
3719	182	0
3720	182	0
3721	182	0
3722	182	0
3723	182	0
3724	183	0
3725	182	0
3726	183	0
3727	183	0
3728	183	0
3729	183	0
3730	183	0
3731	183	0
3732	183	0
3733	183	0
3734	183	0
3735	183	0
3736	183	0
3737	183	0
3738	183	0
3739	183	0
3740	183	0
3741	183	0
3742	183	0
3743	183	0
3744	183	0
3745	183	0
3746	183	0
3747	183	0
3748	183	0
3749	183	0
3750	183	0
3751	184	0
3752	183	0
3753	183	0
3754	183	0
3755	184	0
3756	184	0
3757	184	0
3758	184	0
3759	185	0
3760	184	0
3761	184	0
3762	183	0
3763	185	0
3764	185	0
3765	185	0
3766	185	0
3767	185	0
3768	186	0
3769	186	0
3770	187	0
3771	187	0
3772	188	0
3773	189	0
3774	189	0
3775	189	0
3776	190	0
3777	190	0
3778	190	0
3779	190	0
3780	190	0
3781	191	0
3782	192	0
3783	192	0
3784	192	0
3785	193	0
3786	194	0
3787	195	0
3788	195	0
3789	196	0
3790	197	0
3791	197	0
3792	197	0
3793	198	0
3794	198	0
3795	199	0
3796	199	0
3797	199	0
3798	201	0
3799	201	0
3800	201	0
3801	201	0
3802	203	0
3803	203	0
3804	203	0
3805	204	0
3806	204	0
3807	205	0
3808	206	0
3809	207	0
3810	207	0
3811	209	0
3812	209	0
3813	210	0
3814	210	0
3815	211	0
3816	212	0
3817	213	0
3818	214	0
3819	215	0
3820	216	0
3821	217	0
3822	217	0
3823	219	0
3824	221	0
3825	222	0
3826	222	0
3827	223	0
3828	223	0
3829	225	0
3830	225	0
3831	225	0
3832	227	0
3833	227	0
3834	229	0
3835	229	0
3836	229	0
3837	229	0
3838	231	0
3839	232	0
3840	233	0
3841	233	0
3842	234	0
3843	235	0
3844	235	0
3845	237	0
3846	238	0
3847	239	0
3848	240	0
3849	240	0
3850	241	0
3851	243	0
3852	243	0
3853	244	0
3854	245	0
3855	247	0
3856	247	0
3857	247	0
3858	249	0
3859	249	0
3860	250	0
3861	252	0
3862	253	0
3863	253	0
3864	253	0
3865	253	0
3866	253	0
3867	253	0
3868	253	0
3869	253	0
3870	253	0
3871	253	0
3872	253	0
3873	253	0
3874	253	0
3875	253	0
3876	253	0
3877	252	0
3878	253	0
3879	253	0
3880	253	0
3881	253	0
3882	253	0
3883	253	0
3884	253	0
3885	253	0
3886	253	0
3887	253	0
3888	253	0
3889	253	0
3890	253	0
3891	253	0
3892	253	0
3893	253	0
3894	253	0
3895	253	0
3896	253	0
3897	253	0
3898	253	0
3899	253	0
3900	253	0
3901	253	0
3902	253	0
3903	253	0
3904	253	0
3905	253	0
3906	253	0
3907	253	0
3908	253	0
3909	253	0
3910	253	0
3911	253	0
3912	253	0
3913	253	0
3914	253	0
3915	253	0
3916	253	0
3917	253	0
3918	253	0
3919	253	0
3920	253	0
3921	253	0
3922	253	0
3923	253	0
3924	253	0
3925	253	0
3926	253	0
3927	253	0
3928	253	0
3929	253	0
3930	253	0
3931	253	0
3932	253	0
3933	253	0
3934	253	0
3935	253	0
3936	253	0
3937	253	0
3938	253	0
3939	253	0
3940	253	0
3941	253	0
3942	253	0
3943	253	0
3944	253	0
3945	253	0
3946	253	0
3947	253	0
3948	253	0
3949	253	0
3950	253	0
3951	253	0
3952	253	0
3953	253	0
3954	253	0
3955	253	0
3956	253	0
3957	253	0
3958	253	0
3959	253	0
3960	253	0
3961	253	0
3962	253	0
3963	253	0
3964	253	0
3965	253	0
3966	253	0
3967	253	0
3968	253	0
3969	253	0
3970	253	0
3971	253	0
3972	253	0
3973	253	0
3974	253	0
3975	253	0
3976	253	0
3977	253	0
3978	253	0
3979	253	0
3980	253	0
3981	253	0
3982	253	0
3983	253	0
3984	253	0
3985	253	0
3986	253	0
3987	253	0
3988	253	0
3989	253	0
3990	253	0
3991	253	0
3992	253	0
3993	253	0
3994	253	0
3995	253	0
3996	253	0
3997	253	0
3998	253	0
3999	253	0
4000	253	0
4001	253	0
4002	253	0
4003	253	0
4004	253	0
4005	253	0
4006	254	0
4007	253	0
4008	253	0
4009	253	0
4010	253	0
4011	253	0
4012	253	0
4013	253	0
4014	253	0
4015	253	0
4016	253	0
4017	253	0
4018	253	0
4019	253	0
4020	253	0
4021	253	0
4022	253	0
4023	253	0
4024	253	0
4025	253	0
4026	253	0
4027	253	0
4028	253	0
4029	253	0
4030	253	0
4031	253	0
4032	253	0
4033	254	0
4034	253	0
4035	253	0
4036	253	0
4037	253	0
4038	253	0
4039	253	0
4040	253	0
4041	253	0
4042	253	0
4043	253	0
4044	253	0
4045	253	0
4046	253	0
4047	253	0
4048	253	0
4049	253	0
4050	253	0
4051	253	0
4052	253	0
4053	253	0
4054	253	0
4055	253	0
4056	253	0
4057	253	0
4058	253	0
4059	253	0
4060	253	0
4061	253	0
4062	253	0
4063	253	0
4064	253	0
4065	253	0
4066	253	0
4067	253	0
4068	253	0
4069	253	0
4070	253	0
4071	253	0
4072	253	0
4073	253	0
4074	253	0
4075	253	0
4076	253	0
4077	253	0
4078	253	0
4079	253	0
4080	253	0
4081	253	0
4082	253	0
4083	253	0
4084	253	0
4085	253	0
4086	254	0
4087	253	0
4088	253	0
4089	253	0
4090	253	0
4091	253	0
4092	253	0
4093	253	0
4094	253	0
4095	253	0
4096	253	0
4097	253	0
4098	253	0
4099	253	0
4100	253	0
4101	253	0
4102	253	0
4103	253	0
4104	253	0
4105	253	0
4106	253	0
4107	253	0
4108	253	0
4109	253	0
4110	253	0
4111	253	0
4112	253	0
4113	253	0
4114	253	0
4115	253	0
4116	253	0
4117	253	0
4118	253	0
4119	253	0
4120	253	0
4121	253	0
4122	253	0
4123	253	0
4124	253	0
4125	253	0
4126	253	0
4127	253	0
4128	253	0
4129	253	0
4130	253	0
4131	253	0
4132	253	0
4133	253	0
4134	253	0
4135	253	0
4136	253	0
4137	253	0
4138	253	0
4139	253	0
4140	253	0
4141	253	0
4142	253	0
4143	253	0
4144	253	0
4145	253	0
4146	253	0
4147	253	0
4148	253	0
4149	253	0
4150	253	0
4151	253	0
4152	253	0
4153	253	0
4154	253	0
4155	253	0
4156	253	0
4157	253	0
4158	253	0
4159	253	0
4160	253	0
4161	253	0
4162	253	0
4163	253	0
4164	253	0
4165	253	0
4166	253	0
4167	253	0
4168	253	0
4169	253	0
4170	253	0
4171	253	0
4172	253	0
4173	253	0
4174	253	0
4175	253	0
4176	253	0
4177	253	0
4178	253	0
4179	253	0
4180	253	0
4181	253	0
4182	253	0
4183	253	0
4184	253	0
4185	253	0
4186	253	0
4187	253	0
4188	253	0
4189	253	0
4190	253	0
4191	253	0
4192	253	0
4193	253	0
4194	253	0
4195	253	0
4196	252	0
4197	253	0
4198	253	0
4199	253	0
4200	253	0
4201	253	0
4202	253	0
4203	253	0
4204	253	0
4205	253	0
4206	253	0
4207	253	0
4208	253	0
4209	253	0
4210	253	0
4211	253	0
4212	253	0
4213	253	0
4214	253	0
4215	253	0
4216	253	0
4217	253	0
4218	253	0
4219	253	0
4220	253	0
4221	253	0
4222	253	0
4223	253	0
4224	253	0
4225	253	0
4226	253	0
4227	254	0
4228	253	0
4229	253	0
4230	253	0
4231	253	0
4232	253	0
4233	253	0
4234	253	0
4235	253	0
4236	253	0
4237	253	0
4238	253	0
4239	253	0
4240	253	0
4241	253	0
4242	253	0
4243	253	0
4244	253	0
4245	253	0
4246	253	0
4247	253	0
4248	253	0
4249	253	0
4250	253	0
4251	253	0
4252	253	0
4253	253	0
4254	253	0
4255	253	0
4256	253	0
4257	253	0
4258	253	0
4259	253	0
4260	253	0
4261	253	0
4262	253	0
4263	253	0
4264	253	0
4265	253	0
4266	253	0
4267	253	0
4268	253	0
4269	253	0
4270	253	0
4271	253	0
4272	253	0
4273	253	0
4274	253	0
4275	253	0
4276	253	0
4277	253	0
4278	253	0
4279	253	0
4280	253	0
4281	253	0
4282	253	0
4283	253	0
4284	253	0
4285	253	0
4286	253	0
4287	253	0
4288	253	0
4289	253	0
4290	253	0
4291	253	0
4292	253	0
4293	253	0
4294	253	0
4295	253	0
4296	253	0
4297	253	0
4298	253	0
4299	253	0
4300	253	0
4301	253	0
4302	253	0
4303	253	0
4304	253	0
4305	253	0
4306	253	0
4307	253	0
4308	253	0
4309	253	0
4310	253	0
4311	253	0
4312	253	0
4313	253	0
4314	253	0
4315	253	0
4316	253	0
4317	253	0
4318	253	0
4319	253	0
4320	253	0
4321	253	0
4322	253	0
4323	253	0
4324	253	0
4325	253	0
4326	253	0
4327	253	0
4328	253	0
4329	253	0
4330	253	0
4331	253	0
4332	253	0
4333	253	0
4334	253	0
4335	253	0
4336	253	0
4337	253	0
4338	253	0
4339	253	0
4340	253	0
4341	253	0
4342	253	0
4343	253	0
4344	253	0
4345	253	0
4346	253	0
4347	253	0
4348	253	0
4349	253	0
4350	253	0
4351	253	0
4352	253	0
4353	253	0
4354	254	0
4355	253	0
4356	253	0
4357	253	0
4358	253	0
4359	253	0
4360	253	0
4361	253	0
4362	253	0
4363	253	0
4364	253	0
4365	253	0
4366	253	0
4367	253	0
4368	253	0
4369	253	0
4370	253	0
4371	253	0
4372	253	0
4373	253	0
4374	253	0
4375	253	0
4376	253	0
4377	253	0
4378	253	0
4379	253	0
4380	253	0
4381	253	0
4382	253	0
4383	253	0
4384	253	0
4385	253	0
4386	253	0
4387	253	0
4388	253	0
4389	253	0
4390	253	0
4391	253	0
4392	253	0
4393	253	0
4394	253	0
4395	253	0
4396	253	0
4397	253	0
4398	253	0
4399	253	0
4400	253	0
4401	253	0
4402	253	0
4403	253	0
4404	253	0
4405	253	0
4406	253	0
4407	253	0
4408	253	0
4409	253	0
4410	253	0
4411	253	0
4412	253	0
4413	253	0
4414	253	0
4415	253	0
4416	253	0
4417	253	0
4418	253	0
4419	253	0
4420	253	0
4421	253	0
4422	253	0
4423	253	0
4424	253	0
4425	253	0
4426	253	0
4427	253	0
4428	253	0
4429	253	0
4430	253	0
4431	253	0
4432	253	0
4433	253	0
4434	253	0
4435	253	0
4436	253	0
4437	253	0
4438	253	0
4439	253	0
4440	253	0
4441	253	0
4442	253	0
4443	253	0
4444	253	0
4445	253	0
4446	253	0
4447	253	0
4448	253	0
4449	253	0
4450	253	0
4451	253	0
4452	253	0
4453	253	0
4454	253	0
4455	253	0
4456	253	0
4457	253	0
4458	253	0
4459	253	0
4460	253	0
4461	253	0
4462	253	0
4463	253	0
4464	253	0
4465	253	0
4466	253	0
4467	253	0
4468	253	0
4469	253	0
4470	253	0
4471	253	0
4472	253	0
4473	253	0
4474	253	0
4475	253	0
4476	253	0
4477	253	0
4478	253	0
4479	253	0
4480	253	0
4481	253	0
4482	253	0
4483	253	0
4484	253	0
4485	253	0
4486	253	0
4487	253	0
4488	253	0
4489	253	0
4490	253	0
4491	253	0
4492	253	0
4493	253	0
4494	253	0
4495	253	0
4496	253	0
4497	253	0
4498	253	0
4499	253	0
4500	253	0
4501	253	0
4502	253	0
4503	253	0
4504	254	0
4505	253	0
4506	253	0
4507	253	0
4508	253	0
4509	253	0
4510	253	0
4511	253	0
4512	253	0
4513	253	0
4514	253	0
4515	253	0
4516	253	0
4517	253	0
4518	253	0
4519	253	0
4520	253	0
4521	253	0
4522	253	0
4523	253	0
4524	253	0
4525	253	0
4526	253	0
4527	253	0
4528	253	0
4529	253	0
4530	253	0
4531	253	0
4532	253	0
4533	253	0
4534	253	0
4535	253	0
4536	253	0
4537	253	0
4538	253	0
4539	253	0
4540	253	0
4541	252	0
4542	253	0
4543	251	0
4544	249	0
4545	248	0
4546	247	0
4547	246	0
4548	245	0
4549	243	0
4550	242	0
4551	240	0
4552	239	0
4553	239	0
4554	238	0
4555	236	0
4556	235	0
4557	235	0
4558	233	0
4559	231	0
4560	229	0
4561	229	0
4562	227	0
4563	225	0
4564	225	0
4565	223	0
4566	223	0
4567	221	0
4568	218	0
4569	217	0
4570	215	0
4571	215	0
4572	213	0
4573	213	0
4574	211	0
4575	210	0
4576	209	0
4577	209	0
4578	207	0
4579	207	0
4580	206	0
4581	205	0
4582	205	0
4583	204	0
4584	203	0
4585	203	0
4586	201	0
4587	202	0
4588	201	0
4589	201	0
4590	200	0
4591	199	0
4592	199	0
4593	198	0
4594	198	0
4595	197	0
4596	197	0
4597	197	0
4598	196	0
4599	197	0
4600	195	0
4601	195	0
4602	194	0
4603	194	0
4604	194	0
4605	193	0
4606	192	0
4607	191	0
4608	191	0
4609	191	0
4610	190	0
4611	190	0
4612	189	0
4613	189	0
4614	189	0
4615	189	0
4616	189	0
4617	187	0
4618	186	0
4619	185	0
4620	184	0
4621	183	0
4622	184	0
4623	182	0
4624	183	0
4625	182	0
4626	181	0
4627	180	0
4628	179	0
4629	178	0
4630	178	0
4631	177	0
4632	177	0
4633	175	0
4634	175	0
4635	174	0
4636	173	0
4637	173	0
4638	172	0
4639	172	0
4640	172	0
4641	172	0
4642	172	0
4643	172	0
4644	172	0
4645	171	0
4646	171	0
4647	171	0
4648	171	0
4649	171	0
4650	171	0
4651	172	0
4652	171	0
4653	171	0
4654	171	0
4655	172	0
4656	172	0
4657	171	0
4658	172	0
4659	171	0
4660	171	0
4661	171	0
4662	171	0
4663	172	0
4664	171	0
4665	171	0
4666	171	0
4667	171	0
4668	171	0
4669	171	0
4670	172	0
4671	172	0
4672	171	0
4673	172	0
4674	171	0
4675	172	0
4676	171	0
4677	171	0
4678	171	0
4679	171	0
4680	171	0
4681	172	0
4682	172	0
4683	172	0
4684	172	0
4685	171	0
4686	172	0
4687	171	0
4688	172	0
4689	171	0
4690	171	0
4691	172	0
4692	171	0
4693	171	0
4694	171	0
4695	172	0
4696	171	0
4697	172	0
4698	171	0
4699	171	0
4700	171	0
4701	173	0
4702	172	0
4703	171	0
4704	172	0
4705	171	0
4706	172	0
4707	171	0
4708	171	0
4709	172	0
4710	172	0
4711	171	0
4712	171	0
4713	172	0
4714	172	0
4715	172	0
4716	171	0
4717	171	0
4718	171	0
4719	172	0
4720	172	0
4721	172	0
4722	171	0
4723	172	0
4724	172	0
4725	171	0
4726	172	0
4727	171	0
4728	172	0
4729	171	0
4730	172	0
4731	171	0
4732	171	0
4733	172	0
4734	173	0
4735	173	0
4736	171	0
4737	171	0
4738	173	0
4739	172	0
4740	171	0
4741	171	0
4742	172	0
4743	171	0
4744	173	0
4745	171	0
4746	172	0
4747	172	0
4748	173	0
4749	172	0
4750	173	0
4751	172	0
4752	172	0
4753	172	0
4754	172	0
4755	173	0
4756	172	0
4757	173	0
4758	173	0
4759	174	0
4760	175	0
4761	175	0
4762	176	0
4763	177	0
4764	178	0
4765	179	0
4766	180	0
4767	181	0
4768	182	0
4769	183	0
4770	184	0
4771	185	0
4772	186	0
4773	188	0
4774	189	0
4775	189	0
4776	190	0
4777	191	0
4778	191	0
4779	193	0
4780	193	0
4781	195	0
4782	195	0
4783	195	0
4784	197	0
4785	197	0
4786	198	0
4787	198	0
4788	199	0
4789	199	0
4790	199	0
4791	201	0
4792	201	0
4793	201	0
4794	202	0
4795	201	0
4796	203	0
4797	203	0
4798	203	0
4799	203	0
4800	204	0
4801	205	0
4802	205	0
4803	205	0
4804	205	0
4805	206	0
4806	206	0
4807	207	0
4808	206	0
4809	207	0
4810	207	0
4811	208	0
4812	209	0
4813	208	0
4814	209	0
4815	209	0
4816	209	0
4817	209	0
4818	209	0
4819	209	0
4820	210	0
4821	209	0
4822	210	0
4823	209	0
4824	210	0
4825	209	0
4826	210	0
4827	210	0
4828	211	0
4829	210	0
4830	211	0
4831	211	0
4832	211	0
4833	211	0
4834	211	0
4835	213	0
4836	213	0
4837	213	0
4838	213	0
4839	213	0
4840	214	0
4841	214	0
4842	214	0
4843	215	0
4844	215	0
4845	214	0
4846	215	0
4847	215	0
4848	215	0
4849	216	0
4850	217	0
4851	216	0
4852	217	0
4853	217	0
4854	217	0
4855	218	0
4856	219	0
4857	220	0
4858	221	0
4859	222	0
4860	222	0
4861	222	0
4862	223	0
4863	223	0
4864	224	0
4865	223	0
4866	223	0
4867	225	0
4868	225	0
4869	225	0
4870	225	0
4871	227	0
4872	226	0
4873	227	0
4874	227	0
4875	229	0
4876	229	0
4877	229	0
4878	229	0
4879	230	0
4880	231	0
4881	231	0
4882	232	0
4883	233	0
4884	233	0
4885	234	0
4886	234	0
4887	234	0
4888	235	0
4889	236	0
4890	237	0
4891	237	0
4892	237	0
4893	238	0
4894	239	0
4895	239	0
4896	239	0
4897	240	0
4898	241	0
4899	242	0
4900	243	0
4901	243	0
4902	244	0
4903	245	0
4904	245	0
4905	246	0
4906	247	0
4907	247	0
4908	249	0
4909	249	0
4910	249	0
4911	249	0
4912	251	0
4913	253	0
4914	253	0
4915	253	0
4916	253	0
4917	254	0
4918	253	0
4919	253	0
4920	253	0
4921	253	0
4922	253	0
4923	253	0
4924	253	0
4925	253	0
4926	253	0
4927	253	0
4928	253	0
4929	253	0
4930	253	0
4931	253	0
4932	253	0
4933	253	0
4934	253	0
4935	253	0
4936	253	0
4937	253	0
4938	253	0
4939	253	0
4940	253	0
4941	253	0
4942	253	0
4943	253	0
4944	253	0
4945	253	0
4946	253	0
4947	253	0
4948	253	0
4949	253	0
4950	253	0
4951	253	0
4952	253	0
4953	253	0
4954	253	0
4955	253	0
4956	253	0
4957	253	0
4958	253	0
4959	253	0
4960	253	0
4961	253	0
4962	253	0
4963	253	0
4964	253	0
4965	253	0
4966	253	0
4967	253	0
4968	253	0
4969	253	0
4970	253	0
4971	253	0
4972	253	0
4973	253	0
4974	253	0
4975	253	0
4976	253	0
4977	253	0
4978	253	0
4979	253	0
4980	253	0
4981	253	0
4982	253	0
4983	253	0
4984	253	0
4985	254	0
4986	253	0
4987	253	0
4988	253	0
4989	253	0
4990	253	0
4991	253	0
4992	253	0
4993	253	0
4994	253	0
4995	253	0
4996	253	0
4997	253	0
4998	253	0
4999	253	0
5000	253	0
5001	253	0
5002	253	0
5003	253	0
5004	253	0
5005	253	0
5006	253	0
5007	253	0
5008	253	0
5009	253	0
5010	253	0
5011	253	0
5012	253	0
5013	253	0
5014	253	0
5015	253	0
5016	253	0
5017	253	0
5018	253	0
5019	253	0
5020	253	0
5021	253	0
5022	253	0
5023	253	0
5024	253	0
5025	253	0
5026	253	0
5027	253	0
5028	253	0
5029	253	0
5030	253	0
5031	253	0
5032	253	0
5033	253	0
5034	253	0
5035	253	0
5036	253	0
5037	253	0
5038	253	0
5039	253	0
5040	253	0
5041	253	0
5042	253	0
5043	253	0
5044	253	0
5045	253	0
5046	253	0
5047	253	0
5048	253	0
5049	253	0
5050	254	0
5051	253	0
5052	253	0
5053	253	0
5054	253	0
5055	253	0
5056	253	0
5057	253	0
5058	253	0
5059	253	0
5060	253	0
5061	253	0
5062	253	0
5063	253	0
5064	253	0
5065	253	0
5066	253	0
5067	253	0
5068	253	0
5069	253	0
5070	253	0
5071	253	0
5072	253	0
5073	253	0
5074	253	0
5075	253	0
5076	253	0
5077	253	0
5078	253	0
5079	253	0
5080	253	0
5081	253	0
5082	253	0
5083	253	0
5084	253	0
5085	253	0
5086	253	0
5087	253	0
5088	253	0
5089	253	0
5090	253	0
5091	253	0
5092	253	0
5093	253	0
5094	253	0
5095	253	0
5096	253	0
5097	253	0
5098	253	0
5099	253	0
5100	253	0
5101	253	0
5102	253	0
5103	253	0
5104	253	0
5105	253	0
5106	253	0
5107	253	0
5108	253	0
5109	253	0
5110	253	0
5111	253	0
5112	253	0
5113	253	0
5114	253	0
5115	253	0
5116	253	0
5117	253	0
5118	253	0
5119	253	0
5120	253	0
5121	253	0
5122	253	0
5123	253	0
5124	253	0
5125	253	0
5126	252	0
5127	253	0
5128	253	0
5129	253	0
5130	253	0
5131	253	0
5132	253	0
5133	253	0
5134	253	0
5135	253	0
5136	253	0
5137	253	0
5138	253	0
5139	253	0
5140	253	0
5141	253	0
5142	253	0
5143	253	0
5144	253	0
5145	253	0
5146	253	0
5147	253	0
5148	253	0
5149	253	0
5150	253	0
5151	253	0
5152	253	0
5153	253	0
5154	253	0
5155	253	0
5156	253	0
5157	253	0
5158	253	0
5159	253	0
5160	253	0
5161	253	0
5162	253	0
5163	253	0
5164	253	0
5165	253	0
5166	253	0
5167	253	0
5168	253	0
5169	253	0
5170	253	0
5171	253	0
5172	253	0
5173	253	0
5174	253	0
5175	253	0
5176	254	0
5177	253	0
5178	253	0
5179	253	0
5180	253	0
5181	253	0
5182	253	0
5183	253	0
5184	253	0
5185	253	0
5186	253	0
5187	253	0
5188	253	0
5189	253	0
5190	253	0
5191	253	0
5192	253	0
5193	253	0
5194	253	0
5195	253	0
5196	253	0
5197	253	0
5198	253	0
5199	253	0
5200	253	0
5201	253	0
5202	253	0
5203	253	0
5204	253	0
5205	253	0
5206	253	0
5207	253	0
5208	253	0
5209	253	0
5210	253	0
5211	253	0
5212	253	0
5213	253	0
5214	253	0
5215	253	0
5216	253	0
5217	253	0
5218	253	0
5219	253	0
5220	253	0
5221	253	0
5222	253	0
5223	253	0
5224	253	0
5225	253	0
5226	253	0
5227	253	0
5228	253	0
5229	253	0
5230	253	0
5231	253	0
5232	253	0
5233	253	0
5234	253	0
5235	253	0
5236	253	0
5237	253	0
5238	253	0
5239	253	0
5240	253	0
5241	253	0
5242	253	0
5243	253	0
5244	253	0
5245	253	0
5246	253	0
5247	253	0
5248	253	0
5249	253	0
5250	253	0
5251	253	0
5252	253	0
5253	253	0
5254	253	0
5255	253	0
5256	253	0
5257	253	0
5258	253	0
5259	253	0
5260	253	0
5261	253	0
5262	253	0
5263	253	0
5264	253	0
5265	253	0
5266	253	0
5267	253	0
5268	253	0
5269	253	0
5270	253	0
5271	253	0
5272	253	0
5273	253	0
5274	253	0
5275	253	0
5276	253	0
5277	253	0
5278	253	0
5279	253	0
5280	253	0
5281	253	0
5282	253	0
5283	253	0
5284	253	0
5285	253	0
5286	253	0
5287	253	0
5288	253	0
5289	253	0
5290	253	0
5291	253	0
5292	253	0
5293	253	0
5294	253	0
5295	253	0
5296	253	0
5297	253	0
5298	253	0
5299	253	0
5300	253	0
5301	253	0
5302	253	0
5303	253	0
5304	253	0
5305	253	0
5306	253	0
5307	253	0
5308	253	0
5309	253	0
5310	253	0
5311	253	0
5312	253	0
5313	253	0
5314	253	0
5315	253	0
5316	253	0
5317	253	0
5318	253	0
5319	253	0
5320	253	0
5321	253	0
5322	253	0
5323	253	0
5324	253	0
5325	253	0
5326	253	0
5327	253	0
5328	253	0
5329	253	0
5330	253	0
5331	253	0
5332	253	0
5333	253	0
5334	253	0
5335	253	0
5336	253	0
5337	253	0
5338	253	0
5339	253	0
5340	253	0
5341	253	0
5342	253	0
5343	253	0
5344	253	0
5345	253	0
5346	253	0
5347	253	0
5348	253	0
5349	253	0
5350	253	0
5351	253	0
5352	253	0
5353	253	0
5354	253	0
5355	253	0
5356	253	0
5357	253	0
5358	253	0
5359	253	0
5360	253	0
5361	253	0
5362	253	0
5363	253	0
5364	253	0
5365	253	0
5366	253	0
5367	253	0
5368	253	0
5369	253	0
5370	253	0
5371	253	0
5372	253	0
5373	253	0
5374	253	0
5375	253	0
5376	253	0
5377	253	0
5378	253	0
5379	253	0
5380	253	0
5381	253	0
5382	253	0
5383	253	0
5384	253	0
5385	253	0
5386	253	0
5387	253	0
5388	253	0
5389	253	0
5390	253	0
5391	253	0
5392	253	0
5393	253	0
5394	253	0
5395	253	0
5396	253	0
5397	253	0
5398	253	0
5399	253	0
5400	253	0
5401	253	0
5402	253	0
5403	253	0
5404	253	0
5405	253	0
5406	253	0
5407	253	0
5408	253	0
5409	253	0
5410	253	0
5411	253	0
5412	254	0
5413	253	0
5414	253	0
5415	253	0
5416	253	0
5417	253	0
5418	253	0
5419	253	0
5420	253	0
5421	253	0
5422	253	0
5423	253	0
5424	253	0
5425	253	0
5426	253	0
5427	253	0
5428	253	0
5429	253	0
5430	253	0
5431	253	0
5432	253	0
5433	253	0
5434	253	0
5435	253	0
5436	253	0
5437	253	0
5438	253	0
5439	253	0
5440	253	0
5441	253	0
5442	253	0
5443	253	0
5444	253	0
5445	253	0
5446	253	0
5447	253	0
5448	253	0
5449	253	0
5450	253	0
5451	253	0
5452	253	0
5453	253	0
5454	253	0
5455	253	0
5456	253	0
5457	253	0
5458	253	0
5459	253	0
5460	253	0
5461	253	0
5462	253	0
5463	253	0
5464	254	0
5465	253	0
5466	253	0
5467	253	0
5468	253	0
5469	253	0
5470	253	0
5471	253	0
5472	253	0
5473	253	0
5474	253	0
5475	253	0
5476	253	0
5477	253	0
5478	253	0
5479	253	0
5480	253	0
5481	253	0
5482	253	0
5483	253	0
5484	253	0
5485	253	0
5486	253	0
5487	253	0
5488	253	0
5489	253	0
5490	253	0
5491	253	0
5492	253	0
5493	253	0
5494	253	0
5495	253	0
5496	253	0
5497	253	0
5498	253	0
5499	253	0
5500	253	0
5501	253	0
5502	253	0
5503	253	0
5504	253	0
5505	253	0
5506	253	0
5507	253	0
5508	253	0
5509	253	0
5510	253	0
5511	253	0
5512	253	0
5513	253	0
5514	253	0
5515	253	0
5516	253	0
5517	253	0
5518	253	0
5519	253	0
5520	253	0
5521	253	0
5522	253	0
5523	253	0
5524	253	0
5525	253	0
5526	253	0
5527	253	0
5528	253	0
5529	253	0
5530	253	0
5531	253	0
5532	253	0
5533	253	0
5534	253	0
5535	253	0
5536	253	0
5537	253	0
5538	253	0
5539	253	0
5540	253	0
5541	253	0
5542	253	0
5543	253	0
5544	253	0
5545	253	0
5546	253	0
5547	253	0
5548	253	0
5549	253	0
5550	253	0
5551	253	0
5552	253	0
5553	253	0
5554	253	0
5555	253	0
5556	253	0
5557	253	0
5558	253	0
5559	253	0
5560	253	0
5561	253	0
5562	253	0
5563	253	0
5564	253	0
5565	253	0
5566	253	0
5567	253	0
5568	253	0
5569	253	0
5570	253	0
5571	253	0
5572	253	0
5573	253	0
5574	253	0
5575	253	0
5576	253	0
5577	253	0
5578	253	0
5579	253	0
5580	253	0
5581	253	0
5582	253	0
5583	253	0
5584	253	0
5585	253	0
5586	253	0
5587	253	0
5588	253	0
5589	253	0
5590	253	0
5591	253	0
5592	253	0
5593	253	0
5594	253	0
5595	253	0
5596	253	0
5597	253	0
5598	253	0
5599	253	0
5600	253	0
5601	253	0
5602	253	0
5603	253	0
5604	253	0
5605	253	0
5606	253	0
5607	253	0
5608	253	0
5609	253	0
5610	253	0
5611	253	0
5612	253	0
5613	253	0
5614	253	0
5615	253	0
5616	253	0
5617	253	0
5618	253	0
5619	253	0
5620	253	0
5621	253	0
5622	253	0
5623	253	0
5624	253	0
5625	253	0
5626	253	0
5627	253	0
5628	253	0
5629	253	0
5630	253	0
5631	253	0
5632	253	0
5633	253	0
5634	253	0
5635	253	0
5636	253	0
5637	253	0
5638	253	0
5639	253	0
5640	253	0
5641	253	0
5642	253	0
5643	253	0
5644	253	0
5645	253	0
5646	253	0
5647	253	0
5648	253	0
5649	253	0
5650	253	0
5651	253	0
5652	253	0
5653	253	0
5654	253	0
5655	253	0
5656	253	0
5657	253	0
5658	253	0
5659	253	0
5660	253	0
5661	253	0
5662	253	0
5663	253	0
5664	253	0
5665	253	0
5666	253	0
5667	254	0
5668	254	0
5669	253	0
5670	253	0
5671	253	0
5672	253	0
5673	253	0
5674	253	0
5675	253	0
5676	253	0
5677	253	0
5678	253	0
5679	253	0
5680	253	0
5681	253	0
5682	253	0
5683	253	0
5684	253	0
5685	253	0
5686	253	0
5687	253	0
5688	254	0
5689	253	0
5690	253	0
5691	253	0
5692	253	0
5693	253	0
5694	253	0
5695	253	0
5696	253	0
5697	253	0
5698	253	0
5699	253	0
5700	253	0
5701	253	0
5702	253	0
5703	253	0
5704	253	0
5705	253	0
5706	253	0
5707	253	0
5708	253	0
5709	253	0
5710	253	0
5711	253	0
5712	253	0
5713	253	0
5714	253	0
5715	253	0
5716	254	0
5717	253	0
5718	253	0
5719	253	0
5720	253	0
5721	253	0
5722	254	0
5723	253	0
5724	253	0
5725	253	0
5726	253	0
5727	253	0
5728	253	0
5729	253	0
5730	254	0
5731	253	0
5732	253	0
5733	253	0
5734	253	0
5735	253	0
5736	253	0
5737	253	0
5738	253	0
5739	253	0
5740	253	0
5741	253	0
5742	254	0
5743	253	0
5744	253	0
5745	253	0
5746	253	0
5747	252	0
5748	250	0
5749	249	0
5750	248	0
5751	247	0
5752	245	0
5753	243	0
5754	242	0
5755	241	0
5756	239	0
5757	237	0
5758	235	0
5759	232	0
5760	229	0
5761	227	0
5762	225	0
5763	223	0
5764	217	0
5765	215	0
5766	211	0
5767	207	0
5768	203	0
5769	199	0
5770	195	0
5771	191	0
5772	189	0
5773	183	0
5774	179	0
5775	175	0
5776	172	0
5777	172	0
5778	172	0
5779	171	0
5780	172	0
5781	172	0
5782	172	0
5783	171	0
5784	173	0
5785	172	0
5786	171	0
5787	171	0
5788	171	0
5789	171	0
5790	172	0
5791	171	0
5792	172	0
5793	171	0
5794	171	0
5795	171	0
5796	172	0
5797	171	0
5798	171	0
5799	171	0
5800	171	0
5801	173	0
5802	172	0
5803	173	0
5804	171	0
5805	171	0
5806	171	0
5807	171	0
5808	171	0
5809	171	0
5810	171	0
5811	171	0
5812	172	0
5813	172	0
5814	171	0
5815	172	0
5816	172	0
5817	171	0
5818	172	0
5819	171	0
5820	171	0
5821	172	0
5822	172	0
5823	171	0
5824	171	0
5825	172	0
5826	171	0
5827	172	0
5828	171	0
5829	172	0
5830	172	0
5831	171	0
5832	170	0
5833	167	0
5834	165	0
5835	162	0
5836	160	0
5837	159	0
5838	157	0
5839	153	0
5840	153	0
5841	149	0
5842	146	0
5843	145	0
5844	142	0
5845	139	0
5846	137	0
5847	133	0
5848	131	0
5849	128	0
5850	123	0
5851	121	0
5852	118	0
5853	116	0
5854	112	0
5855	109	0
5856	106	0
5857	102	0
5858	99	0
5859	97	0
5860	93	0
5861	91	0
5862	91	0
5863	90	0
5864	91	0
5865	91	0
5866	91	0
5867	91	0
5868	91	0
5869	91	0
5870	90	0
5871	91	0
5872	91	0
5873	91	0
5874	91	0
5875	90	0
5876	91	0
5877	90	0
5878	90	0
5879	90	0
5880	90	0
5881	91	0
5882	91	0
5883	90	0
5884	91	0
5885	90	0
5886	91	0
5887	91	0
5888	90	0
5889	90	0
5890	91	0
5891	91	0
5892	91	0
5893	90	0
5894	91	0
5895	91	0
5896	91	0
5897	91	0
5898	91	0
5899	91	0
5900	91	0
5901	91	0
5902	90	0
5903	90	0
5904	91	0
5905	91	0
5906	90	0
5907	91	0
5908	90	0
5909	90	0
5910	91	0
5911	91	0
5912	91	0
5913	90	0
5914	91	0
5915	90	0
5916	91	0
5917	91	0
5918	91	0
5919	91	0
5920	90	0
5921	90	0
5922	90	0
5923	91	0
5924	90	0
5925	91	0
5926	90	0
5927	91	0
5928	91	0
5929	90	0
5930	91	0
5931	91	0
5932	91	0
5933	90	0
5934	91	0
5935	91	0
5936	91	0
5937	91	0
5938	91	0
5939	90	0
5940	91	0
5941	90	0
5942	90	0
5943	91	0
5944	91	0
5945	91	0
5946	91	0
5947	90	0
5948	90	0
5949	90	0
5950	90	0
5951	90	0
5952	91	0
5953	90	0
5954	91	0
5955	91	0
5956	90	0
5957	91	0
5958	91	0
5959	90	0
5960	91	0
5961	91	0
5962	91	0
5963	91	0
5964	91	0
5965	90	0
5966	90	0
5967	91	0
5968	91	0
5969	91	0
5970	91	0
5971	90	0
5972	97	0
5973	111	0
5974	127	0
5975	145	0
5976	163	0
5977	172	0
5978	173	0
5979	172	0
5980	171	0
5981	171	0
5982	178	0
5983	186	0
5984	196	0
5985	207	0
5986	217	0
5987	229	0
5988	241	0
5989	253	0
5990	253	0
5991	253	0
5992	253	0
5993	253	0
5994	253	0
5995	253	0
5996	253	0
5997	253	0
5998	253	0
5999	253	0
6000	253	0
6001	253	0
6002	253	0
6003	253	0
6004	253	0
6005	253	0
6006	253	0
6007	253	0
6008	253	0
6009	253	0
6010	253	0
6011	253	0
6012	253	0
6013	253	0
6014	253	0
6015	253	0
6016	254	0
6017	253	0
6018	253	0
6019	254	0
6020	253	0
6021	253	0
6022	254	0
6023	253	0
6024	253	0
6025	253	0
6026	253	0
6027	253	0
6028	253	0
6029	253	0
6030	253	0
6031	253	0
6032	253	0
6033	253	0
6034	254	0
6035	253	0
6036	253	0
6037	253	0
6038	253	0
6039	253	0
6040	253	0
6041	253	0
6042	253	0
6043	253	0
6044	253	0
6045	253	0
6046	253	0
6047	253	0
6048	253	0
6049	253	0
6050	254	0
6051	253	0
6052	253	0
6053	253	0
6054	254	0
6055	253	0
6056	253	0
6057	253	0
6058	253	0
6059	253	0
6060	253	0
6061	253	0
6062	253	0
6063	253	0
6064	253	0
6065	253	0
6066	253	0
6067	253	0
6068	253	0
6069	253	0
6070	253	0
6071	253	0
6072	253	0
6073	253	0
6074	253	0
6075	253	0
6076	253	0
6077	253	0
6078	253	0
6079	253	0
6080	253	0
6081	253	0
6082	253	0
6083	253	0
6084	253	0
6085	253	0
6086	253	0
6087	253	0
6088	253	0
6089	253	0
6090	253	0
6091	253	0
6092	253	0
6093	253	0
6094	253	0
6095	253	0
6096	254	0
6097	253	0
6098	253	0
6099	253	0
6100	253	0
6101	253	0
6102	253	0
6103	253	0
6104	254	0
6105	253	0
6106	253	0
6107	253	0
6108	253	0
6109	253	0
6110	253	0
6111	253	0
6112	253	0
6113	253	0
6114	253	0
6115	253	0
6116	253	0
6117	253	0
6118	253	0
6119	253	0
6120	254	0
6121	254	0
6122	254	0
6123	253	0
6124	253	0
6125	253	0
6126	253	0
6127	253	0
6128	253	0
6129	253	0
6130	253	0
6131	253	0
6132	253	0
6133	254	0
6134	253	0
6135	254	0
6136	253	0
6137	253	0
6138	254	0
6139	254	0
6140	253	0
6141	253	0
6142	253	0
6143	254	0
6144	254	0
6145	253	0
6146	253	0
6147	253	0
6148	253	0
6149	253	0
6150	253	0
6151	254	0
6152	253	0
6153	253	0
6154	253	0
6155	253	0
6156	253	0
6157	253	0
6158	253	0
6159	253	0
6160	253	0
6161	253	0
6162	253	0
6163	253	0
6164	253	0
6165	253	0
6166	253	0
6167	253	0
6168	254	0
6169	253	0
6170	253	0
6171	253	0
6172	253	0
6173	253	0
6174	253	0
6175	253	0
6176	253	0
6177	254	0
6178	254	0
6179	253	0
6180	253	0
6181	253	0
6182	253	0
6183	253	0
6184	253	0
6185	253	0
6186	253	0
6187	253	0
6188	253	0
6189	253	0
6190	253	0
6191	253	0
6192	253	0
6193	253	0
6194	253	0
6195	253	0
6196	253	0
6197	253	0
6198	253	0
6199	253	0
6200	253	0
6201	253	0
6202	253	0
6203	253	0
6204	253	0
6205	253	0
6206	253	0
6207	253	0
6208	253	0
6209	253	0
6210	253	0
6211	253	0
6212	253	0
6213	253	0
6214	253	0
6215	253	0
6216	253	0
6217	253	0
6218	253	0
6219	253	0
6220	253	0
6221	253	0
6222	253	0
6223	253	0
6224	253	0
6225	253	0
6226	253	0
6227	253	0
6228	253	0
6229	253	0
6230	253	0
6231	253	0
6232	253	0
6233	253	0
6234	253	0
6235	253	0
6236	253	0
6237	254	0
6238	253	0
6239	253	0
6240	253	0
6241	253	0
6242	253	0
6243	253	0
6244	253	0
6245	253	0
6246	253	0
6247	254	0
6248	254	0
6249	253	0
6250	253	0
6251	253	0
6252	253	0
6253	253	0
6254	253	0
6255	253	0
6256	253	0
6257	253	0
6258	254	0
6259	253	0
6260	253	0
6261	253	0
6262	253	0
6263	253	0
6264	253	0
6265	253	0
6266	253	0
6267	253	0
6268	253	0
6269	253	0
6270	253	0
6271	253	0
6272	253	0
6273	254	0
6274	253	0
6275	253	0
6276	253	0
6277	253	0
6278	254	0
6279	253	0
6280	253	0
6281	253	0
6282	253	0
6283	253	0
6284	253	0
6285	253	0
6286	253	0
6287	253	0
6288	253	0
6289	253	0
6290	253	0
6291	253	0
6292	253	0
6293	254	0
6294	253	0
6295	253	0
6296	253	0
6297	253	0
6298	253	0
6299	253	0
6300	253	0
6301	253	0
6302	253	0
6303	253	0
6304	253	0
6305	253	0
6306	253	0
6307	253	0
6308	253	0
6309	253	0
6310	253	0
6311	253	0
6312	253	0
6313	253	0
6314	253	0
6315	253	0
6316	253	0
6317	253	0
6318	254	0
6319	253	0
6320	253	0
6321	253	0
6322	253	0
6323	253	0
6324	253	0
6325	253	0
6326	253	0
6327	253	0
6328	253	0
6329	253	0
6330	253	0
6331	253	0
6332	253	0
6333	253	0
6334	253	0
6335	253	0
6336	253	0
6337	253	0
6338	253	0
6339	253	0
6340	253	0
6341	253	0
6342	253	0
6343	254	0
6344	253	0
6345	253	0
6346	253	0
6347	253	0
6348	253	0
6349	253	0
6350	253	0
6351	254	0
6352	253	0
6353	253	0
6354	254	0
6355	253	0
6356	253	0
6357	253	0
6358	253	0
6359	253	0
6360	253	0
6361	253	0
6362	253	0
6363	253	0
6364	253	0
6365	253	0
6366	253	0
6367	253	0
6368	254	0
6369	253	0
6370	254	0
6371	254	0
6372	254	0
6373	253	0
6374	253	0
6375	253	0
6376	254	0
6377	254	0
6378	254	0
6379	254	0
6380	253	0
6381	253	0
6382	253	0
6383	254	0
6384	253	0
6385	253	0
6386	253	0
6387	253	0
6388	253	0
6389	253	0
6390	253	0
6391	254	0
6392	253	0
6393	253	0
6394	253	0
6395	253	0
6396	254	0
6397	253	0
6398	253	0
6399	253	0
6400	253	0
6401	253	0
6402	253	0
6403	253	0
6404	253	0
6405	253	0
6406	253	0
6407	253	0
6408	253	0
6409	253	0
6410	253	0
6411	253	0
6412	253	0
6413	253	0
6414	253	0
6415	253	0
6416	253	0
6417	253	0
6418	253	0
6419	253	0
6420	253	0
6421	253	0
6422	254	0
6423	253	0
6424	253	0
6425	253	0
6426	253	0
6427	253	0
6428	253	0
6429	253	0
6430	253	0
6431	253	0
6432	253	0
6433	253	0
6434	253	0
6435	253	0
6436	253	0
6437	254	0
6438	253	0
6439	253	0
6440	254	0
6441	253	0
6442	253	0
6443	253	0
6444	253	0
6445	253	0
6446	253	0
6447	253	0
6448	253	0
6449	253	0
6450	253	0
6451	253	0
6452	253	0
6453	253	0
6454	253	0
6455	253	0
6456	253	0
6457	253	0
6458	253	0
6459	253	0
6460	253	0
6461	253	0
6462	253	0
6463	253	0
6464	253	0
6465	253	0
6466	253	0
6467	253	0
6468	253	0
6469	253	0
6470	253	0
6471	253	0
6472	253	0
6473	253	0
6474	253	0
6475	253	0
6476	253	0
6477	254	0
6478	253	0
6479	253	0
6480	253	0
6481	253	0
6482	253	0
6483	253	0
6484	253	0
6485	253	0
6486	253	0
6487	253	0
6488	253	0
6489	253	0
6490	253	0
6491	253	0
6492	253	0
6493	254	0
6494	253	0
6495	253	0
6496	253	0
6497	253	0
6498	253	0
6499	253	0
6500	253	0
6501	253	0
6502	253	0
6503	253	0
6504	253	0
6505	253	0
6506	253	0
6507	253	0
6508	253	0
6509	254	0
6510	253	0
6511	253	0
6512	253	0
6513	253	0
6514	253	0
6515	253	0
6516	253	0
6517	253	0
6518	253	0
6519	253	0
6520	253	0
6521	253	0
6522	253	0
6523	253	0
6524	253	0
6525	253	0
6526	253	0
6527	253	0
6528	253	0
6529	253	0
6530	253	0
6531	253	0
6532	253	0
6533	253	0
6534	253	0
6535	253	0
6536	253	0
6537	253	0
6538	253	0
6539	253	0
6540	253	0
6541	253	0
6542	253	0
6543	253	0
6544	253	0
6545	253	0
6546	253	0
6547	253	0
6548	253	0
6549	253	0
6550	253	0
6551	253	0
6552	253	0
6553	253	0
6554	253	0
6555	253	0
6556	253	0
6557	253	0
6558	253	0
6559	253	0
6560	253	0
6561	253	0
6562	253	0
6563	253	0
6564	253	0
6565	253	0
6566	253	0
6567	254	0
6568	253	0
6569	253	0
6570	253	0
6571	254	0
6572	254	0
6573	254	0
6574	253	0
6575	253	0
6576	253	0
6577	253	0
6578	253	0
6579	253	0
6580	253	0
6581	253	0
6582	253	0
6583	253	0
6584	253	0
6585	253	0
6586	253	0
6587	253	0
6588	253	0
6589	253	0
6590	253	0
6591	253	0
6592	253	0
6593	254	0
6594	253	0
6595	253	0
6596	254	0
6597	254	0
6598	253	0
6599	253	0
6600	253	0
6601	253	0
6602	253	0
6603	253	0
6604	253	0
6605	253	0
6606	253	0
6607	253	0
6608	253	0
6609	253	0
6610	254	0
6611	253	0
6612	253	0
6613	253	0
6614	253	0
6615	253	0
6616	254	0
6617	253	0
6618	253	0
6619	253	0
6620	253	0
6621	253	0
6622	253	0
6623	253	0
6624	253	0
6625	254	0
6626	253	0
6627	253	0
6628	253	0
6629	253	0
6630	253	0
6631	253	0
6632	253	0
6633	253	0
6634	253	0
6635	253	0
6636	253	0
6637	253	0
6638	253	0
6639	253	0
6640	253	0
6641	253	0
6642	253	0
6643	253	0
6644	253	0
6645	253	0
6646	253	0
6647	253	0
6648	253	0
6649	253	0
6650	253	0
6651	254	0
6652	253	0
6653	253	0
6654	253	0
6655	253	0
6656	253	0
6657	253	0
6658	253	0
6659	253	0
6660	254	0
6661	253	0
6662	253	0
6663	253	0
6664	253	0
6665	253	0
6666	253	0
6667	253	0
6668	253	0
6669	253	0
6670	253	0
6671	254	0
6672	253	0
6673	253	0
6674	254	0
6675	253	0
6676	253	0
6677	253	0
6678	253	0
6679	253	0
6680	253	0
6681	253	0
6682	253	0
6683	253	0
6684	253	0
6685	253	0
6686	253	0
6687	254	0
6688	253	0
6689	253	0
6690	253	0
6691	253	0
6692	253	0
6693	253	0
6694	254	0
6695	253	0
6696	253	0
6697	253	0
6698	254	0
6699	253	0
6700	253	0
6701	253	0
6702	253	0
6703	253	0
6704	253	0
6705	253	0
6706	253	0
6707	253	0
6708	253	0
6709	253	0
6710	253	0
6711	253	0
6712	253	0
6713	253	0
6714	253	0
6715	253	0
6716	253	0
6717	253	0
6718	253	0
6719	253	0
6720	253	0
6721	254	0
6722	253	0
6723	253	0
6724	253	0
6725	253	0
6726	253	0
6727	254	0
6728	253	0
6729	254	0
6730	253	0
6731	254	0
6732	253	0
6733	253	0
6734	254	0
6735	254	0
6736	253	0
6737	253	0
6738	253	0
6739	254	0
6740	253	0
6741	253	0
6742	253	0
6743	253	0
6744	253	0
6745	253	0
6746	253	0
6747	253	0
6748	253	0
6749	254	0
6750	254	0
6751	253	0
6752	253	0
6753	253	0
6754	253	0
6755	253	0
6756	253	0
6757	253	0
6758	253	0
6759	253	0
6760	253	0
6761	253	0
6762	253	0
6763	253	0
6764	253	0
6765	253	0
6766	253	0
6767	253	0
6768	253	0
6769	253	0
6770	253	0
6771	253	0
6772	253	0
6773	252	0
6774	251	0
6775	251	0
6776	250	0
6777	250	0
6778	250	0
6779	249	0
6780	249	0
6781	249	0
6782	249	0
6783	249	0
6784	249	0
6785	248	0
6786	248	0
6787	247	0
6788	247	0
6789	247	0
6790	247	0
6791	246	0
6792	245	0
6793	246	0
6794	245	0
6795	245	0
6796	245	0
6797	244	0
6798	243	0
6799	243	0
6800	242	0
6801	241	0
6802	241	0
6803	240	0
6804	240	0
6805	239	0
6806	239	0
6807	239	0
6808	239	0
6809	238	0
6810	239	0
6811	238	0
6812	237	0
6813	237	0
6814	236	0
6815	236	0
6816	235	0
6817	235	0
6818	235	0
6819	235	0
6820	235	0
6821	235	0
6822	235	0
6823	235	0
6824	235	0
6825	234	0
6826	235	0
6827	234	0
6828	235	0
6829	234	0
6830	235	0
6831	235	0
6832	235	0
6833	234	0
6834	235	0
6835	235	0
6836	234	0
6837	234	0
6838	234	0
6839	234	0
6840	234	0
6841	234	0
6842	233	0
6843	234	0
6844	234	0
6845	234	0
6846	234	0
6847	234	0
6848	233	0
6849	233	0
6850	233	0
6851	233	0
6852	233	0
6853	233	0
6854	233	0
6855	233	0
6856	233	0
6857	233	0
6858	233	0
6859	233	0
6860	232	0
6861	231	0
6862	231	0
6863	231	0
6864	231	0
6865	231	0
6866	231	0
6867	231	0
6868	230	0
6869	230	0
6870	230	0
6871	229	0
6872	229	0
6873	229	0
6874	229	0
6875	228	0
6876	228	0
6877	227	0
6878	227	0
6879	227	0
6880	225	0
6881	225	0
6882	225	0
6883	225	0
6884	224	0
6885	224	0
6886	223	0
6887	223	0
6888	223	0
6889	223	0
6890	222	0
6891	221	0
6892	221	0
6893	220	0
6894	219	0
6895	219	0
6896	218	0
6897	217	0
6898	217	0
6899	217	0
6900	216	0
6901	215	0
6902	215	0
6903	215	0
6904	214	0
6905	213	0
6906	213	0
6907	212	0
6908	211	0
6909	211	0
6910	211	0
6911	209	0
6912	209	0
6913	209	0
6914	207	0
6915	206	0
6916	205	0
6917	204	0
6918	203	0
6919	202	0
6920	201	0
6921	200	0
6922	198	0
6923	198	0
6924	196	0
6925	195	0
6926	195	0
6927	193	0
6928	193	0
6929	191	0
6930	191	0
6931	190	0
6932	189	0
6933	187	0
6934	185	0
6935	185	0
6936	183	0
6937	182	0
6938	181	0
6939	179	0
6940	178	0
6941	176	0
6942	174	0
6943	173	0
6944	172	0
6945	172	0
6946	171	0
6947	171	0
6948	171	0
6949	171	0
6950	173	0
6951	171	0
6952	172	0
6953	173	0
6954	172	0
6955	172	0
6956	171	0
6957	173	0
6958	172	0
6959	172	0
6960	172	0
6961	172	0
6962	172	0
6963	172	0
6964	172	0
6965	172	0
6966	172	0
6967	171	0
6968	172	0
6969	171	0
6970	172	0
6971	172	0
6972	171	0
6973	172	0
6974	172	0
6975	172	0
6976	171	0
6977	172	0
6978	172	0
6979	172	0
6980	171	0
6981	171	0
6982	171	0
6983	173	0
6984	171	0
6985	172	0
6986	173	0
6987	171	0
6988	173	0
6989	171	0
6990	172	0
6991	172	0
6992	172	0
6993	171	0
6994	171	0
6995	172	0
6996	173	0
6997	171	0
6998	172	0
6999	172	0
7000	171	0
7001	171	0
7002	171	0
7003	172	0
7004	172	0
7005	172	0
7006	171	0
7007	171	0
7008	172	0
7009	172	0
7010	171	0
7011	172	0
7012	172	0
7013	172	0
7014	172	0
7015	172	0
7016	171	0
7017	171	0
7018	172	0
7019	172	0
7020	172	0
7021	171	0
7022	171	0
7023	172	0
7024	171	0
7025	172	0
7026	172	0
7027	172	0
7028	171	0
7029	172	0
7030	172	0
7031	172	0
7032	172	0
7033	172	0
7034	171	0
7035	171	0
7036	171	0
7037	172	0
7038	172	0
7039	173	0
7040	172	0
7041	171	0
7042	172	0
7043	172	0
7044	172	0
7045	172	0
7046	171	0
7047	172	0
7048	171	0
7049	172	0
7050	172	0
7051	173	0
7052	171	0
7053	172	0
7054	171	0
7055	171	0
7056	173	0
7057	171	0
7058	172	0
7059	171	0
7060	172	0
7061	173	0
7062	172	0
7063	171	0
7064	172	0
7065	172	0
7066	173	0
7067	171	0
7068	173	0
7069	172	0
7070	171	0
7071	172	0
7072	172	0
7073	171	0
7074	172	0
7075	171	0
7076	171	0
7077	171	0
7078	171	0
7079	171	0
7080	173	0
7081	171	0
7082	171	0
7083	172	0
7084	172	0
7085	172	0
7086	173	0
7087	171	0
7088	172	0
7089	171	0
7090	173	0
7091	171	0
7092	171	0
7093	171	0
7094	172	0
7095	172	0
7096	172	0
7097	172	0
7098	172	0
7099	172	0
7100	171	0
7101	171	0
7102	171	0
7103	172	0
7104	171	0
7105	172	0
7106	171	0
7107	171	0
7108	172	0
7109	171	0
7110	171	0
7111	172	0
7112	172	0
7113	172	0
7114	171	0
7115	173	0
7116	171	0
7117	172	0
7118	173	0
7119	171	0
7120	172	0
7121	172	0
7122	171	0
7123	171	0
7124	171	0
7125	172	0
7126	172	0
7127	172	0
7128	171	0
7129	171	0
7130	172	0
7131	172	0
7132	172	0
7133	171	0
7134	172	0
7135	172	0
7136	172	0
7137	172	0
7138	172	0
7139	171	0
7140	171	0
7141	171	0
7142	171	0
7143	172	0
7144	172	0
7145	171	0
7146	172	0
7147	172	0
7148	171	0
7149	171	0
7150	171	0
7151	172	0
7152	172	0
7153	171	0
7154	171	0
7155	172	0
7156	171	0
7157	171	0
7158	171	0
7159	171	0
7160	171	0
7161	171	0
7162	171	0
7163	172	0
7164	172	0
7165	172	0
7166	171	0
7167	172	0
7168	172	0
7169	172	0
7170	172	0
7171	172	0
7172	172	0
7173	172	0
7174	172	0
7175	172	0
7176	171	0
7177	171	0
7178	172	0
7179	171	0
7180	172	0
7181	171	0
7182	171	0
7183	172	0
7184	172	0
7185	171	0
7186	171	0
7187	172	0
7188	173	0
7189	172	0
7190	172	0
7191	172	0
7192	172	0
7193	171	0
7194	171	0
7195	171	0
7196	171	0
7197	172	0
7198	171	0
7199	172	0
7200	171	0
7201	171	0
7202	171	0
7203	172	0
7204	172	0
7205	171	0
7206	172	0
7207	172	0
7208	171	0
7209	173	0
7210	171	0
7211	172	0
7212	172	0
7213	171	0
7214	171	0
7215	171	0
7216	173	0
7217	172	0
7218	172	0
7219	172	0
7220	172	0
7221	172	0
7222	172	0
7223	171	0
7224	172	0
7225	171	0
7226	172	0
7227	171	0
7228	172	0
7229	171	0
7230	172	0
7231	171	0
7232	172	0
7233	172	0
7234	171	0
7235	172	0
7236	172	0
7237	172	0
7238	172	0
7239	172	0
7240	171	0
7241	171	0
7242	172	0
7243	172	0
7244	171	0
7245	172	0
7246	172	0
7247	172	0
7248	172	0
7249	172	0
7250	172	0
7251	171	0
7252	171	0
7253	171	0
7254	171	0
7255	171	0
7256	172	0
7257	173	0
7258	171	0
7259	173	0
7260	171	0
7261	171	0
7262	173	0
7263	172	0
7264	171	0
7265	173	0
7266	172	0
7267	172	0
7268	171	0
7269	171	0
7270	171	0
7271	171	0
7272	171	0
7273	171	0
7274	172	0
7275	172	0
7276	171	0
7277	172	0
7278	171	0
7279	172	0
7280	171	0
7281	172	0
7282	172	0
7283	172	0
7284	172	0
7285	171	0
7286	172	0
7287	172	0
7288	172	0
7289	172	0
7290	172	0
7291	173	0
7292	173	0
7293	172	0
7294	173	0
7295	172	0
7296	172	0
7297	172	0
7298	171	0
7299	171	0
7300	172	0
7301	172	0
7302	171	0
7303	172	0
7304	171	0
7305	172	0
7306	172	0
7307	171	0
7308	172	0
7309	172	0
7310	171	0
7311	173	0
7312	171	0
7313	171	0
7314	171	0
7315	172	0
7316	171	0
7317	171	0
7318	171	0
7319	172	0
7320	171	0
7321	172	0
7322	173	0
7323	172	0
7324	172	0
7325	171	0
7326	171	0
7327	171	0
7328	172	0
7329	172	0
7330	171	0
7331	171	0
7332	172	0
7333	171	0
7334	171	0
7335	171	0
7336	172	0
7337	172	0
7338	172	0
7339	172	0
7340	172	0
7341	172	0
7342	172	0
7343	172	0
7344	171	0
7345	171	0
7346	172	0
7347	171	0
7348	172	0
7349	171	0
7350	171	0
7351	172	0
7352	171	0
7353	172	0
7354	171	0
7355	172	0
7356	171	0
7357	171	0
7358	171	0
7359	171	0
7360	171	0
7361	172	0
7362	172	0
7363	172	0
7364	171	0
7365	171	0
7366	171	0
7367	173	0
7368	171	0
7369	171	0
7370	171	0
7371	172	0
7372	172	0
7373	171	0
7374	171	0
7375	173	0
7376	171	0
7377	171	0
7378	171	0
7379	171	0
7380	172	0
7381	172	0
7382	172	0
7383	171	0
7384	171	0
7385	172	0
7386	171	0
7387	171	0
7388	172	0
7389	171	0
7390	171	0
7391	171	0
7392	171	0
7393	171	0
7394	171	0
7395	171	0
7396	172	0
7397	172	0
7398	172	0
7399	171	0
7400	171	0
7401	172	0
7402	173	0
7403	171	0
7404	173	0
7405	171	0
7406	172	0
7407	171	0
7408	172	0
7409	171	0
7410	171	0
7411	172	0
7412	171	0
7413	172	0
7414	171	0
7415	172	0
7416	173	0
7417	171	0
7418	172	0
7419	172	0
7420	171	0
7421	171	0
7422	172	0
7423	171	0
7424	172	0
7425	171	0
7426	172	0
7427	172	0
7428	172	0
7429	171	0
7430	172	0
7431	171	0
7432	171	0
7433	173	0
7434	172	0
7435	171	0
7436	172	0
7437	171	0
7438	172	0
7439	171	0
7440	172	0
7441	171	0
7442	172	0
7443	172	0
7444	171	0
7445	171	0
7446	172	0
7447	171	0
7448	171	0
7449	173	0
7450	173	0
7451	172	0
7452	171	0
7453	172	0
7454	171	0
7455	171	0
7456	171	0
7457	171	0
7458	171	0
7459	171	0
7460	170	0
7461	171	0
7462	170	0
7463	169	0
7464	169	0
7465	169	0
7466	168	0
7467	169	0
7468	168	0
7469	168	0
7470	169	0
7471	167	0
7472	167	0
7473	167	0
7474	167	0
7475	167	0
7476	166	0
7477	166	0
7478	165	0
7479	164	0
7480	164	0
7481	163	0
7482	163	0
7483	163	0
7484	162	0
7485	161	0
7486	161	0
7487	162	0
7488	161	0
7489	161	0
7490	161	0
7491	161	0
7492	160	0
7493	160	0
7494	161	0
7495	160	0
7496	160	0
7497	161	0
7498	159	0
7499	159	0
7500	157	0
7501	158	0
7502	157	0
7503	157	0
7504	157	0
7505	155	0
7506	155	0
7507	155	0
7508	154	0
7509	155	0
7510	154	0
7511	154	0
7512	154	0
7513	153	0
7514	153	0
7515	153	0
7516	153	0
7517	153	0
7518	153	0
7519	153	0
7520	153	0
7521	152	0
7522	151	0
7523	151	0
7524	150	0
7525	149	0
7526	149	0
7527	148	0
7528	148	0
7529	147	0
7530	147	0
7531	146	0
7532	145	0
7533	145	0
7534	145	0
7535	145	0
7536	145	0
7537	143	0
7538	143	0
7539	143	0
7540	142	0
7541	141	0
7542	142	0
7543	141	0
7544	140	0
7545	140	0
7546	139	0
7547	138	0
7548	139	0
7549	138	0
7550	137	0
7551	138	0
7552	137	0
7553	137	0
7554	137	0
7555	136	0
7556	135	0
7557	135	0
7558	135	0
7559	135	0
7560	134	0
7561	134	0
7562	134	0
7563	133	0
7564	133	0
7565	133	0
7566	133	0
7567	133	0
7568	133	0
7569	132	0
7570	132	0
7571	132	0
7572	131	0
7573	131	0
7574	130	0
7575	130	0
7576	129	0
7577	129	0
7578	129	0
7579	129	0
7580	129	0
7581	128	0
7582	128	0
7583	128	0
7584	127	0
7585	127	0
7586	127	0
7587	125	0
7588	125	0
7589	124	0
7590	124	0
7591	122	0
7592	123	0
7593	122	0
7594	122	0
7595	121	0
7596	121	0
7597	121	0
7598	119	0
7599	119	0
7600	119	0
7601	118	0
7602	117	0
7603	117	0
7604	117	0
7605	117	0
7606	115	0
7607	115	0
7608	114	0
7609	115	0
7610	114	0
7611	113	0
7612	113	0
7613	112	0
7614	111	0
7615	113	0
7616	110	0
7617	110	0
7618	110	0
7619	109	0
7620	109	0
7621	109	0
7622	109	0
7623	109	0
7624	108	0
7625	108	0
7626	108	0
7627	107	0
7628	106	0
7629	106	0
7630	106	0
7631	105	0
7632	105	0
7633	105	0
7634	104	0
7635	104	0
7636	103	0
7637	104	0
7638	103	0
7639	103	0
7640	102	0
7641	102	0
7642	101	0
7643	101	0
7644	101	0
7645	101	0
7646	101	0
7647	100	0
7648	101	0
7649	99	0
7650	100	0
7651	99	0
7652	99	0
7653	99	0
7654	97	0
7655	97	0
7656	97	0
7657	97	0
7658	97	0
7659	96	0
7660	96	0
7661	97	0
7662	95	0
7663	95	0
7664	95	0
7665	95	0
7666	94	0
7667	94	0
7668	94	0
7669	94	0
7670	93	0
7671	94	0
7672	93	0
7673	93	0
7674	93	0
7675	93	0
7676	93	0
7677	93	0
7678	93	0
7679	93	0
7680	92	0
7681	93	0
7682	92	0
7683	91	0
7684	92	0
7685	91	0
7686	91	0
7687	91	0
7688	91	0
7689	91	0
7690	91	0
7691	91	0
7692	91	0
7693	91	0
7694	91	0
7695	91	0
7696	90	0
7697	90	0
7698	91	0
7699	91	0
7700	91	0
7701	91	0
7702	90	0
7703	91	0
7704	91	0
7705	91	0
7706	91	0
7707	90	0
7708	91	0
7709	91	0
7710	90	0
7711	90	0
7712	91	0
7713	91	0
7714	91	0
7715	91	0
7716	90	0
7717	91	0
7718	91	0
7719	91	0
7720	90	0
7721	90	0
7722	91	0
7723	91	0
7724	90	0
7725	90	0
7726	91	0
7727	91	0
7728	91	0
7729	90	0
7730	91	0
7731	91	0
7732	90	0
7733	91	0
7734	91	0
7735	91	0
7736	90	0
7737	91	0
7738	90	0
7739	91	0
7740	90	0
7741	91	0
7742	91	0
7743	91	0
7744	91	0
7745	91	0
7746	91	0
7747	91	0
7748	91	0
7749	90	0
7750	91	0
7751	91	0
7752	90	0
7753	91	0
7754	91	0
7755	90	0
7756	91	0
7757	91	0
7758	91	0
7759	90	0
7760	91	0
7761	91	0
7762	90	0
7763	90	0
7764	91	0
7765	91	0
7766	90	0
7767	91	0
7768	91	0
7769	91	0
7770	91	0
7771	91	0
7772	90	0
7773	91	0
7774	91	0
7775	91	0
7776	91	0
7777	91	0
7778	91	0
7779	91	0
7780	90	0
7781	91	0
7782	91	0
7783	91	0
7784	91	0
7785	91	0
7786	91	0
7787	90	0
7788	90	0
7789	90	0
7790	91	0
7791	90	0
7792	91	0
7793	91	0
7794	91	0
7795	91	0
7796	91	0
7797	90	0
7798	91	0
7799	91	0
7800	90	0
7801	90	0
7802	91	0
7803	90	0
7804	90	0
7805	90	0
7806	90	0
7807	90	0
7808	91	0
7809	90	0
7810	91	0
7811	90	0
7812	90	0
7813	91	0
7814	90	0
7815	90	0
7816	90	0
7817	91	0
7818	91	0
7819	91	0
7820	91	0
7821	91	0
7822	91	0
7823	91	0
7824	90	0
7825	91	0
7826	90	0
7827	90	0
7828	90	0
7829	91	0
7830	90	0
7831	91	0
7832	91	0
7833	91	0
7834	91	0
7835	91	0
7836	90	0
7837	91	0
7838	91	0
7839	91	0
7840	91	0
7841	91	0
7842	91	0
7843	90	0
7844	90	0
7845	91	0
7846	91	0
7847	90	0
7848	91	0
7849	91	0
7850	90	0
7851	91	0
7852	90	0
7853	90	0
7854	91	0
7855	91	0
7856	90	0
7857	91	0
7858	90	0
7859	91	0
7860	91	0
7861	90	0
7862	90	0
7863	91	0
7864	91	0
7865	91	0
7866	90	0
7867	91	0
7868	91	0
7869	91	0
7870	91	0
7871	90	0
7872	91	0
7873	91	0
7874	91	0
7875	90	0
7876	91	0
7877	91	0
7878	90	0
7879	90	0
7880	91	0
7881	91	0
7882	91	0
7883	90	0
7884	90	0
7885	90	0
7886	91	0
7887	91	0
7888	91	0
7889	91	0
7890	91	0
7891	91	0
7892	90	0
7893	90	0
7894	90	0
7895	91	0
7896	90	0
7897	91	0
7898	91	0
7899	91	0
7900	90	0
7901	91	0
7902	90	0
7903	91	0
7904	91	0
7905	90	0
7906	91	0
7907	90	0
7908	91	0
7909	91	0
7910	91	0
7911	90	0
7912	90	0
7913	91	0
7914	91	0
7915	90	0
7916	91	0
7917	91	0
7918	90	0
7919	90	0
7920	90	0
7921	91	0
7922	91	0
7923	91	0
7924	91	0
7925	91	0
7926	91	0
7927	90	0
7928	90	0
7929	90	0
7930	91	0
7931	90	0
7932	91	0
7933	91	0
7934	91	0
7935	90	0
7936	91	0
7937	90	0
7938	90	0
7939	90	0
7940	91	0
7941	91	0
7942	91	0
7943	91	0
7944	91	0
7945	91	0
7946	91	0
7947	91	0
7948	90	0
7949	91	0
7950	90	0
7951	91	0
7952	90	0
7953	91	0
7954	91	0
7955	91	0
7956	90	0
7957	91	0
7958	91	0
7959	91	0
7960	90	0
7961	91	0
7962	91	0
7963	90	0
7964	91	0
7965	91	0
7966	91	0
7967	90	0
7968	89	0
7969	91	0
7970	91	0
7971	91	0
7972	91	0
7973	91	0
7974	90	0
7975	90	0
7976	91	0
7977	90	0
7978	90	0
7979	91	0
7980	91	0
7981	91	0
7982	91	0
7983	90	0
7984	91	0
7985	91	0
7986	90	0
7987	91	0
7988	90	0
7989	91	0
7990	91	0
7991	91	0
7992	90	0
7993	90	0
7994	90	0
7995	90	0
7996	91	0
7997	90	0
7998	91	0
7999	91	0
