Oscilloscope data. 
Time step = 1,250 mS
Voltage step = 31,25 mV
Zero level = 90

N 	Smpl.	Trig

0	171	0
1	171	0
2	172	0
3	172	0
4	172	0
5	171	0
6	171	0
7	171	0
8	171	0
9	171	0
10	171	0
11	172	0
12	171	0
13	172	0
14	172	0
15	171	0
16	171	0
17	171	0
18	171	0
19	171	0
20	172	0
21	172	0
22	172	0
23	172	0
24	172	0
25	171	0
26	172	0
27	172	0
28	172	0
29	172	0
30	171	0
31	171	0
32	171	0
33	172	0
34	171	0
35	171	0
36	172	0
37	171	0
38	171	0
39	172	0
40	172	0
41	171	0
42	172	0
43	171	0
44	171	0
45	172	0
46	173	0
47	171	0
48	171	0
49	171	0
50	171	0
51	171	0
52	172	0
53	171	0
54	172	0
55	171	0
56	172	0
57	171	0
58	171	0
59	171	0
60	172	0
61	171	0
62	171	0
63	173	0
64	172	0
65	171	0
66	171	0
67	172	0
68	172	0
69	171	0
70	171	0
71	172	0
72	171	0
73	171	0
74	172	0
75	171	0
76	171	0
77	171	0
78	172	0
79	172	0
80	173	0
81	173	0
82	172	0
83	172	0
84	171	0
85	172	0
86	173	0
87	171	0
88	171	0
89	171	0
90	171	0
91	171	0
92	172	0
93	172	0
94	172	0
95	172	0
96	173	0
97	172	0
98	172	0
99	172	0
100	172	0
101	173	0
102	171	0
103	171	0
104	172	0
105	171	0
106	171	0
107	171	0
108	171	0
109	171	0
110	172	0
111	171	0
112	171	0
113	172	0
114	172	0
115	172	0
116	172	0
117	172	0
118	171	0
119	172	0
120	172	0
121	171	0
122	172	0
123	172	0
124	172	0
125	172	0
126	171	0
127	171	0
128	171	0
129	172	0
130	172	0
131	171	0
132	171	0
133	172	0
134	171	0
135	172	0
136	171	0
137	171	0
138	171	0
139	171	0
140	171	0
141	172	0
142	172	0
143	171	0
144	172	0
145	171	0
146	171	0
147	171	0
148	171	0
149	171	0
150	171	0
151	172	0
152	173	0
153	171	0
154	172	0
155	172	0
156	172	0
157	172	0
158	172	0
159	171	0
160	172	0
161	171	0
162	172	0
163	172	0
164	172	0
165	171	0
166	171	0
167	171	0
168	171	0
169	172	0
170	172	0
171	173	0
172	172	0
173	171	0
174	171	0
175	172	0
176	172	0
177	172	0
178	172	0
179	172	0
180	171	0
181	172	0
182	172	0
183	171	0
184	171	0
185	172	0
186	172	0
187	172	0
188	171	0
189	171	0
190	171	0
191	171	0
192	171	0
193	172	0
194	172	0
195	171	0
196	172	0
197	171	0
198	171	0
199	172	0
200	171	0
201	172	0
202	172	0
203	172	0
204	171	0
205	171	0
206	172	0
207	172	0
208	172	0
209	171	0
210	171	0
211	172	0
212	172	0
213	171	0
214	172	0
215	172	0
216	172	0
217	172	0
218	171	0
219	172	0
220	172	0
221	172	0
222	172	0
223	172	0
224	171	0
225	172	0
226	171	0
227	172	0
228	172	0
229	172	0
230	171	0
231	172	0
232	172	0
233	171	0
234	172	0
235	172	0
236	171	0
237	173	0
238	171	0
239	171	0
240	172	0
241	171	0
242	171	0
243	172	0
244	171	0
245	172	0
246	171	0
247	171	0
248	172	0
249	171	0
250	171	0
251	171	0
252	171	0
253	171	0
254	173	0
255	172	0
256	172	0
257	172	0
258	171	0
259	171	0
260	172	0
261	172	0
262	172	0
263	172	0
264	172	0
265	172	0
266	172	0
267	172	0
268	172	0
269	171	0
270	172	0
271	171	0
272	172	0
273	172	0
274	172	0
275	172	0
276	172	0
277	172	0
278	171	0
279	172	0
280	172	0
281	171	0
282	172	0
283	172	0
284	171	0
285	172	0
286	172	0
287	172	0
288	172	0
289	172	0
290	172	0
291	171	0
292	172	0
293	171	0
294	172	0
295	172	0
296	171	0
297	172	0
298	171	0
299	171	0
300	172	0
301	171	0
302	172	0
303	172	0
304	173	0
305	172	0
306	172	0
307	172	0
308	171	0
309	171	0
310	172	0
311	172	0
312	171	0
313	171	0
314	172	0
315	171	0
316	172	0
317	171	0
318	171	0
319	171	0
320	172	0
321	172	0
322	172	0
323	171	0
324	173	0
325	171	0
326	172	0
327	172	0
328	171	0
329	172	0
330	171	0
331	172	0
332	172	0
333	172	0
334	171	0
335	172	0
336	172	0
337	171	0
338	172	0
339	172	0
340	171	0
341	171	0
342	171	0
343	171	0
344	172	0
345	172	0
346	171	0
347	172	0
348	171	0
349	171	0
350	171	0
351	171	0
352	172	0
353	172	0
354	172	0
355	172	0
356	172	0
357	172	0
358	172	0
359	172	0
360	172	0
361	172	0
362	171	0
363	172	0
364	171	0
365	172	0
366	171	0
367	171	0
368	171	0
369	171	0
370	171	0
371	173	0
372	172	0
373	171	0
374	171	0
375	171	0
376	171	0
377	171	0
378	171	0
379	172	0
380	171	0
381	171	0
382	172	0
383	172	0
384	172	0
385	171	0
386	172	0
387	171	0
388	172	0
389	171	0
390	172	0
391	171	0
392	171	0
393	172	0
394	172	0
395	172	0
396	172	0
397	172	0
398	172	0
399	171	0
400	172	0
401	172	0
402	171	0
403	171	0
404	171	0
405	172	0
406	172	0
407	172	0
408	171	0
409	171	0
410	171	0
411	172	0
412	172	0
413	172	0
414	172	0
415	172	0
416	171	0
417	171	0
418	172	0
419	172	0
420	173	0
421	172	0
422	171	0
423	171	0
424	173	0
425	171	0
426	172	0
427	172	0
428	172	0
429	172	0
430	172	0
431	171	0
432	173	0
433	172	0
434	171	0
435	172	0
436	171	0
437	172	0
438	172	0
439	171	0
440	172	0
441	172	0
442	172	0
443	171	0
444	171	0
445	172	0
446	172	0
447	171	0
448	171	0
449	172	0
450	172	0
451	171	0
452	172	0
453	172	0
454	171	0
455	171	0
456	173	0
457	171	0
458	172	0
459	172	0
460	172	0
461	171	0
462	171	0
463	171	0
464	172	0
465	172	0
466	171	0
467	172	0
468	171	0
469	171	0
470	172	0
471	172	0
472	171	0
473	172	0
474	171	0
475	172	0
476	172	0
477	172	0
478	171	0
479	171	0
480	171	0
481	171	0
482	172	0
483	172	0
484	171	0
485	171	0
486	171	0
487	172	0
488	172	0
489	171	0
490	172	0
491	172	0
492	171	0
493	172	0
494	171	0
495	171	0
496	172	0
497	171	0
498	171	0
499	171	0
500	171	0
501	171	0
502	172	0
503	171	0
504	172	0
505	171	0
506	171	0
507	172	0
508	171	0
509	171	0
510	172	0
511	173	0
512	172	0
513	172	0
514	171	0
515	171	0
516	172	0
517	173	0
518	171	0
519	171	0
520	172	0
521	171	0
522	171	0
523	172	0
524	172	0
525	172	0
526	171	0
527	172	0
528	171	0
529	172	0
530	171	0
531	172	0
532	172	0
533	171	0
534	172	0
535	171	0
536	172	0
537	172	0
538	171	0
539	171	0
540	171	0
541	171	0
542	171	0
543	171	0
544	172	0
545	171	0
546	172	0
547	171	0
548	171	0
549	172	0
550	171	0
551	171	0
552	172	0
553	171	0
554	173	0
555	171	0
556	171	0
557	172	0
558	172	0
559	171	0
560	171	0
561	171	0
562	171	0
563	172	0
564	172	0
565	172	0
566	171	0
567	171	0
568	172	0
569	172	0
570	172	0
571	171	0
572	171	0
573	171	0
574	172	0
575	172	0
576	171	0
577	172	0
578	171	0
579	171	0
580	171	0
581	171	0
582	172	0
583	172	0
584	171	0
585	171	0
586	172	0
587	171	0
588	172	0
589	172	0
590	171	0
591	171	0
592	172	0
593	171	0
594	171	0
595	171	0
596	171	0
597	171	0
598	172	0
599	171	0
600	171	0
601	172	0
602	173	0
603	172	0
604	173	0
605	171	0
606	172	0
607	172	0
608	171	0
609	172	0
610	171	0
611	171	0
612	171	0
613	171	0
614	171	0
615	171	0
616	172	0
617	171	0
618	171	0
619	171	0
620	171	0
621	171	0
622	171	0
623	171	0
624	171	0
625	172	0
626	172	0
627	172	0
628	171	0
629	172	0
630	171	0
631	172	0
632	171	0
633	172	0
634	171	0
635	172	0
636	171	0
637	171	0
638	172	0
639	171	0
640	172	0
641	171	0
642	171	0
643	171	0
644	172	0
645	172	0
646	171	0
647	171	0
648	171	0
649	172	0
650	171	0
651	171	0
652	172	0
653	171	0
654	172	0
655	171	0
656	171	0
657	172	0
658	171	0
659	172	0
660	172	0
661	172	0
662	172	0
663	173	0
664	172	0
665	172	0
666	172	0
667	171	0
668	171	0
669	172	0
670	171	0
671	171	0
672	172	0
673	171	0
674	171	0
675	171	0
676	171	0
677	171	0
678	172	0
679	171	0
680	172	0
681	171	0
682	172	0
683	172	0
684	172	0
685	171	0
686	171	0
687	172	0
688	172	0
689	171	0
690	171	0
691	171	0
692	171	0
693	171	0
694	172	0
695	172	0
696	171	0
697	171	0
698	172	0
699	172	0
700	171	0
701	172	0
702	171	0
703	172	0
704	171	0
705	172	0
706	171	0
707	172	0
708	171	0
709	171	0
710	171	0
711	171	0
712	172	0
713	172	0
714	172	0
715	172	0
716	172	0
717	172	0
718	171	0
719	171	0
720	171	0
721	171	0
722	172	0
723	172	0
724	172	0
725	172	0
726	172	0
727	172	0
728	172	0
729	171	0
730	172	0
731	171	0
732	171	0
733	173	0
734	171	0
735	171	0
736	172	0
737	171	0
738	172	0
739	171	0
740	171	0
741	171	0
742	171	0
743	171	0
744	172	0
745	172	0
746	172	0
747	171	0
748	171	0
749	172	0
750	171	0
751	171	0
752	173	0
753	172	0
754	171	0
755	171	0
756	171	0
757	171	0
758	171	0
759	171	0
760	172	0
761	171	0
762	171	0
763	172	0
764	172	0
765	171	0
766	172	0
767	172	0
768	172	0
769	172	0
770	172	0
771	171	0
772	172	0
773	172	0
774	171	0
775	172	0
776	171	0
777	171	0
778	173	0
779	172	0
780	171	0
781	171	0
782	171	0
783	170	0
784	169	0
785	167	0
786	167	0
787	165	0
788	164	0
789	161	0
790	160	0
791	159	0
792	158	0
793	155	0
794	154	0
795	153	0
796	150	0
797	147	0
798	145	0
799	143	0
800	141	0
801	139	0
802	137	0
803	135	0
804	133	0
805	129	0
806	127	0
807	123	0
808	121	0
809	119	0
810	116	0
811	113	0
812	111	0
813	108	0
814	105	0
815	101	0
816	100	0
817	97	0
818	94	0
819	92	0
820	91	0
821	90	0
822	91	0
823	90	0
824	91	0
825	91	0
826	90	0
827	91	0
828	91	0
829	90	0
830	91	0
831	90	0
832	90	0
833	91	0
834	91	0
835	91	0
836	91	0
837	90	0
838	91	0
839	91	0
840	91	0
841	91	0
842	91	0
843	91	0
844	90	0
845	91	0
846	91	0
847	90	0
848	91	0
849	91	0
850	91	0
851	91	0
852	91	0
853	91	0
854	91	0
855	91	0
856	90	0
857	90	0
858	90	0
859	90	0
860	90	0
861	91	0
862	91	0
863	91	0
864	91	0
865	91	0
866	91	0
867	91	0
868	90	0
869	91	0
870	91	0
871	91	0
872	91	0
873	91	0
874	91	0
875	90	0
876	91	0
877	90	0
878	91	0
879	90	0
880	91	0
881	90	0
882	90	0
883	90	0
884	90	0
885	91	0
886	90	0
887	90	0
888	91	0
889	90	0
890	91	0
891	91	0
892	91	0
893	91	0
894	91	0
895	91	0
896	90	0
897	91	0
898	91	0
899	91	0
900	91	0
901	91	0
902	91	0
903	90	0
904	91	0
905	90	0
906	91	0
907	91	0
908	91	0
909	91	0
910	91	0
911	91	0
912	91	0
913	91	0
914	91	0
915	90	0
916	91	0
917	91	0
918	90	0
919	91	0
920	90	0
921	90	0
922	90	0
923	91	0
924	91	0
925	91	0
926	91	0
927	91	0
928	91	0
929	91	0
930	90	0
931	91	0
932	91	0
933	91	0
934	90	0
935	91	0
936	91	0
937	91	0
938	90	0
939	91	0
940	90	0
941	90	0
942	91	0
943	91	0
944	90	0
945	90	0
946	91	0
947	90	0
948	91	0
949	91	0
950	91	0
951	90	0
952	91	0
953	91	0
954	91	0
955	90	0
956	90	0
957	91	0
958	91	0
959	90	0
960	91	0
961	90	0
962	91	0
963	91	0
964	91	0
965	90	0
966	91	0
967	91	0
968	91	0
969	90	0
970	91	0
971	90	0
972	91	0
973	91	0
974	91	0
975	91	0
976	91	0
977	91	0
978	89	0
979	91	0
980	91	0
981	91	0
982	91	0
983	91	0
984	91	0
985	91	0
986	90	0
987	91	0
988	90	0
989	91	0
990	91	0
991	91	0
992	91	0
993	90	0
994	90	0
995	91	0
996	91	0
997	91	0
998	91	0
999	91	0
1000	91	0
1001	90	0
1002	90	0
1003	90	0
1004	90	0
1005	90	0
1006	91	0
1007	91	0
1008	91	0
1009	91	0
1010	90	0
1011	91	0
1012	90	0
1013	91	0
1014	91	0
1015	91	0
1016	90	0
1017	90	0
1018	91	0
1019	91	0
1020	90	0
1021	90	0
1022	91	0
1023	91	0
1024	90	0
1025	91	0
1026	90	0
1027	91	0
1028	90	0
1029	91	0
1030	91	0
1031	90	0
1032	90	0
1033	90	0
1034	91	0
1035	91	0
1036	90	0
1037	91	0
1038	91	0
1039	91	0
1040	91	0
1041	91	0
1042	90	0
1043	90	0
1044	90	0
1045	91	0
1046	90	0
1047	91	0
1048	91	0
1049	90	0
1050	91	0
1051	91	0
1052	90	0
1053	90	0
1054	90	0
1055	91	0
1056	91	0
1057	90	0
1058	91	0
1059	91	0
1060	90	0
1061	90	0
1062	91	0
1063	91	0
1064	91	0
1065	90	0
1066	91	0
1067	90	0
1068	91	0
1069	91	0
1070	91	0
1071	91	0
1072	91	0
1073	91	0
1074	90	0
1075	91	0
1076	91	0
1077	90	0
1078	91	0
1079	90	0
1080	90	0
1081	91	0
1082	91	0
1083	90	0
1084	90	0
1085	91	0
1086	91	0
1087	90	0
1088	91	0
1089	91	0
1090	91	0
1091	91	0
1092	91	0
1093	91	0
1094	91	0
1095	90	0
1096	90	0
1097	91	0
1098	90	0
1099	90	0
1100	91	0
1101	90	0
1102	91	0
1103	91	0
1104	91	0
1105	91	0
1106	91	0
1107	90	0
1108	91	0
1109	91	0
1110	90	0
1111	90	0
1112	91	0
1113	91	0
1114	91	0
1115	91	0
1116	91	0
1117	91	0
1118	91	0
1119	91	0
1120	90	0
1121	91	0
1122	91	0
1123	91	0
1124	90	0
1125	91	0
1126	91	0
1127	90	0
1128	91	0
1129	90	0
1130	90	0
1131	90	0
1132	91	0
1133	90	0
1134	90	0
1135	90	0
1136	90	0
1137	90	0
1138	91	0
1139	90	0
1140	91	0
1141	91	0
1142	91	0
1143	91	0
1144	90	0
1145	91	0
1146	91	0
1147	90	0
1148	91	0
1149	90	0
1150	91	0
1151	91	0
1152	91	0
1153	90	0
1154	91	0
1155	91	0
1156	91	0
1157	91	0
1158	91	0
1159	91	0
1160	91	0
1161	91	0
1162	91	0
1163	91	0
1164	91	0
1165	91	0
1166	91	0
1167	90	0
1168	90	0
1169	91	0
1170	90	0
1171	91	0
1172	91	0
1173	91	0
1174	90	0
1175	90	0
1176	90	0
1177	90	0
1178	91	0
1179	90	0
1180	91	0
1181	90	0
1182	90	0
1183	90	0
1184	90	0
1185	91	0
1186	91	0
1187	91	0
1188	91	0
1189	91	0
1190	91	0
1191	91	0
1192	91	0
1193	91	0
1194	91	0
1195	91	0
1196	91	0
1197	92	0
1198	92	0
1199	93	0
1200	93	0
1201	92	0
1202	93	0
1203	93	0
1204	93	0
1205	93	0
1206	93	0
1207	93	0
1208	94	0
1209	94	0
1210	94	0
1211	94	0
1212	95	0
1213	94	0
1214	95	0
1215	95	0
1216	96	0
1217	97	0
1218	97	0
1219	97	0
1220	98	0
1221	99	0
1222	99	0
1223	100	0
1224	101	0
1225	101	0
1226	101	0
1227	102	0
1228	103	0
1229	104	0
1230	104	0
1231	106	0
1232	107	0
1233	108	0
1234	108	0
1235	109	0
1236	109	0
1237	109	0
1238	110	0
1239	111	0
1240	112	0
1241	113	0
1242	115	0
1243	115	0
1244	115	0
1245	116	0
1246	117	0
1247	118	0
1248	119	0
1249	119	0
1250	120	0
1251	121	0
1252	121	0
1253	121	0
1254	122	0
1255	123	0
1256	123	0
1257	124	0
1258	125	0
1259	126	0
1260	127	0
1261	127	0
1262	129	0
1263	128	0
1264	129	0
1265	129	0
1266	131	0
1267	131	0
1268	133	0
1269	133	0
1270	134	0
1271	135	0
1272	137	0
1273	137	0
1274	138	0
1275	141	0
1276	141	0
1277	142	0
1278	143	0
1279	144	0
1280	145	0
1281	146	0
1282	148	0
1283	150	0
1284	153	0
1285	153	0
1286	154	0
1287	155	0
1288	157	0
1289	159	0
1290	161	0
1291	161	0
1292	161	0
1293	163	0
1294	165	0
1295	166	0
1296	169	0
1297	171	0
1298	171	0
1299	171	0
1300	172	0
1301	171	0
1302	172	0
1303	171	0
1304	171	0
1305	171	0
1306	171	0
1307	171	0
1308	171	0
1309	171	0
1310	171	0
1311	172	0
1312	171	0
1313	171	0
1314	171	0
1315	171	0
1316	171	0
1317	171	0
1318	171	0
1319	171	0
1320	171	0
1321	171	0
1322	171	0
1323	172	0
1324	172	0
1325	171	0
1326	171	0
1327	171	0
1328	171	0
1329	172	0
1330	171	0
1331	171	0
1332	171	0
1333	172	0
1334	172	0
1335	171	0
1336	171	0
1337	171	0
1338	171	0
1339	173	0
1340	171	0
1341	171	0
1342	171	0
1343	171	0
1344	171	0
1345	171	0
1346	172	0
1347	173	0
1348	171	0
1349	172	0
1350	171	0
1351	171	0
1352	173	0
1353	171	0
1354	171	0
1355	172	0
1356	173	0
1357	171	0
1358	172	0
1359	172	0
1360	172	0
1361	172	0
1362	172	0
1363	172	0
1364	171	0
1365	171	0
1366	171	0
1367	172	0
1368	172	0
1369	171	0
1370	172	0
1371	172	0
1372	171	0
1373	171	0
1374	171	0
1375	171	0
1376	172	0
1377	171	0
1378	172	0
1379	171	0
1380	172	0
1381	171	0
1382	171	0
1383	171	0
1384	172	0
1385	171	0
1386	171	0
1387	171	0
1388	173	0
1389	172	0
1390	172	0
1391	173	0
1392	171	0
1393	171	0
1394	171	0
1395	171	0
1396	171	0
1397	171	0
1398	171	0
1399	171	0
1400	172	0
1401	171	0
1402	172	0
1403	171	0
1404	172	0
1405	171	0
1406	173	0
1407	172	0
1408	172	0
1409	171	0
1410	172	0
1411	172	0
1412	171	0
1413	172	0
1414	171	0
1415	172	0
1416	171	0
1417	172	0
1418	171	0
1419	172	0
1420	172	0
1421	172	0
1422	171	0
1423	173	0
1424	172	0
1425	172	0
1426	171	0
1427	171	0
1428	172	0
1429	171	0
1430	171	0
1431	172	0
1432	171	0
1433	172	0
1434	171	0
1435	171	0
1436	172	0
1437	171	0
1438	172	0
1439	171	0
1440	171	0
1441	171	0
1442	171	0
1443	171	0
1444	171	0
1445	172	0
1446	171	0
1447	172	0
1448	171	0
1449	172	0
1450	172	0
1451	171	0
1452	171	0
1453	172	0
1454	172	0
1455	172	0
1456	172	0
1457	171	0
1458	172	0
1459	172	0
1460	172	0
1461	171	0
1462	172	0
1463	172	0
1464	171	0
1465	171	0
1466	171	0
1467	171	0
1468	172	0
1469	171	0
1470	171	0
1471	172	0
1472	172	0
1473	171	0
1474	172	0
1475	173	0
1476	172	0
1477	171	0
1478	172	0
1479	171	0
1480	171	0
1481	171	0
1482	171	0
1483	171	0
1484	171	0
1485	171	0
1486	171	0
1487	170	0
1488	169	0
1489	169	0
1490	169	0
1491	168	0
1492	167	0
1493	166	0
1494	166	0
1495	165	0
1496	163	0
1497	163	0
1498	161	0
1499	161	0
1500	160	0
1501	161	0
1502	159	0
1503	159	0
1504	158	0
1505	157	0
1506	156	0
1507	155	0
1508	153	0
1509	153	0
1510	153	0
1511	153	0
1512	152	0
1513	150	0
1514	149	0
1515	147	0
1516	147	0
1517	145	0
1518	145	0
1519	145	0
1520	144	0
1521	142	0
1522	141	0
1523	141	0
1524	140	0
1525	138	0
1526	137	0
1527	136	0
1528	135	0
1529	135	0
1530	134	0
1531	133	0
1532	133	0
1533	130	0
1534	129	0
1535	129	0
1536	128	0
1537	127	0
1538	126	0
1539	123	0
1540	123	0
1541	122	0
1542	121	0
1543	120	0
1544	119	0
1545	117	0
1546	115	0
1547	115	0
1548	113	0
1549	111	0
1550	109	0
1551	108	0
1552	107	0
1553	105	0
1554	103	0
1555	101	0
1556	99	0
1557	98	0
1558	97	0
1559	95	0
1560	93	0
1561	92	0
1562	91	0
1563	91	0
1564	91	0
1565	91	0
1566	90	0
1567	91	0
1568	90	0
1569	91	0
1570	91	0
1571	91	0
1572	90	0
1573	91	0
1574	91	0
1575	90	0
1576	91	0
1577	90	0
1578	90	0
1579	90	0
1580	90	0
1581	91	0
1582	91	0
1583	91	0
1584	91	0
1585	91	0
1586	91	0
1587	90	0
1588	91	0
1589	91	0
1590	91	0
1591	90	0
1592	90	0
1593	90	0
1594	91	0
1595	90	0
1596	91	0
1597	91	0
1598	91	0
1599	91	0
1600	91	0
1601	90	0
1602	91	0
1603	91	0
1604	91	0
1605	91	0
1606	90	0
1607	90	0
1608	91	0
1609	90	0
1610	91	0
1611	91	0
1612	90	0
1613	91	0
1614	90	0
1615	91	0
1616	91	0
1617	91	0
1618	91	0
1619	91	0
1620	90	0
1621	90	0
1622	90	0
1623	91	0
1624	90	0
1625	91	0
1626	91	0
1627	91	0
1628	91	0
1629	91	0
1630	91	0
1631	91	0
1632	91	0
1633	91	0
1634	91	0
1635	90	0
1636	90	0
1637	91	0
1638	91	0
1639	90	0
1640	91	0
1641	91	0
1642	91	0
1643	90	0
1644	90	0
1645	89	0
1646	90	0
1647	91	0
1648	91	0
1649	90	0
1650	91	0
1651	91	0
1652	91	0
1653	90	0
1654	90	0
1655	91	0
1656	91	0
1657	90	0
1658	91	0
1659	90	0
1660	91	0
1661	90	0
1662	90	0
1663	91	0
1664	91	0
1665	90	0
1666	91	0
1667	91	0
1668	90	0
1669	91	0
1670	90	0
1671	90	0
1672	91	0
1673	91	0
1674	91	0
1675	91	0
1676	91	0
1677	91	0
1678	90	0
1679	91	0
1680	91	0
1681	91	0
1682	91	0
1683	91	0
1684	91	0
1685	91	0
1686	91	0
1687	91	0
1688	90	0
1689	90	0
1690	91	0
1691	90	0
1692	91	0
1693	91	0
1694	91	0
1695	90	0
1696	91	0
1697	91	0
1698	91	0
1699	90	0
1700	90	0
1701	91	0
1702	91	0
1703	90	0
1704	91	0
1705	90	0
1706	91	0
1707	91	0
1708	90	0
1709	90	0
1710	91	0
1711	90	0
1712	91	0
1713	91	0
1714	90	0
1715	91	0
1716	90	0
1717	91	0
1718	91	0
1719	91	0
1720	91	0
1721	90	0
1722	91	0
1723	91	0
1724	90	0
1725	91	0
1726	91	0
1727	91	0
1728	91	0
1729	90	0
1730	91	0
1731	91	0
1732	91	0
1733	90	0
1734	90	0
1735	90	0
1736	91	0
1737	91	0
1738	90	0
1739	91	0
1740	91	0
1741	91	0
1742	91	0
1743	90	0
1744	90	0
1745	91	0
1746	91	0
1747	91	0
1748	91	0
1749	91	0
1750	91	0
1751	91	0
1752	91	0
1753	90	0
1754	91	0
1755	91	0
1756	90	0
1757	91	0
1758	89	0
1759	91	0
1760	91	0
1761	90	0
1762	91	0
1763	90	0
1764	89	0
1765	91	0
1766	90	0
1767	90	0
1768	91	0
1769	91	0
1770	90	0
1771	91	0
1772	91	0
1773	91	0
1774	91	0
1775	91	0
1776	91	0
1777	91	0
1778	91	0
1779	91	0
1780	91	0
1781	91	0
1782	90	0
1783	91	0
1784	90	0
1785	91	0
1786	91	0
1787	90	0
1788	90	0
1789	90	0
1790	91	0
1791	91	0
1792	91	0
1793	90	0
1794	91	0
1795	91	0
1796	91	0
1797	90	0
1798	91	0
1799	90	0
1800	91	0
1801	90	0
1802	91	0
1803	91	0
1804	90	0
1805	90	0
1806	90	0
1807	91	0
1808	91	0
1809	90	0
1810	90	0
1811	91	0
1812	90	0
1813	90	0
1814	91	0
1815	91	0
1816	90	0
1817	90	0
1818	90	0
1819	90	0
1820	91	0
1821	90	0
1822	90	0
1823	91	0
1824	90	0
1825	91	0
1826	91	0
1827	91	0
1828	91	0
1829	90	0
1830	91	0
1831	91	0
1832	91	0
1833	91	0
1834	90	0
1835	91	0
1836	91	0
1837	91	0
1838	91	0
1839	91	0
1840	91	0
1841	91	0
1842	90	0
1843	91	0
1844	91	0
1845	90	0
1846	91	0
1847	90	0
1848	90	0
1849	90	0
1850	90	0
1851	90	0
1852	90	0
1853	91	0
1854	91	0
1855	90	0
1856	91	0
1857	90	0
1858	90	0
1859	91	0
1860	90	0
1861	90	0
1862	91	0
1863	91	0
1864	90	0
1865	91	0
1866	91	0
1867	91	0
1868	90	0
1869	91	0
1870	90	0
1871	90	0
1872	91	0
1873	91	0
1874	91	0
1875	91	0
1876	91	0
1877	91	0
1878	91	0
1879	91	0
1880	91	0
1881	91	0
1882	91	0
1883	91	0
1884	91	0
1885	91	0
1886	92	0
1887	93	0
1888	93	0
1889	94	0
1890	95	0
1891	95	0
1892	97	0
1893	97	0
1894	99	0
1895	99	0
1896	101	0
1897	101	0
1898	101	0
1899	102	0
1900	103	0
1901	105	0
1902	105	0
1903	107	0
1904	108	0
1905	109	0
1906	109	0
1907	110	0
1908	111	0
1909	113	0
1910	114	0
1911	114	0
1912	115	0
1913	117	0
1914	118	0
1915	120	0
1916	121	0
1917	122	0
1918	123	0
1919	127	0
1920	129	0
1921	129	0
1922	131	0
1923	133	0
1924	134	0
1925	136	0
1926	137	0
1927	140	0
1928	142	0
1929	143	0
1930	145	0
1931	147	0
1932	151	0
1933	153	0
1934	154	0
1935	155	0
1936	158	0
1937	159	0
1938	160	0
1939	162	0
1940	164	0
1941	166	0
1942	169	0
1943	170	0
1944	171	0
1945	172	0
1946	172	0
1947	171	0
1948	171	0
1949	172	0
1950	171	0
1951	172	0
1952	172	0
1953	171	0
1954	172	0
1955	171	0
1956	171	0
1957	172	0
1958	172	0
1959	173	0
1960	171	0
1961	172	0
1962	171	0
1963	171	0
1964	171	0
1965	172	0
1966	171	0
1967	171	0
1968	171	0
1969	171	0
1970	171	0
1971	171	0
1972	171	0
1973	171	0
1974	171	0
1975	171	0
1976	171	0
1977	172	0
1978	172	0
1979	171	0
1980	171	0
1981	171	0
1982	172	0
1983	172	0
1984	172	0
1985	171	0
1986	172	0
1987	173	0
1988	173	0
1989	176	0
1990	178	0
1991	179	0
1992	181	0
1993	183	0
1994	183	0
1995	185	0
1996	188	0
1997	190	0
1998	191	0
1999	193	0
2000	195	0
2001	197	0
2002	198	0
2003	199	0
2004	202	0
2005	203	0
2006	205	0
2007	207	0
2008	209	0
2009	209	0
2010	211	0
2011	213	0
2012	214	0
2013	216	0
2014	217	0
2015	219	0
2016	222	0
2017	223	0
2018	223	0
2019	225	0
2020	227	0
2021	228	0
2022	229	0
2023	229	0
2024	231	0
2025	233	0
2026	235	0
2027	236	0
2028	238	0
2029	239	0
2030	240	0
2031	241	0
2032	243	0
2033	245	0
2034	245	0
2035	247	0
2036	249	0
2037	249	0
2038	251	0
2039	253	0
2040	253	0
2041	253	0
2042	253	0
2043	253	0
2044	253	0
2045	253	0
2046	254	0
2047	253	0
2048	253	0
2049	253	0
2050	253	0
2051	253	0
2052	253	0
2053	253	0
2054	253	0
2055	253	0
2056	253	0
2057	253	0
2058	253	0
2059	253	0
2060	253	0
2061	253	0
2062	253	0
2063	253	0
2064	253	0
2065	253	0
2066	253	0
2067	253	0
2068	253	0
2069	253	0
2070	253	0
2071	253	0
2072	253	0
2073	253	0
2074	253	0
2075	253	0
2076	253	0
2077	253	0
2078	253	0
2079	253	0
2080	253	0
2081	253	0
2082	253	0
2083	253	0
2084	253	0
2085	253	0
2086	253	0
2087	253	0
2088	253	0
2089	253	0
2090	253	0
2091	253	0
2092	253	0
2093	253	0
2094	253	0
2095	253	0
2096	253	0
2097	253	0
2098	253	0
2099	253	0
2100	253	0
2101	253	0
2102	253	0
2103	253	0
2104	253	0
2105	253	0
2106	254	0
2107	253	0
2108	253	0
2109	253	0
2110	253	0
2111	253	0
2112	253	0
2113	253	0
2114	253	0
2115	253	0
2116	253	0
2117	253	0
2118	253	0
2119	253	0
2120	253	0
2121	253	0
2122	253	0
2123	253	0
2124	253	0
2125	253	0
2126	254	0
2127	253	0
2128	253	0
2129	253	0
2130	253	0
2131	253	0
2132	253	0
2133	253	0
2134	253	0
2135	253	0
2136	253	0
2137	253	0
2138	253	0
2139	253	0
2140	253	0
2141	253	0
2142	253	0
2143	254	0
2144	254	0
2145	253	0
2146	253	0
2147	253	0
2148	253	0
2149	253	0
2150	253	0
2151	253	0
2152	253	0
2153	253	0
2154	253	0
2155	253	0
2156	253	0
2157	253	0
2158	253	0
2159	253	0
2160	253	0
2161	253	0
2162	253	0
2163	253	0
2164	253	0
2165	253	0
2166	253	0
2167	253	0
2168	253	0
2169	253	0
2170	253	0
2171	253	0
2172	253	0
2173	253	0
2174	253	0
2175	253	0
2176	253	0
2177	253	0
2178	253	0
2179	253	0
2180	253	0
2181	253	0
2182	253	0
2183	253	0
2184	253	0
2185	253	0
2186	253	0
2187	253	0
2188	253	0
2189	253	0
2190	253	0
2191	253	0
2192	253	0
2193	253	0
2194	253	0
2195	253	0
2196	253	0
2197	253	0
2198	253	0
2199	253	0
2200	253	0
2201	253	0
2202	253	0
2203	253	0
2204	253	0
2205	253	0
2206	253	0
2207	253	0
2208	253	0
2209	253	0
2210	253	0
2211	253	0
2212	253	0
2213	253	0
2214	253	0
2215	253	0
2216	253	0
2217	253	0
2218	253	0
2219	253	0
2220	253	0
2221	253	0
2222	253	0
2223	253	0
2224	253	0
2225	253	0
2226	254	0
2227	254	0
2228	253	0
2229	253	0
2230	253	0
2231	253	0
2232	253	0
2233	254	0
2234	253	0
2235	253	0
2236	253	0
2237	253	0
2238	253	0
2239	253	0
2240	253	0
2241	254	0
2242	253	0
2243	253	0
2244	253	0
2245	253	0
2246	253	0
2247	253	0
2248	253	0
2249	253	0
2250	253	0
2251	253	0
2252	253	0
2253	253	0
2254	253	0
2255	253	0
2256	253	0
2257	253	0
2258	253	0
2259	253	0
2260	253	0
2261	253	0
2262	253	0
2263	253	0
2264	253	0
2265	253	0
2266	253	0
2267	253	0
2268	254	0
2269	253	0
2270	253	0
2271	253	0
2272	253	0
2273	253	0
2274	253	0
2275	253	0
2276	253	0
2277	253	0
2278	253	0
2279	253	0
2280	253	0
2281	253	0
2282	253	0
2283	253	0
2284	253	0
2285	253	0
2286	253	0
2287	253	0
2288	253	0
2289	253	0
2290	253	0
2291	253	0
2292	253	0
2293	253	0
2294	253	0
2295	253	0
2296	253	0
2297	253	0
2298	254	0
2299	253	0
2300	253	0
2301	253	0
2302	253	0
2303	253	0
2304	253	0
2305	253	0
2306	253	0
2307	253	0
2308	253	0
2309	253	0
2310	253	0
2311	253	0
2312	253	0
2313	253	0
2314	253	0
2315	253	0
2316	253	0
2317	253	0
2318	253	0
2319	253	0
2320	253	0
2321	253	0
2322	251	0
2323	249	0
2324	248	0
2325	246	0
2326	245	0
2327	243	0
2328	242	0
2329	241	0
2330	239	0
2331	239	0
2332	237	0
2333	235	0
2334	234	0
2335	232	0
2336	230	0
2337	229	0
2338	229	0
2339	227	0
2340	225	0
2341	224	0
2342	223	0
2343	221	0
2344	219	0
2345	217	0
2346	215	0
2347	214	0
2348	213	0
2349	212	0
2350	210	0
2351	209	0
2352	207	0
2353	206	0
2354	205	0
2355	203	0
2356	202	0
2357	201	0
2358	199	0
2359	198	0
2360	197	0
2361	196	0
2362	195	0
2363	193	0
2364	193	0
2365	191	0
2366	190	0
2367	189	0
2368	189	0
2369	187	0
2370	185	0
2371	184	0
2372	183	0
2373	182	0
2374	181	0
2375	181	0
2376	179	0
2377	177	0
2378	177	0
2379	175	0
2380	174	0
2381	173	0
2382	173	0
2383	172	0
2384	171	0
2385	171	0
2386	171	0
2387	172	0
2388	172	0
2389	173	0
2390	172	0
2391	171	0
2392	172	0
2393	171	0
2394	171	0
2395	172	0
2396	171	0
2397	171	0
2398	171	0
2399	171	0
2400	171	0
2401	171	0
2402	171	0
2403	172	0
2404	171	0
2405	171	0
2406	172	0
2407	171	0
2408	173	0
2409	171	0
2410	171	0
2411	171	0
2412	172	0
2413	171	0
2414	171	0
2415	171	0
2416	171	0
2417	171	0
2418	171	0
2419	171	0
2420	172	0
2421	171	0
2422	172	0
2423	171	0
2424	172	0
2425	171	0
2426	171	0
2427	171	0
2428	171	0
2429	172	0
2430	171	0
2431	171	0
2432	171	0
2433	171	0
2434	171	0
2435	172	0
2436	172	0
2437	171	0
2438	171	0
2439	171	0
2440	171	0
2441	171	0
2442	171	0
2443	172	0
2444	171	0
2445	173	0
2446	171	0
2447	171	0
2448	172	0
2449	171	0
2450	171	0
2451	172	0
2452	171	0
2453	171	0
2454	169	0
2455	168	0
2456	167	0
2457	166	0
2458	163	0
2459	162	0
2460	161	0
2461	161	0
2462	161	0
2463	158	0
2464	157	0
2465	156	0
2466	154	0
2467	154	0
2468	153	0
2469	153	0
2470	151	0
2471	149	0
2472	147	0
2473	146	0
2474	145	0
2475	142	0
2476	142	0
2477	141	0
2478	139	0
2479	137	0
2480	137	0
2481	135	0
2482	133	0
2483	132	0
2484	129	0
2485	129	0
2486	127	0
2487	125	0
2488	124	0
2489	122	0
2490	121	0
2491	120	0
2492	118	0
2493	116	0
2494	115	0
2495	114	0
2496	111	0
2497	110	0
2498	109	0
2499	107	0
2500	105	0
2501	104	0
2502	101	0
2503	100	0
2504	99	0
2505	97	0
2506	95	0
2507	94	0
2508	93	0
2509	91	0
2510	91	0
2511	91	0
2512	91	0
2513	91	0
2514	91	0
2515	90	0
2516	91	0
2517	91	0
2518	90	0
2519	91	0
2520	90	0
2521	90	0
2522	91	0
2523	91	0
2524	91	0
2525	91	0
2526	90	0
2527	91	0
2528	90	0
2529	91	0
2530	90	0
2531	91	0
2532	91	0
2533	91	0
2534	90	0
2535	91	0
2536	91	0
2537	91	0
2538	90	0
2539	91	0
2540	91	0
2541	91	0
2542	90	0
2543	91	0
2544	90	0
2545	91	0
2546	91	0
2547	91	0
2548	91	0
2549	91	0
2550	91	0
2551	90	0
2552	91	0
2553	91	0
2554	91	0
2555	90	0
2556	91	0
2557	91	0
2558	91	0
2559	91	0
2560	91	0
2561	90	0
2562	91	0
2563	91	0
2564	90	0
2565	91	0
2566	91	0
2567	91	0
2568	90	0
2569	91	0
2570	91	0
2571	90	0
2572	90	0
2573	91	0
2574	91	0
2575	91	0
2576	91	0
2577	91	0
2578	90	0
2579	90	0
2580	91	0
2581	91	0
2582	91	0
2583	91	0
2584	90	0
2585	91	0
2586	91	0
2587	90	0
2588	90	0
2589	91	0
2590	90	0
2591	91	0
2592	90	0
2593	91	0
2594	91	0
2595	91	0
2596	90	0
2597	91	0
2598	90	0
2599	91	0
2600	91	0
2601	90	0
2602	91	0
2603	90	0
2604	91	0
2605	91	0
2606	91	0
2607	91	0
2608	91	0
2609	91	0
2610	91	0
2611	91	0
2612	91	0
2613	91	0
2614	90	0
2615	91	0
2616	90	0
2617	91	0
2618	90	0
2619	90	0
2620	90	0
2621	91	0
2622	90	0
2623	90	0
2624	91	0
2625	91	0
2626	91	0
2627	91	0
2628	91	0
2629	90	0
2630	91	0
2631	90	0
2632	90	0
2633	91	0
2634	91	0
2635	90	0
2636	90	0
2637	91	0
2638	91	0
2639	90	0
2640	91	0
2641	91	0
2642	91	0
2643	90	0
2644	91	0
2645	91	0
2646	91	0
2647	91	0
2648	90	0
2649	91	0
2650	90	0
2651	90	0
2652	91	0
2653	91	0
2654	91	0
2655	91	0
2656	90	0
2657	90	0
2658	91	0
2659	90	0
2660	90	0
2661	90	0
2662	91	0
2663	91	0
2664	90	0
2665	90	0
2666	91	0
2667	91	0
2668	91	0
2669	91	0
2670	90	0
2671	91	0
2672	90	0
2673	90	0
2674	90	0
2675	90	0
2676	91	0
2677	90	0
2678	91	0
2679	90	0
2680	91	0
2681	90	0
2682	90	0
2683	91	0
2684	91	0
2685	90	0
2686	91	0
2687	90	0
2688	91	0
2689	91	0
2690	91	0
2691	91	0
2692	91	0
2693	91	0
2694	91	0
2695	91	0
2696	91	0
2697	91	0
2698	91	0
2699	91	0
2700	90	0
2701	90	0
2702	90	0
2703	91	0
2704	90	0
2705	91	0
2706	91	0
2707	91	0
2708	91	0
2709	91	0
2710	91	0
2711	91	0
2712	90	0
2713	91	0
2714	91	0
2715	91	0
2716	91	0
2717	90	0
2718	90	0
2719	91	0
2720	90	0
2721	91	0
2722	91	0
2723	91	0
2724	90	0
2725	90	0
2726	91	0
2727	91	0
2728	90	0
2729	91	0
2730	90	0
2731	90	0
2732	91	0
2733	91	0
2734	91	0
2735	91	0
2736	90	0
2737	90	0
2738	90	0
2739	91	0
2740	91	0
2741	91	0
2742	90	0
2743	90	0
2744	90	0
2745	91	0
2746	91	0
2747	91	0
2748	90	0
2749	90	0
2750	91	0
2751	91	0
2752	90	0
2753	90	0
2754	91	0
2755	91	0
2756	90	0
2757	90	0
2758	90	0
2759	91	0
2760	91	0
2761	90	0
2762	90	0
2763	91	0
2764	91	0
2765	90	0
2766	91	0
2767	90	0
2768	91	0
2769	91	0
2770	91	0
2771	91	0
2772	89	0
2773	91	0
2774	91	0
2775	91	0
2776	91	0
2777	91	0
2778	90	0
2779	91	0
2780	90	0
2781	91	0
2782	90	0
2783	90	0
2784	90	0
2785	90	0
2786	90	0
2787	90	0
2788	91	0
2789	91	0
2790	91	0
2791	90	0
2792	91	0
2793	90	0
2794	91	0
2795	90	0
2796	91	0
2797	91	0
2798	91	0
2799	91	0
2800	91	0
2801	90	0
2802	91	0
2803	91	0
2804	91	0
2805	91	0
2806	91	0
2807	90	0
2808	91	0
2809	91	0
2810	91	0
2811	90	0
2812	91	0
2813	91	0
2814	91	0
2815	91	0
2816	90	0
2817	91	0
2818	90	0
2819	90	0
2820	91	0
2821	91	0
2822	91	0
2823	90	0
2824	91	0
2825	91	0
2826	91	0
2827	91	0
2828	91	0
2829	90	0
2830	91	0
2831	90	0
2832	90	0
2833	91	0
2834	90	0
2835	91	0
2836	91	0
2837	91	0
2838	90	0
2839	91	0
2840	90	0
2841	90	0
2842	91	0
2843	91	0
2844	90	0
2845	90	0
2846	91	0
2847	91	0
2848	90	0
2849	89	0
2850	90	0
2851	91	0
2852	90	0
2853	91	0
2854	90	0
2855	90	0
2856	91	0
2857	91	0
2858	91	0
2859	91	0
2860	91	0
2861	91	0
2862	91	0
2863	91	0
2864	91	0
2865	91	0
2866	90	0
2867	90	0
2868	91	0
2869	91	0
2870	90	0
2871	91	0
2872	90	0
2873	91	0
2874	90	0
2875	90	0
2876	91	0
2877	91	0
2878	90	0
2879	91	0
2880	90	0
2881	91	0
2882	91	0
2883	91	0
2884	91	0
2885	91	0
2886	90	0
2887	91	0
2888	91	0
2889	90	0
2890	90	0
2891	90	0
2892	91	0
2893	91	0
2894	90	0
2895	90	0
2896	90	0
2897	90	0
2898	91	0
2899	91	0
2900	91	0
2901	90	0
2902	90	0
2903	91	0
2904	90	0
2905	90	0
2906	91	0
2907	91	0
2908	90	0
2909	91	0
2910	91	0
2911	91	0
2912	91	0
2913	91	0
2914	91	0
2915	91	0
2916	91	0
2917	91	0
2918	90	0
2919	91	0
2920	91	0
2921	91	0
2922	91	0
2923	91	0
2924	90	0
2925	91	0
2926	91	0
2927	90	0
2928	91	0
2929	90	0
2930	90	0
2931	91	0
2932	90	0
2933	90	0
2934	91	0
2935	91	0
2936	90	0
2937	91	0
2938	91	0
2939	90	0
2940	91	0
2941	91	0
2942	91	0
2943	91	0
2944	91	0
2945	90	0
2946	91	0
2947	91	0
2948	91	0
2949	91	0
2950	90	0
2951	91	0
2952	91	0
2953	91	0
2954	91	0
2955	90	0
2956	91	0
2957	90	0
2958	91	0
2959	91	0
2960	91	0
2961	91	0
2962	91	0
2963	90	0
2964	91	0
2965	91	0
2966	91	0
2967	90	0
2968	91	0
2969	91	0
2970	91	0
2971	90	0
2972	91	0
2973	91	0
2974	90	0
2975	91	0
2976	91	0
2977	90	0
2978	90	0
2979	90	0
2980	90	0
2981	90	0
2982	90	0
2983	90	0
2984	90	0
2985	91	0
2986	90	0
2987	91	0
2988	91	0
2989	91	0
2990	91	0
2991	91	0
2992	90	0
2993	91	0
2994	90	0
2995	91	0
2996	91	0
2997	90	0
2998	91	0
2999	91	0
3000	91	0
3001	91	0
3002	91	0
3003	91	0
3004	91	0
3005	91	0
3006	90	0
3007	90	0
3008	91	0
3009	91	0
3010	91	0
3011	91	0
3012	91	0
3013	91	0
3014	90	0
3015	90	0
3016	90	0
3017	91	0
3018	91	0
3019	91	0
3020	90	0
3021	91	0
3022	90	0
3023	91	0
3024	90	0
3025	91	0
3026	91	0
3027	91	0
3028	90	0
3029	90	0
3030	90	0
3031	91	0
3032	91	0
3033	91	0
3034	91	0
3035	90	0
3036	91	0
3037	91	0
3038	91	0
3039	91	0
3040	91	0
3041	91	0
3042	90	0
3043	91	0
3044	90	0
3045	91	0
3046	91	0
3047	90	0
3048	91	0
3049	91	0
3050	91	0
3051	91	0
3052	91	0
3053	91	0
3054	90	0
3055	91	0
3056	91	0
3057	91	0
3058	91	0
3059	91	0
3060	93	0
3061	94	0
3062	95	0
3063	97	0
3064	99	0
3065	101	0
3066	102	0
3067	105	0
3068	107	0
3069	109	0
3070	110	0
3071	113	0
3072	114	0
3073	116	0
3074	119	0
3075	121	0
3076	122	0
3077	123	0
3078	127	0
3079	128	0
3080	129	0
3081	131	0
3082	133	0
3083	135	0
3084	137	0
3085	137	0
3086	139	0
3087	141	0
3088	142	0
3089	143	0
3090	144	0
3091	145	0
3092	146	0
3093	147	0
3094	147	0
3095	149	0
3096	150	0
3097	151	0
3098	153	0
3099	153	0
3100	153	0
3101	153	0
3102	153	0
3103	154	0
3104	155	0
3105	155	0
3106	156	0
3107	157	0
3108	157	0
3109	158	0
3110	159	0
3111	159	0
3112	159	0
3113	159	0
3114	160	0
3115	161	0
3116	160	0
3117	160	0
3118	161	0
3119	161	0
3120	161	0
3121	161	0
3122	161	0
3123	162	0
3124	161	0
3125	162	0
3126	162	0
3127	163	0
3128	162	0
3129	163	0
3130	163	0
3131	163	0
3132	165	0
3133	165	0
3134	165	0
3135	166	0
3136	165	0
3137	166	0
3138	166	0
3139	166	0
3140	168	0
3141	169	0
3142	168	0
3143	169	0
3144	169	0
3145	169	0
3146	170	0
3147	171	0
3148	170	0
3149	171	0
3150	171	0
3151	171	0
3152	172	0
3153	171	0
3154	171	0
3155	173	0
3156	172	0
3157	172	0
3158	171	0
3159	171	0
3160	172	0
3161	171	0
3162	171	0
3163	171	0
3164	172	0
3165	172	0
3166	172	0
3167	171	0
3168	171	0
3169	171	0
3170	172	0
3171	171	0
3172	171	0
3173	171	0
3174	172	0
3175	173	0
3176	171	0
3177	171	0
3178	172	0
3179	172	0
3180	172	0
3181	173	0
3182	171	0
3183	171	0
3184	172	0
3185	171	0
3186	171	0
3187	172	0
3188	172	0
3189	171	0
3190	172	0
3191	172	0
3192	172	0
3193	172	0
3194	171	0
3195	171	0
3196	172	0
3197	171	0
3198	172	0
3199	172	0
3200	171	0
3201	171	0
3202	171	0
3203	172	0
3204	171	0
3205	171	0
3206	171	0
3207	171	0
3208	172	0
3209	171	0
3210	172	0
3211	171	0
3212	172	0
3213	171	0
3214	171	0
3215	172	0
3216	171	0
3217	171	0
3218	171	0
3219	171	0
3220	171	0
3221	172	0
3222	171	0
3223	172	0
3224	172	0
3225	171	0
3226	171	0
3227	171	0
3228	171	0
3229	171	0
3230	172	0
3231	172	0
3232	172	0
3233	171	0
3234	171	0
3235	172	0
3236	171	0
3237	172	0
3238	171	0
3239	171	0
3240	172	0
3241	172	0
3242	171	0
3243	171	0
3244	172	0
3245	171	0
3246	171	0
3247	171	0
3248	171	0
3249	171	0
3250	171	0
3251	172	0
3252	171	0
3253	171	0
3254	172	0
3255	171	0
3256	171	0
3257	171	0
3258	172	0
3259	171	0
3260	171	0
3261	172	0
3262	171	0
3263	171	0
3264	171	0
3265	172	0
3266	172	0
3267	172	0
3268	172	0
3269	171	0
3270	171	0
3271	171	0
3272	171	0
3273	172	0
3274	172	0
3275	172	0
3276	172	0
3277	173	0
3278	171	0
3279	171	0
3280	172	0
3281	172	0
3282	171	0
3283	172	0
3284	172	0
3285	172	0
3286	172	0
3287	172	0
3288	171	0
3289	172	0
3290	171	0
3291	172	0
3292	172	0
3293	171	0
3294	172	0
3295	173	0
3296	171	0
3297	171	0
3298	172	0
3299	171	0
3300	172	0
3301	173	0
3302	172	0
3303	172	0
3304	171	0
3305	172	0
3306	171	0
3307	172	0
3308	171	0
3309	171	0
3310	172	0
3311	172	0
3312	172	0
3313	172	0
3314	171	0
3315	172	0
3316	172	0
3317	172	0
3318	172	0
3319	171	0
3320	171	0
3321	171	0
3322	171	0
3323	171	0
3324	172	0
3325	171	0
3326	171	0
3327	172	0
3328	173	0
3329	172	0
3330	172	0
3331	171	0
3332	171	0
3333	172	0
3334	173	0
3335	171	0
3336	171	0
3337	172	0
3338	172	0
3339	172	0
3340	171	0
3341	172	0
3342	171	0
3343	172	0
3344	173	0
3345	172	0
3346	172	0
3347	172	0
3348	171	0
3349	172	0
3350	172	0
3351	172	0
3352	172	0
3353	172	0
3354	171	0
3355	172	0
3356	173	0
3357	171	0
3358	172	0
3359	171	0
3360	171	0
3361	171	0
3362	171	0
3363	171	0
3364	171	0
3365	172	0
3366	171	0
3367	171	0
3368	172	0
3369	171	0
3370	171	0
3371	171	0
3372	171	0
3373	172	0
3374	172	0
3375	172	0
3376	171	0
3377	172	0
3378	171	0
3379	172	0
3380	171	0
3381	171	0
3382	171	0
3383	172	0
3384	172	0
3385	172	0
3386	172	0
3387	171	0
3388	172	0
3389	171	0
3390	172	0
3391	172	0
3392	171	0
3393	171	0
3394	171	0
3395	172	0
3396	172	0
3397	171	0
3398	172	0
3399	172	0
3400	171	0
3401	172	0
3402	172	0
3403	172	0
3404	171	0
3405	172	0
3406	173	0
3407	172	0
3408	172	0
3409	171	0
3410	172	0
3411	171	0
3412	171	0
3413	171	0
3414	171	0
3415	172	0
3416	171	0
3417	171	0
3418	171	0
3419	171	0
3420	172	0
3421	172	0
3422	172	0
3423	172	0
3424	171	0
3425	172	0
3426	172	0
3427	171	0
3428	171	0
3429	173	0
3430	172	0
3431	171	0
3432	172	0
3433	172	0
3434	171	0
3435	172	0
3436	172	0
3437	172	0
3438	172	0
3439	172	0
3440	171	0
3441	171	0
3442	171	0
3443	171	0
3444	172	0
3445	172	0
3446	171	0
3447	171	0
3448	171	0
3449	171	0
3450	171	0
3451	171	0
3452	172	0
3453	171	0
3454	171	0
3455	172	0
3456	171	0
3457	171	0
3458	171	0
3459	172	0
3460	172	0
3461	173	0
3462	172	0
3463	171	0
3464	172	0
3465	172	0
3466	171	0
3467	171	0
3468	171	0
3469	171	0
3470	172	0
3471	171	0
3472	171	0
3473	172	0
3474	171	0
3475	172	0
3476	171	0
3477	171	0
3478	172	0
3479	171	0
3480	171	0
3481	172	0
3482	172	0
3483	171	0
3484	171	0
3485	172	0
3486	172	0
3487	172	0
3488	171	0
3489	171	0
3490	171	0
3491	171	0
3492	171	0
3493	171	0
3494	171	0
3495	171	0
3496	171	0
3497	172	0
3498	171	0
3499	171	0
3500	173	0
3501	172	0
3502	172	0
3503	171	0
3504	171	0
3505	171	0
3506	171	0
3507	171	0
3508	172	0
3509	171	0
3510	172	0
3511	172	0
3512	172	0
3513	172	0
3514	172	0
3515	171	0
3516	172	0
3517	172	0
3518	171	0
3519	172	0
3520	172	0
3521	172	0
3522	171	0
3523	173	0
3524	171	0
3525	172	0
3526	171	0
3527	171	0
3528	172	0
3529	171	0
3530	171	0
3531	172	0
3532	171	0
3533	172	0
3534	172	0
3535	173	0
3536	171	0
3537	172	0
3538	171	0
3539	171	0
3540	172	0
3541	171	0
3542	172	0
3543	172	0
3544	171	0
3545	172	0
3546	171	0
3547	171	0
3548	172	0
3549	172	0
3550	172	0
3551	172	0
3552	172	0
3553	171	0
3554	173	0
3555	171	0
3556	172	0
3557	171	0
3558	171	0
3559	172	0
3560	171	0
3561	171	0
3562	172	0
3563	171	0
3564	172	0
3565	172	0
3566	171	0
3567	171	0
3568	172	0
3569	172	0
3570	171	0
3571	171	0
3572	171	0
3573	171	0
3574	172	0
3575	172	0
3576	171	0
3577	171	0
3578	172	0
3579	171	0
3580	172	0
3581	171	0
3582	171	0
3583	171	0
3584	172	0
3585	171	0
3586	172	0
3587	172	0
3588	171	0
3589	172	0
3590	172	0
3591	172	0
3592	172	0
3593	172	0
3594	172	0
3595	171	0
3596	171	0
3597	171	0
3598	172	0
3599	172	0
3600	171	0
3601	171	0
3602	171	0
3603	171	0
3604	171	0
3605	171	0
3606	171	0
3607	172	0
3608	171	0
3609	171	0
3610	173	0
3611	173	0
3612	172	0
3613	171	0
3614	171	0
3615	171	0
3616	171	0
3617	172	0
3618	171	0
3619	173	0
3620	171	0
3621	171	0
3622	172	0
3623	171	0
3624	172	0
3625	171	0
3626	172	0
3627	171	0
3628	171	0
3629	171	0
3630	171	0
3631	171	0
3632	171	0
3633	172	0
3634	171	0
3635	171	0
3636	171	0
3637	171	0
3638	171	0
3639	171	0
3640	171	0
3641	171	0
3642	171	0
3643	172	0
3644	172	0
3645	171	0
3646	171	0
3647	171	0
3648	172	0
3649	171	0
3650	171	0
3651	171	0
3652	171	0
3653	171	0
3654	171	0
3655	171	0
3656	171	0
3657	171	0
3658	172	0
3659	172	0
3660	172	0
3661	171	0
3662	171	0
3663	171	0
3664	171	0
3665	172	0
3666	171	0
3667	171	0
3668	173	0
3669	171	0
3670	172	0
3671	171	0
3672	171	0
3673	172	0
3674	171	0
3675	171	0
3676	171	0
3677	171	0
3678	171	0
3679	171	0
3680	172	0
3681	171	0
3682	172	0
3683	171	0
3684	171	0
3685	171	0
3686	171	0
3687	171	0
3688	172	0
3689	171	0
3690	171	0
3691	171	0
3692	172	0
3693	172	0
3694	172	0
3695	171	0
3696	171	0
3697	171	0
3698	172	0
3699	172	0
3700	172	0
3701	171	0
3702	171	0
3703	173	0
3704	172	0
3705	172	0
3706	171	0
3707	172	0
3708	172	0
3709	171	0
3710	172	0
3711	171	0
3712	172	0
3713	171	0
3714	172	0
3715	172	0
3716	172	0
3717	171	0
3718	172	0
3719	171	0
3720	171	0
3721	171	0
3722	171	0
3723	171	0
3724	172	0
3725	171	0
3726	172	0
3727	172	0
3728	171	0
3729	171	0
3730	172	0
3731	171	0
3732	171	0
3733	172	0
3734	171	0
3735	171	0
3736	171	0
3737	171	0
3738	171	0
3739	172	0
3740	171	0
3741	171	0
3742	172	0
3743	171	0
3744	172	0
3745	171	0
3746	171	0
3747	171	0
3748	171	0
3749	171	0
3750	172	0
3751	171	0
3752	171	0
3753	171	0
3754	171	0
3755	172	0
3756	171	0
3757	173	0
3758	171	0
3759	171	0
3760	172	0
3761	171	0
3762	172	0
3763	171	0
3764	171	0
3765	172	0
3766	171	0
3767	171	0
3768	171	0
3769	172	0
3770	171	0
3771	172	0
3772	171	0
3773	172	0
3774	171	0
3775	171	0
3776	171	0
3777	173	0
3778	172	0
3779	172	0
3780	172	0
3781	171	0
3782	171	0
3783	172	0
3784	171	0
3785	171	0
3786	171	0
3787	171	0
3788	172	0
3789	171	0
3790	171	0
3791	172	0
3792	172	0
3793	171	0
3794	172	0
3795	172	0
3796	171	0
3797	171	0
3798	171	0
3799	171	0
3800	172	0
3801	171	0
3802	171	0
3803	171	0
3804	171	0
3805	171	0
3806	171	0
3807	171	0
3808	172	0
3809	172	0
3810	172	0
3811	172	0
3812	173	0
3813	172	0
3814	171	0
3815	172	0
3816	173	0
3817	172	0
3818	171	0
3819	171	0
3820	172	0
3821	172	0
3822	171	0
3823	171	0
3824	172	0
3825	171	0
3826	171	0
3827	171	0
3828	171	0
3829	172	0
3830	172	0
3831	172	0
3832	172	0
3833	172	0
3834	172	0
3835	171	0
3836	173	0
3837	171	0
3838	173	0
3839	172	0
3840	171	0
3841	171	0
3842	171	0
3843	171	0
3844	173	0
3845	172	0
3846	171	0
3847	172	0
3848	171	0
3849	172	0
3850	171	0
3851	172	0
3852	171	0
3853	171	0
3854	171	0
3855	171	0
3856	171	0
3857	171	0
3858	171	0
3859	171	0
3860	173	0
3861	172	0
3862	171	0
3863	171	0
3864	171	0
3865	171	0
3866	172	0
3867	172	0
3868	171	0
3869	171	0
3870	173	0
3871	171	0
3872	171	0
3873	172	0
3874	172	0
3875	172	0
3876	172	0
3877	171	0
3878	172	0
3879	171	0
3880	171	0
3881	171	0
3882	172	0
3883	172	0
3884	171	0
3885	171	0
3886	171	0
3887	171	0
3888	171	0
3889	172	0
3890	173	0
3891	171	0
3892	171	0
3893	172	0
3894	171	0
3895	171	0
3896	171	0
3897	172	0
3898	171	0
3899	172	0
3900	172	0
3901	171	0
3902	172	0
3903	171	0
3904	171	0
3905	172	0
3906	171	0
3907	171	0
3908	171	0
3909	172	0
3910	172	0
3911	172	0
3912	171	0
3913	171	0
3914	172	0
3915	173	0
3916	171	0
3917	172	0
3918	172	0
3919	171	0
3920	172	0
3921	171	0
3922	171	0
3923	172	0
3924	172	0
3925	172	0
3926	171	0
3927	173	0
3928	172	0
3929	171	0
3930	171	0
3931	172	0
3932	172	0
3933	171	0
3934	172	0
3935	172	0
3936	171	0
3937	172	0
3938	172	0
3939	171	0
3940	172	0
3941	172	0
3942	171	0
3943	171	0
3944	172	0
3945	172	0
3946	173	0
3947	172	0
3948	172	0
3949	171	0
3950	172	0
3951	171	0
3952	172	0
3953	172	0
3954	171	0
3955	172	0
3956	172	0
3957	172	0
3958	171	0
3959	173	0
3960	171	0
3961	171	0
3962	172	0
3963	171	0
3964	171	0
3965	171	0
3966	171	0
3967	171	0
3968	171	0
3969	172	0
3970	172	0
3971	171	0
3972	172	0
3973	171	0
3974	171	0
3975	171	0
3976	171	0
3977	171	0
3978	171	0
3979	172	0
3980	172	0
3981	173	0
3982	172	0
3983	171	0
3984	171	0
3985	172	0
3986	171	0
3987	171	0
3988	171	0
3989	171	0
3990	172	0
3991	172	0
3992	173	0
3993	172	0
3994	171	0
3995	173	0
3996	172	0
3997	172	0
3998	171	0
3999	171	0
4000	172	0
4001	171	0
4002	171	0
4003	171	0
4004	171	0
4005	172	0
4006	171	0
4007	171	0
4008	171	0
4009	172	0
4010	171	0
4011	171	0
4012	171	0
4013	172	0
4014	172	0
4015	172	0
4016	172	0
4017	171	0
4018	172	0
4019	172	0
4020	171	0
4021	171	0
4022	171	0
4023	173	0
4024	171	0
4025	172	0
4026	171	0
4027	171	0
4028	171	0
4029	171	0
4030	171	0
4031	171	0
4032	171	0
4033	172	0
4034	171	0
4035	172	0
4036	171	0
4037	171	0
4038	172	0
4039	172	0
4040	171	0
4041	171	0
4042	171	0
4043	171	0
4044	171	0
4045	172	0
4046	171	0
4047	171	0
4048	171	0
4049	171	0
4050	172	0
4051	172	0
4052	171	0
4053	171	0
4054	171	0
4055	171	0
4056	171	0
4057	172	0
4058	171	0
4059	172	0
4060	171	0
4061	171	0
4062	171	0
4063	171	0
4064	171	0
4065	171	0
4066	171	0
4067	171	0
4068	171	0
4069	171	0
4070	171	0
4071	171	0
4072	171	0
4073	171	0
4074	173	0
4075	172	0
4076	171	0
4077	172	0
4078	171	0
4079	171	0
4080	172	0
4081	171	0
4082	172	0
4083	171	0
4084	173	0
4085	172	0
4086	172	0
4087	171	0
4088	171	0
4089	171	0
4090	173	0
4091	172	0
4092	171	0
4093	172	0
4094	172	0
4095	172	0
4096	172	0
4097	171	0
4098	172	0
4099	171	0
4100	171	0
4101	171	0
4102	172	0
4103	171	0
4104	171	0
4105	172	0
4106	171	0
4107	171	0
4108	173	0
4109	171	0
4110	171	0
4111	171	0
4112	171	0
4113	171	0
4114	171	0
4115	171	0
4116	171	0
4117	172	0
4118	171	0
4119	171	0
4120	171	0
4121	172	0
4122	171	0
4123	171	0
4124	171	0
4125	172	0
4126	172	0
4127	171	0
4128	171	0
4129	171	0
4130	171	0
4131	171	0
4132	170	0
4133	170	0
4134	169	0
4135	169	0
4136	169	0
4137	169	0
4138	168	0
4139	167	0
4140	167	0
4141	167	0
4142	166	0
4143	165	0
4144	165	0
4145	165	0
4146	164	0
4147	165	0
4148	164	0
4149	163	0
4150	163	0
4151	162	0
4152	163	0
4153	161	0
4154	161	0
4155	161	0
4156	161	0
4157	160	0
4158	161	0
4159	160	0
4160	160	0
4161	159	0
4162	159	0
4163	158	0
4164	157	0
4165	157	0
4166	157	0
4167	155	0
4168	155	0
4169	155	0
4170	154	0
4171	153	0
4172	155	0
4173	154	0
4174	153	0
4175	153	0
4176	153	0
4177	153	0
4178	152	0
4179	151	0
4180	150	0
4181	149	0
4182	148	0
4183	147	0
4184	147	0
4185	146	0
4186	145	0
4187	145	0
4188	144	0
4189	143	0
4190	144	0
4191	143	0
4192	142	0
4193	141	0
4194	141	0
4195	139	0
4196	139	0
4197	137	0
4198	137	0
4199	136	0
4200	135	0
4201	135	0
4202	133	0
4203	133	0
4204	132	0
4205	131	0
4206	129	0
4207	129	0
4208	129	0
4209	127	0
4210	126	0
4211	125	0
4212	124	0
4213	122	0
4214	122	0
4215	121	0
4216	121	0
4217	119	0
4218	119	0
4219	118	0
4220	117	0
4221	115	0
4222	115	0
4223	114	0
4224	113	0
4225	113	0
4226	111	0
4227	111	0
4228	110	0
4229	109	0
4230	109	0
4231	108	0
4232	107	0
4233	106	0
4234	105	0
4235	104	0
4236	103	0
4237	102	0
4238	102	0
4239	101	0
4240	101	0
4241	99	0
4242	98	0
4243	97	0
4244	96	0
4245	95	0
4246	95	0
4247	94	0
4248	94	0
4249	93	0
4250	93	0
4251	91	0
4252	91	0
4253	91	0
4254	91	0
4255	91	0
4256	91	0
4257	90	0
4258	90	0
4259	90	0
4260	91	0
4261	91	0
4262	91	0
4263	91	0
4264	90	0
4265	91	0
4266	90	0
4267	90	0
4268	91	0
4269	90	0
4270	91	0
4271	90	0
4272	91	0
4273	90	0
4274	90	0
4275	91	0
4276	90	0
4277	90	0
4278	91	0
4279	91	0
4280	90	0
4281	91	0
4282	90	0
4283	91	0
4284	90	0
4285	91	0
4286	91	0
4287	90	0
4288	91	0
4289	91	0
4290	90	0
4291	91	0
4292	90	0
4293	90	0
4294	91	0
4295	91	0
4296	91	0
4297	90	0
4298	91	0
4299	91	0
4300	90	0
4301	90	0
4302	90	0
4303	90	0
4304	91	0
4305	90	0
4306	91	0
4307	91	0
4308	91	0
4309	91	0
4310	90	0
4311	91	0
4312	91	0
4313	91	0
4314	91	0
4315	91	0
4316	90	0
4317	90	0
4318	90	0
4319	91	0
4320	90	0
4321	91	0
4322	90	0
4323	91	0
4324	91	0
4325	90	0
4326	91	0
4327	91	0
4328	90	0
4329	91	0
4330	91	0
4331	90	0
4332	90	0
4333	90	0
4334	91	0
4335	90	0
4336	91	0
4337	91	0
4338	90	0
4339	91	0
4340	90	0
4341	90	0
4342	91	0
4343	91	0
4344	90	0
4345	91	0
4346	91	0
4347	91	0
4348	90	0
4349	90	0
4350	90	0
4351	91	0
4352	91	0
4353	91	0
4354	91	0
4355	91	0
4356	90	0
4357	90	0
4358	91	0
4359	91	0
4360	91	0
4361	91	0
4362	90	0
4363	90	0
4364	90	0
4365	91	0
4366	91	0
4367	91	0
4368	91	0
4369	91	0
4370	91	0
4371	91	0
4372	91	0
4373	91	0
4374	91	0
4375	91	0
4376	91	0
4377	90	0
4378	91	0
4379	91	0
4380	91	0
4381	91	0
4382	90	0
4383	90	0
4384	90	0
4385	90	0
4386	91	0
4387	90	0
4388	91	0
4389	91	0
4390	90	0
4391	90	0
4392	91	0
4393	91	0
4394	91	0
4395	91	0
4396	91	0
4397	90	0
4398	91	0
4399	90	0
4400	91	0
4401	91	0
4402	91	0
4403	91	0
4404	91	0
4405	90	0
4406	91	0
4407	90	0
4408	91	0
4409	91	0
4410	90	0
4411	90	0
4412	91	0
4413	91	0
4414	90	0
4415	91	0
4416	90	0
4417	91	0
4418	91	0
4419	91	0
4420	91	0
4421	90	0
4422	90	0
4423	90	0
4424	90	0
4425	91	0
4426	91	0
4427	90	0
4428	91	0
4429	90	0
4430	91	0
4431	91	0
4432	90	0
4433	90	0
4434	90	0
4435	90	0
4436	91	0
4437	90	0
4438	91	0
4439	91	0
4440	90	0
4441	91	0
4442	90	0
4443	91	0
4444	90	0
4445	90	0
4446	91	0
4447	91	0
4448	91	0
4449	91	0
4450	90	0
4451	90	0
4452	91	0
4453	91	0
4454	91	0
4455	91	0
4456	90	0
4457	90	0
4458	91	0
4459	91	0
4460	91	0
4461	91	0
4462	90	0
4463	90	0
4464	91	0
4465	91	0
4466	92	0
4467	93	0
4468	95	0
4469	97	0
4470	100	0
4471	102	0
4472	105	0
4473	109	0
4474	110	0
4475	113	0
4476	115	0
4477	120	0
4478	123	0
4479	129	0
4480	133	0
4481	137	0
4482	141	0
4483	146	0
4484	151	0
4485	156	0
4486	161	0
4487	169	0
4488	172	0
4489	171	0
4490	171	0
4491	171	0
4492	171	0
4493	172	0
4494	171	0
4495	171	0
4496	171	0
4497	172	0
4498	171	0
4499	171	0
4500	171	0
4501	172	0
4502	171	0
4503	171	0
4504	171	0
4505	171	0
4506	172	0
4507	171	0
4508	172	0
4509	171	0
4510	171	0
4511	172	0
4512	172	0
4513	172	0
4514	173	0
4515	172	0
4516	172	0
4517	173	0
4518	172	0
4519	172	0
4520	171	0
4521	171	0
4522	171	0
4523	171	0
4524	172	0
4525	171	0
4526	171	0
4527	172	0
4528	171	0
4529	172	0
4530	172	0
4531	171	0
4532	171	0
4533	171	0
4534	172	0
4535	171	0
4536	171	0
4537	171	0
4538	171	0
4539	171	0
4540	172	0
4541	173	0
4542	173	0
4543	176	0
4544	179	0
4545	181	0
4546	184	0
4547	187	0
4548	190	0
4549	193	0
4550	195	0
4551	197	0
4552	200	0
4553	201	0
4554	205	0
4555	208	0
4556	210	0
4557	212	0
4558	213	0
4559	216	0
4560	217	0
4561	221	0
4562	223	0
4563	225	0
4564	227	0
4565	229	0
4566	231	0
4567	234	0
4568	237	0
4569	239	0
4570	242	0
4571	245	0
4572	248	0
4573	249	0
4574	253	0
4575	253	0
4576	253	0
4577	253	0
4578	253	0
4579	253	0
4580	253	0
4581	253	0
4582	253	0
4583	253	0
4584	253	0
4585	253	0
4586	253	0
4587	253	0
4588	253	0
4589	253	0
4590	253	0
4591	253	0
4592	254	0
4593	253	0
4594	253	0
4595	253	0
4596	253	0
4597	253	0
4598	253	0
4599	253	0
4600	253	0
4601	253	0
4602	253	0
4603	253	0
4604	253	0
4605	253	0
4606	253	0
4607	253	0
4608	253	0
4609	253	0
4610	253	0
4611	253	0
4612	253	0
4613	253	0
4614	253	0
4615	253	0
4616	253	0
4617	253	0
4618	253	0
4619	253	0
4620	253	0
4621	254	0
4622	253	0
4623	253	0
4624	254	0
4625	253	0
4626	253	0
4627	253	0
4628	253	0
4629	253	0
4630	253	0
4631	253	0
4632	253	0
4633	253	0
4634	253	0
4635	253	0
4636	253	0
4637	253	0
4638	253	0
4639	253	0
4640	253	0
4641	253	0
4642	253	0
4643	253	0
4644	253	0
4645	253	0
4646	254	0
4647	253	0
4648	253	0
4649	253	0
4650	253	0
4651	253	0
4652	253	0
4653	254	0
4654	253	0
4655	253	0
4656	253	0
4657	253	0
4658	253	0
4659	253	0
4660	253	0
4661	253	0
4662	253	0
4663	254	0
4664	253	0
4665	253	0
4666	253	0
4667	253	0
4668	253	0
4669	253	0
4670	253	0
4671	253	0
4672	253	0
4673	253	0
4674	253	0
4675	253	0
4676	253	0
4677	253	0
4678	253	0
4679	253	0
4680	253	0
4681	253	0
4682	253	0
4683	253	0
4684	253	0
4685	253	0
4686	253	0
4687	253	0
4688	253	0
4689	253	0
4690	253	0
4691	253	0
4692	253	0
4693	253	0
4694	253	0
4695	253	0
4696	253	0
4697	253	0
4698	253	0
4699	253	0
4700	253	0
4701	253	0
4702	253	0
4703	254	0
4704	253	0
4705	253	0
4706	253	0
4707	253	0
4708	253	0
4709	254	0
4710	253	0
4711	253	0
4712	253	0
4713	253	0
4714	253	0
4715	253	0
4716	253	0
4717	253	0
4718	253	0
4719	253	0
4720	253	0
4721	254	0
4722	253	0
4723	253	0
4724	254	0
4725	253	0
4726	253	0
4727	253	0
4728	253	0
4729	253	0
4730	253	0
4731	253	0
4732	253	0
4733	253	0
4734	253	0
4735	253	0
4736	253	0
4737	253	0
4738	253	0
4739	253	0
4740	253	0
4741	253	0
4742	253	0
4743	253	0
4744	253	0
4745	253	0
4746	253	0
4747	254	0
4748	253	0
4749	253	0
4750	253	0
4751	253	0
4752	253	0
4753	253	0
4754	253	0
4755	254	0
4756	253	0
4757	254	0
4758	253	0
4759	253	0
4760	253	0
4761	254	0
4762	253	0
4763	253	0
4764	253	0
4765	254	0
4766	254	0
4767	253	0
4768	253	0
4769	253	0
4770	253	0
4771	253	0
4772	253	0
4773	254	0
4774	253	0
4775	253	0
4776	253	0
4777	253	0
4778	253	0
4779	253	0
4780	253	0
4781	253	0
4782	253	0
4783	253	0
4784	253	0
4785	253	0
4786	253	0
4787	253	0
4788	253	0
4789	253	0
4790	253	0
4791	253	0
4792	253	0
4793	253	0
4794	253	0
4795	253	0
4796	253	0
4797	253	0
4798	253	0
4799	253	0
4800	253	0
4801	253	0
4802	253	0
4803	253	0
4804	253	0
4805	253	0
4806	253	0
4807	253	0
4808	253	0
4809	253	0
4810	253	0
4811	253	0
4812	253	0
4813	253	0
4814	253	0
4815	253	0
4816	253	0
4817	253	0
4818	253	0
4819	253	0
4820	254	0
4821	253	0
4822	253	0
4823	253	0
4824	253	0
4825	253	0
4826	253	0
4827	253	0
4828	253	0
4829	253	0
4830	253	0
4831	253	0
4832	253	0
4833	253	0
4834	253	0
4835	253	0
4836	253	0
4837	253	0
4838	253	0
4839	253	0
4840	253	0
4841	253	0
4842	253	0
4843	253	0
4844	253	0
4845	253	0
4846	253	0
4847	253	0
4848	253	0
4849	253	0
4850	253	0
4851	253	0
4852	253	0
4853	253	0
4854	253	0
4855	254	0
4856	253	0
4857	254	0
4858	253	0
4859	253	0
4860	253	0
4861	253	0
4862	253	0
4863	253	0
4864	253	0
4865	254	0
4866	253	0
4867	253	0
4868	253	0
4869	253	0
4870	254	0
4871	253	0
4872	253	0
4873	253	0
4874	253	0
4875	253	0
4876	253	0
4877	253	0
4878	253	0
4879	253	0
4880	253	0
4881	254	0
4882	253	0
4883	254	0
4884	253	0
4885	253	0
4886	253	0
4887	253	0
4888	253	0
4889	253	0
4890	253	0
4891	253	0
4892	253	0
4893	253	0
4894	253	0
4895	253	0
4896	253	0
4897	253	0
4898	253	0
4899	253	0
4900	253	0
4901	253	0
4902	253	0
4903	253	0
4904	253	0
4905	253	0
4906	253	0
4907	254	0
4908	253	0
4909	253	0
4910	253	0
4911	253	0
4912	253	0
4913	253	0
4914	253	0
4915	253	0
4916	253	0
4917	253	0
4918	253	0
4919	253	0
4920	253	0
4921	253	0
4922	253	0
4923	253	0
4924	254	0
4925	253	0
4926	253	0
4927	253	0
4928	253	0
4929	253	0
4930	253	0
4931	253	0
4932	253	0
4933	253	0
4934	253	0
4935	253	0
4936	253	0
4937	253	0
4938	253	0
4939	254	0
4940	253	0
4941	253	0
4942	253	0
4943	253	0
4944	253	0
4945	253	0
4946	253	0
4947	253	0
4948	253	0
4949	254	0
4950	254	0
4951	253	0
4952	253	0
4953	253	0
4954	253	0
4955	253	0
4956	253	0
4957	253	0
4958	253	0
4959	253	0
4960	253	0
4961	253	0
4962	253	0
4963	253	0
4964	253	0
4965	253	0
4966	253	0
4967	253	0
4968	253	0
4969	253	0
4970	253	0
4971	253	0
4972	253	0
4973	253	0
4974	253	0
4975	254	0
4976	253	0
4977	253	0
4978	253	0
4979	253	0
4980	253	0
4981	253	0
4982	253	0
4983	253	0
4984	253	0
4985	253	0
4986	253	0
4987	253	0
4988	253	0
4989	253	0
4990	253	0
4991	253	0
4992	253	0
4993	253	0
4994	253	0
4995	253	0
4996	253	0
4997	254	0
4998	253	0
4999	253	0
5000	253	0
5001	253	0
5002	253	0
5003	253	0
5004	253	0
5005	253	0
5006	253	0
5007	253	0
5008	253	0
5009	253	0
5010	253	0
5011	253	0
5012	253	0
5013	253	0
5014	253	0
5015	253	0
5016	253	0
5017	253	0
5018	253	0
5019	253	0
5020	253	0
5021	253	0
5022	253	0
5023	253	0
5024	253	0
5025	253	0
5026	253	0
5027	253	0
5028	253	0
5029	253	0
5030	253	0
5031	253	0
5032	253	0
5033	253	0
5034	253	0
5035	253	0
5036	253	0
5037	253	0
5038	253	0
5039	253	0
5040	253	0
5041	253	0
5042	253	0
5043	253	0
5044	253	0
5045	253	0
5046	253	0
5047	253	0
5048	253	0
5049	254	0
5050	253	0
5051	253	0
5052	253	0
5053	253	0
5054	253	0
5055	253	0
5056	253	0
5057	253	0
5058	253	0
5059	253	0
5060	253	0
5061	253	0
5062	253	0
5063	253	0
5064	253	0
5065	253	0
5066	253	0
5067	251	0
5068	249	0
5069	249	0
5070	248	0
5071	247	0
5072	246	0
5073	245	0
5074	244	0
5075	243	0
5076	242	0
5077	241	0
5078	240	0
5079	239	0
5080	239	0
5081	239	0
5082	238	0
5083	237	0
5084	235	0
5085	235	0
5086	234	0
5087	233	0
5088	233	0
5089	232	0
5090	230	0
5091	230	0
5092	229	0
5093	229	0
5094	227	0
5095	226	0
5096	225	0
5097	225	0
5098	224	0
5099	222	0
5100	222	0
5101	222	0
5102	219	0
5103	218	0
5104	217	0
5105	216	0
5106	215	0
5107	215	0
5108	214	0
5109	213	0
5110	213	0
5111	210	0
5112	210	0
5113	209	0
5114	209	0
5115	208	0
5116	207	0
5117	205	0
5118	205	0
5119	203	0
5120	202	0
5121	201	0
5122	200	0
5123	198	0
5124	198	0
5125	196	0
5126	195	0
5127	195	0
5128	193	0
5129	191	0
5130	190	0
5131	190	0
5132	189	0
5133	188	0
5134	185	0
5135	184	0
5136	184	0
5137	183	0
5138	183	0
5139	182	0
5140	181	0
5141	179	0
5142	179	0
5143	177	0
5144	177	0
5145	175	0
5146	175	0
5147	174	0
5148	173	0
5149	173	0
5150	172	0
5151	171	0
5152	171	0
5153	171	0
5154	171	0
5155	172	0
5156	171	0
5157	171	0
5158	172	0
5159	171	0
5160	171	0
5161	171	0
5162	171	0
5163	172	0
5164	171	0
5165	172	0
5166	171	0
5167	172	0
5168	171	0
5169	172	0
5170	171	0
5171	171	0
5172	171	0
5173	172	0
5174	172	0
5175	172	0
5176	173	0
5177	172	0
5178	171	0
5179	172	0
5180	171	0
5181	172	0
5182	171	0
5183	171	0
5184	172	0
5185	172	0
5186	172	0
5187	172	0
5188	172	0
5189	171	0
5190	171	0
5191	172	0
5192	173	0
5193	171	0
5194	172	0
5195	173	0
5196	172	0
5197	171	0
5198	171	0
5199	172	0
5200	171	0
5201	171	0
5202	171	0
5203	171	0
5204	172	0
5205	171	0
5206	172	0
5207	171	0
5208	171	0
5209	171	0
5210	171	0
5211	171	0
5212	171	0
5213	172	0
5214	171	0
5215	171	0
5216	171	0
5217	172	0
5218	172	0
5219	172	0
5220	172	0
5221	171	0
5222	172	0
5223	171	0
5224	171	0
5225	171	0
5226	171	0
5227	171	0
5228	173	0
5229	171	0
5230	172	0
5231	171	0
5232	171	0
5233	171	0
5234	172	0
5235	171	0
5236	173	0
5237	171	0
5238	171	0
5239	171	0
5240	171	0
5241	172	0
5242	171	0
5243	171	0
5244	172	0
5245	171	0
5246	172	0
5247	172	0
5248	172	0
5249	173	0
5250	174	0
5251	176	0
5252	176	0
5253	177	0
5254	179	0
5255	180	0
5256	181	0
5257	182	0
5258	183	0
5259	184	0
5260	185	0
5261	187	0
5262	189	0
5263	190	0
5264	191	0
5265	191	0
5266	193	0
5267	194	0
5268	196	0
5269	197	0
5270	198	0
5271	199	0
5272	201	0
5273	203	0
5274	204	0
5275	206	0
5276	207	0
5277	209	0
5278	209	0
5279	211	0
5280	213	0
5281	214	0
5282	215	0
5283	217	0
5284	218	0
5285	221	0
5286	222	0
5287	223	0
5288	224	0
5289	225	0
5290	227	0
5291	229	0
5292	229	0
5293	230	0
5294	233	0
5295	234	0
5296	235	0
5297	238	0
5298	239	0
5299	240	0
5300	241	0
5301	243	0
5302	245	0
5303	247	0
5304	247	0
5305	249	0
5306	251	0
5307	253	0
5308	253	0
5309	253	0
5310	253	0
5311	253	0
5312	253	0
5313	253	0
5314	253	0
5315	253	0
5316	253	0
5317	253	0
5318	253	0
5319	253	0
5320	253	0
5321	253	0
5322	253	0
5323	253	0
5324	253	0
5325	253	0
5326	253	0
5327	253	0
5328	254	0
5329	253	0
5330	253	0
5331	253	0
5332	253	0
5333	253	0
5334	253	0
5335	253	0
5336	253	0
5337	253	0
5338	253	0
5339	253	0
5340	253	0
5341	253	0
5342	253	0
5343	253	0
5344	253	0
5345	253	0
5346	253	0
5347	253	0
5348	253	0
5349	253	0
5350	253	0
5351	253	0
5352	253	0
5353	253	0
5354	253	0
5355	253	0
5356	253	0
5357	253	0
5358	253	0
5359	253	0
5360	253	0
5361	253	0
5362	254	0
5363	253	0
5364	253	0
5365	253	0
5366	253	0
5367	253	0
5368	253	0
5369	253	0
5370	253	0
5371	253	0
5372	253	0
5373	253	0
5374	253	0
5375	253	0
5376	253	0
5377	253	0
5378	253	0
5379	253	0
5380	253	0
5381	253	0
5382	253	0
5383	253	0
5384	253	0
5385	253	0
5386	253	0
5387	253	0
5388	253	0
5389	253	0
5390	253	0
5391	253	0
5392	254	0
5393	253	0
5394	253	0
5395	253	0
5396	253	0
5397	253	0
5398	253	0
5399	253	0
5400	253	0
5401	253	0
5402	253	0
5403	253	0
5404	253	0
5405	253	0
5406	253	0
5407	253	0
5408	253	0
5409	254	0
5410	253	0
5411	253	0
5412	254	0
5413	253	0
5414	253	0
5415	253	0
5416	253	0
5417	253	0
5418	253	0
5419	253	0
5420	253	0
5421	253	0
5422	253	0
5423	254	0
5424	253	0
5425	253	0
5426	253	0
5427	253	0
5428	253	0
5429	253	0
5430	253	0
5431	253	0
5432	253	0
5433	253	0
5434	253	0
5435	253	0
5436	253	0
5437	253	0
5438	254	0
5439	254	0
5440	253	0
5441	253	0
5442	253	0
5443	254	0
5444	253	0
5445	253	0
5446	254	0
5447	254	0
5448	253	0
5449	253	0
5450	253	0
5451	253	0
5452	253	0
5453	253	0
5454	253	0
5455	253	0
5456	253	0
5457	253	0
5458	253	0
5459	253	0
5460	253	0
5461	253	0
5462	253	0
5463	253	0
5464	253	0
5465	253	0
5466	254	0
5467	253	0
5468	253	0
5469	253	0
5470	253	0
5471	253	0
5472	253	0
5473	253	0
5474	253	0
5475	253	0
5476	253	0
5477	253	0
5478	253	0
5479	253	0
5480	254	0
5481	253	0
5482	253	0
5483	253	0
5484	253	0
5485	253	0
5486	253	0
5487	253	0
5488	253	0
5489	253	0
5490	253	0
5491	253	0
5492	253	0
5493	253	0
5494	253	0
5495	253	0
5496	253	0
5497	253	0
5498	253	0
5499	253	0
5500	253	0
5501	253	0
5502	253	0
5503	253	0
5504	253	0
5505	253	0
5506	253	0
5507	253	0
5508	253	0
5509	253	0
5510	253	0
5511	253	0
5512	253	0
5513	253	0
5514	253	0
5515	253	0
5516	253	0
5517	253	0
5518	253	0
5519	253	0
5520	253	0
5521	249	0
5522	247	0
5523	242	0
5524	239	0
5525	235	0
5526	230	0
5527	227	0
5528	222	0
5529	217	0
5530	212	0
5531	207	0
5532	201	0
5533	197	0
5534	190	0
5535	186	0
5536	182	0
5537	177	0
5538	172	0
5539	171	0
5540	171	0
5541	171	0
5542	171	0
5543	171	0
5544	172	0
5545	172	0
5546	173	0
5547	173	0
5548	172	0
5549	172	0
5550	172	0
5551	172	0
5552	171	0
5553	172	0
5554	171	0
5555	171	0
5556	172	0
5557	171	0
5558	171	0
5559	172	0
5560	171	0
5561	172	0
5562	171	0
5563	172	0
5564	171	0
5565	172	0
5566	172	0
5567	172	0
5568	171	0
5569	172	0
5570	171	0
5571	171	0
5572	171	0
5573	172	0
5574	173	0
5575	171	0
5576	173	0
5577	171	0
5578	171	0
5579	171	0
5580	172	0
5581	171	0
5582	172	0
5583	171	0
5584	172	0
5585	171	0
5586	171	0
5587	171	0
5588	172	0
5589	171	0
5590	171	0
5591	171	0
5592	171	0
5593	171	0
5594	171	0
5595	171	0
5596	171	0
5597	171	0
5598	172	0
5599	171	0
5600	172	0
5601	172	0
5602	172	0
5603	172	0
5604	171	0
5605	171	0
5606	172	0
5607	172	0
5608	171	0
5609	171	0
5610	171	0
5611	171	0
5612	171	0
5613	172	0
5614	173	0
5615	171	0
5616	171	0
5617	172	0
5618	171	0
5619	171	0
5620	172	0
5621	172	0
5622	171	0
5623	172	0
5624	171	0
5625	172	0
5626	171	0
5627	171	0
5628	172	0
5629	171	0
5630	172	0
5631	171	0
5632	173	0
5633	172	0
5634	172	0
5635	171	0
5636	172	0
5637	172	0
5638	171	0
5639	171	0
5640	172	0
5641	172	0
5642	171	0
5643	171	0
5644	171	0
5645	172	0
5646	172	0
5647	171	0
5648	171	0
5649	171	0
5650	171	0
5651	171	0
5652	172	0
5653	172	0
5654	172	0
5655	172	0
5656	172	0
5657	171	0
5658	171	0
5659	172	0
5660	171	0
5661	171	0
5662	172	0
5663	171	0
5664	171	0
5665	171	0
5666	171	0
5667	171	0
5668	171	0
5669	172	0
5670	171	0
5671	171	0
5672	171	0
5673	171	0
5674	171	0
5675	171	0
5676	171	0
5677	171	0
5678	172	0
5679	171	0
5680	172	0
5681	171	0
5682	171	0
5683	171	0
5684	171	0
5685	171	0
5686	171	0
5687	171	0
5688	171	0
5689	171	0
5690	171	0
5691	171	0
5692	171	0
5693	171	0
5694	171	0
5695	172	0
5696	171	0
5697	172	0
5698	171	0
5699	171	0
5700	171	0
5701	171	0
5702	172	0
5703	172	0
5704	172	0
5705	171	0
5706	171	0
5707	172	0
5708	171	0
5709	172	0
5710	172	0
5711	171	0
5712	171	0
5713	171	0
5714	171	0
5715	171	0
5716	171	0
5717	171	0
5718	171	0
5719	171	0
5720	172	0
5721	171	0
5722	171	0
5723	171	0
5724	171	0
5725	171	0
5726	171	0
5727	171	0
5728	171	0
5729	171	0
5730	171	0
5731	172	0
5732	171	0
5733	171	0
5734	172	0
5735	172	0
5736	171	0
5737	171	0
5738	172	0
5739	172	0
5740	171	0
5741	172	0
5742	171	0
5743	171	0
5744	171	0
5745	171	0
5746	172	0
5747	171	0
5748	173	0
5749	172	0
5750	171	0
5751	171	0
5752	172	0
5753	172	0
5754	172	0
5755	172	0
5756	171	0
5757	171	0
5758	172	0
5759	172	0
5760	173	0
5761	171	0
5762	171	0
5763	171	0
5764	171	0
5765	172	0
5766	171	0
5767	172	0
5768	172	0
5769	172	0
5770	171	0
5771	171	0
5772	172	0
5773	171	0
5774	171	0
5775	171	0
5776	171	0
5777	172	0
5778	172	0
5779	173	0
5780	171	0
5781	171	0
5782	171	0
5783	171	0
5784	169	0
5785	169	0
5786	168	0
5787	166	0
5788	165	0
5789	165	0
5790	163	0
5791	162	0
5792	161	0
5793	160	0
5794	160	0
5795	159	0
5796	157	0
5797	156	0
5798	155	0
5799	154	0
5800	154	0
5801	153	0
5802	151	0
5803	151	0
5804	149	0
5805	148	0
5806	147	0
5807	145	0
5808	145	0
5809	144	0
5810	143	0
5811	142	0
5812	141	0
5813	140	0
5814	139	0
5815	138	0
5816	137	0
5817	135	0
5818	134	0
5819	133	0
5820	133	0
5821	131	0
5822	129	0
5823	128	0
5824	129	0
5825	127	0
5826	126	0
5827	125	0
5828	124	0
5829	123	0
5830	123	0
5831	121	0
5832	121	0
5833	119	0
5834	118	0
5835	117	0
5836	116	0
5837	115	0
5838	115	0
5839	114	0
5840	113	0
5841	113	0
5842	112	0
5843	111	0
5844	111	0
5845	110	0
5846	110	0
5847	110	0
5848	109	0
5849	109	0
5850	109	0
5851	108	0
5852	108	0
5853	107	0
5854	107	0
5855	106	0
5856	106	0
5857	105	0
5858	105	0
5859	105	0
5860	105	0
5861	105	0
5862	104	0
5863	104	0
5864	103	0
5865	103	0
5866	103	0
5867	103	0
5868	103	0
5869	103	0
5870	102	0
5871	102	0
5872	102	0
5873	102	0
5874	103	0
5875	102	0
5876	102	0
5877	101	0
5878	102	0
5879	102	0
5880	102	0
5881	102	0
5882	101	0
5883	102	0
5884	101	0
5885	102	0
5886	101	0
5887	101	0
5888	101	0
5889	101	0
5890	101	0
5891	101	0
5892	101	0
5893	101	0
5894	101	0
5895	99	0
5896	100	0
5897	100	0
5898	99	0
5899	99	0
5900	100	0
5901	99	0
5902	98	0
5903	98	0
5904	97	0
5905	97	0
5906	97	0
5907	97	0
5908	97	0
5909	96	0
5910	96	0
5911	97	0
5912	95	0
5913	94	0
5914	95	0
5915	94	0
5916	93	0
5917	94	0
5918	93	0
5919	93	0
5920	93	0
5921	93	0
5922	93	0
5923	93	0
5924	92	0
5925	91	0
5926	91	0
5927	91	0
5928	90	0
5929	91	0
5930	90	0
5931	90	0
5932	91	0
5933	91	0
5934	90	0
5935	90	0
5936	91	0
5937	90	0
5938	91	0
5939	91	0
5940	91	0
5941	91	0
5942	91	0
5943	91	0
5944	90	0
5945	91	0
5946	91	0
5947	91	0
5948	91	0
5949	90	0
5950	90	0
5951	91	0
5952	91	0
5953	91	0
5954	91	0
5955	91	0
5956	90	0
5957	91	0
5958	91	0
5959	91	0
5960	91	0
5961	91	0
5962	90	0
5963	90	0
5964	91	0
5965	90	0
5966	90	0
5967	91	0
5968	91	0
5969	91	0
5970	91	0
5971	91	0
5972	91	0
5973	91	0
5974	91	0
5975	91	0
5976	90	0
5977	90	0
5978	91	0
5979	91	0
5980	91	0
5981	91	0
5982	90	0
5983	90	0
5984	90	0
5985	91	0
5986	90	0
5987	91	0
5988	90	0
5989	91	0
5990	91	0
5991	91	0
5992	90	0
5993	91	0
5994	91	0
5995	91	0
5996	91	0
5997	91	0
5998	91	0
5999	90	0
6000	91	0
6001	90	0
6002	91	0
6003	91	0
6004	90	0
6005	91	0
6006	91	0
6007	91	0
6008	91	0
6009	90	0
6010	91	0
6011	91	0
6012	91	0
6013	91	0
6014	91	0
6015	90	0
6016	91	0
6017	91	0
6018	91	0
6019	90	0
6020	91	0
6021	91	0
6022	91	0
6023	90	0
6024	91	0
6025	90	0
6026	91	0
6027	90	0
6028	91	0
6029	90	0
6030	90	0
6031	91	0
6032	91	0
6033	90	0
6034	91	0
6035	90	0
6036	90	0
6037	91	0
6038	90	0
6039	90	0
6040	91	0
6041	91	0
6042	91	0
6043	91	0
6044	90	0
6045	91	0
6046	90	0
6047	91	0
6048	91	0
6049	90	0
6050	91	0
6051	90	0
6052	91	0
6053	91	0
6054	90	0
6055	91	0
6056	91	0
6057	89	0
6058	91	0
6059	90	0
6060	91	0
6061	91	0
6062	91	0
6063	90	0
6064	90	0
6065	90	0
6066	91	0
6067	91	0
6068	89	0
6069	90	0
6070	91	0
6071	91	0
6072	91	0
6073	90	0
6074	91	0
6075	91	0
6076	91	0
6077	91	0
6078	91	0
6079	91	0
6080	91	0
6081	91	0
6082	90	0
6083	90	0
6084	91	0
6085	90	0
6086	90	0
6087	91	0
6088	91	0
6089	91	0
6090	90	0
6091	90	0
6092	91	0
6093	91	0
6094	90	0
6095	91	0
6096	90	0
6097	91	0
6098	91	0
6099	91	0
6100	91	0
6101	91	0
6102	91	0
6103	91	0
6104	91	0
6105	91	0
6106	91	0
6107	91	0
6108	91	0
6109	91	0
6110	91	0
6111	91	0
6112	90	0
6113	91	0
6114	91	0
6115	90	0
6116	91	0
6117	90	0
6118	91	0
6119	90	0
6120	90	0
6121	90	0
6122	90	0
6123	90	0
6124	90	0
6125	91	0
6126	90	0
6127	91	0
6128	91	0
6129	91	0
6130	90	0
6131	91	0
6132	91	0
6133	91	0
6134	91	0
6135	91	0
6136	90	0
6137	91	0
6138	91	0
6139	90	0
6140	91	0
6141	91	0
6142	91	0
6143	90	0
6144	90	0
6145	91	0
6146	91	0
6147	91	0
6148	91	0
6149	90	0
6150	90	0
6151	91	0
6152	91	0
6153	91	0
6154	91	0
6155	90	0
6156	91	0
6157	91	0
6158	90	0
6159	91	0
6160	91	0
6161	91	0
6162	91	0
6163	90	0
6164	90	0
6165	91	0
6166	90	0
6167	91	0
6168	91	0
6169	90	0
6170	90	0
6171	90	0
6172	91	0
6173	91	0
6174	91	0
6175	91	0
6176	91	0
6177	91	0
6178	91	0
6179	91	0
6180	91	0
6181	91	0
6182	90	0
6183	90	0
6184	91	0
6185	91	0
6186	90	0
6187	91	0
6188	91	0
6189	91	0
6190	90	0
6191	90	0
6192	90	0
6193	91	0
6194	91	0
6195	91	0
6196	90	0
6197	91	0
6198	90	0
6199	91	0
6200	90	0
6201	90	0
6202	91	0
6203	90	0
6204	91	0
6205	90	0
6206	90	0
6207	91	0
6208	90	0
6209	91	0
6210	91	0
6211	91	0
6212	91	0
6213	91	0
6214	91	0
6215	91	0
6216	91	0
6217	91	0
6218	91	0
6219	90	0
6220	90	0
6221	91	0
6222	91	0
6223	91	0
6224	91	0
6225	91	0
6226	91	0
6227	91	0
6228	91	0
6229	91	0
6230	91	0
6231	90	0
6232	91	0
6233	90	0
6234	91	0
6235	91	0
6236	91	0
6237	90	0
6238	91	0
6239	91	0
6240	91	0
6241	91	0
6242	90	0
6243	91	0
6244	91	0
6245	91	0
6246	90	0
6247	91	0
6248	90	0
6249	91	0
6250	90	0
6251	91	0
6252	90	0
6253	91	0
6254	90	0
6255	91	0
6256	91	0
6257	90	0
6258	91	0
6259	90	0
6260	90	0
6261	91	0
6262	90	0
6263	91	0
6264	91	0
6265	90	0
6266	91	0
6267	90	0
6268	90	0
6269	90	0
6270	91	0
6271	91	0
6272	90	0
6273	91	0
6274	91	0
6275	91	0
6276	91	0
6277	90	0
6278	90	0
6279	91	0
6280	91	0
6281	91	0
6282	91	0
6283	91	0
6284	91	0
6285	91	0
6286	90	0
6287	91	0
6288	91	0
6289	91	0
6290	91	0
6291	91	0
6292	91	0
6293	90	0
6294	91	0
6295	91	0
6296	90	0
6297	91	0
6298	90	0
6299	91	0
6300	91	0
6301	90	0
6302	91	0
6303	90	0
6304	90	0
6305	90	0
6306	91	0
6307	90	0
6308	90	0
6309	90	0
6310	91	0
6311	91	0
6312	91	0
6313	90	0
6314	91	0
6315	91	0
6316	90	0
6317	91	0
6318	91	0
6319	91	0
6320	91	0
6321	91	0
6322	90	0
6323	91	0
6324	91	0
6325	91	0
6326	91	0
6327	91	0
6328	91	0
6329	90	0
6330	90	0
6331	91	0
6332	91	0
6333	91	0
6334	90	0
6335	90	0
6336	91	0
6337	91	0
6338	91	0
6339	91	0
6340	91	0
6341	90	0
6342	91	0
6343	90	0
6344	91	0
6345	91	0
6346	90	0
6347	91	0
6348	91	0
6349	90	0
6350	90	0
6351	91	0
6352	91	0
6353	91	0
6354	90	0
6355	91	0
6356	91	0
6357	90	0
6358	91	0
6359	90	0
6360	91	0
6361	90	0
6362	91	0
6363	90	0
6364	90	0
6365	91	0
6366	91	0
6367	91	0
6368	91	0
6369	90	0
6370	91	0
6371	91	0
6372	91	0
6373	91	0
6374	91	0
6375	90	0
6376	90	0
6377	90	0
6378	91	0
6379	90	0
6380	90	0
6381	91	0
6382	91	0
6383	90	0
6384	91	0
6385	91	0
6386	91	0
6387	91	0
6388	90	0
6389	91	0
6390	91	0
6391	91	0
6392	91	0
6393	90	0
6394	91	0
6395	91	0
6396	90	0
6397	91	0
6398	90	0
6399	91	0
6400	90	0
6401	90	0
6402	90	0
6403	91	0
6404	91	0
6405	91	0
6406	91	0
6407	91	0
6408	91	0
6409	91	0
6410	90	0
6411	91	0
6412	90	0
6413	91	0
6414	90	0
6415	90	0
6416	90	0
6417	91	0
6418	91	0
6419	91	0
6420	90	0
6421	89	0
6422	91	0
6423	90	0
6424	91	0
6425	91	0
6426	91	0
6427	91	0
6428	90	0
6429	90	0
6430	90	0
6431	90	0
6432	91	0
6433	91	0
6434	91	0
6435	90	0
6436	91	0
6437	91	0
6438	90	0
6439	90	0
6440	91	0
6441	91	0
6442	91	0
6443	91	0
6444	90	0
6445	90	0
6446	90	0
6447	91	0
6448	91	0
6449	91	0
6450	91	0
6451	91	0
6452	90	0
6453	91	0
6454	91	0
6455	91	0
6456	90	0
6457	91	0
6458	91	0
6459	90	0
6460	91	0
6461	90	0
6462	91	0
6463	91	0
6464	90	0
6465	91	0
6466	91	0
6467	91	0
6468	91	0
6469	91	0
6470	91	0
6471	91	0
6472	91	0
6473	91	0
6474	91	0
6475	90	0
6476	91	0
6477	91	0
6478	91	0
6479	91	0
6480	91	0
6481	90	0
6482	90	0
6483	90	0
6484	91	0
6485	91	0
6486	91	0
6487	91	0
6488	91	0
6489	90	0
6490	90	0
6491	91	0
6492	90	0
6493	91	0
6494	90	0
6495	91	0
6496	91	0
6497	90	0
6498	91	0
6499	91	0
6500	91	0
6501	90	0
6502	91	0
6503	91	0
6504	91	0
6505	91	0
6506	90	0
6507	91	0
6508	91	0
6509	90	0
6510	91	0
6511	91	0
6512	91	0
6513	90	0
6514	91	0
6515	91	0
6516	91	0
6517	91	0
6518	91	0
6519	90	0
6520	91	0
6521	91	0
6522	90	0
6523	91	0
6524	91	0
6525	90	0
6526	91	0
6527	91	0
6528	89	0
6529	91	0
6530	91	0
6531	91	0
6532	94	0
6533	97	0
6534	99	0
6535	103	0
6536	107	0
6537	109	0
6538	113	0
6539	117	0
6540	120	0
6541	123	0
6542	128	0
6543	131	0
6544	135	0
6545	137	0
6546	141	0
6547	145	0
6548	148	0
6549	153	0
6550	153	0
6551	157	0
6552	161	0
6553	161	0
6554	165	0
6555	167	0
6556	169	0
6557	171	0
6558	171	0
6559	172	0
6560	171	0
6561	172	0
6562	171	0
6563	172	0
6564	172	0
6565	171	0
6566	171	0
6567	172	0
6568	171	0
6569	171	0
6570	171	0
6571	172	0
6572	171	0
6573	172	0
6574	171	0
6575	171	0
6576	171	0
6577	171	0
6578	172	0
6579	171	0
6580	171	0
6581	171	0
6582	172	0
6583	171	0
6584	171	0
6585	171	0
6586	172	0
6587	171	0
6588	171	0
6589	172	0
6590	171	0
6591	171	0
6592	171	0
6593	171	0
6594	171	0
6595	171	0
6596	171	0
6597	172	0
6598	171	0
6599	172	0
6600	171	0
6601	171	0
6602	172	0
6603	171	0
6604	172	0
6605	172	0
6606	173	0
6607	175	0
6608	176	0
6609	178	0
6610	179	0
6611	180	0
6612	181	0
6613	182	0
6614	182	0
6615	183	0
6616	185	0
6617	185	0
6618	186	0
6619	188	0
6620	189	0
6621	189	0
6622	191	0
6623	191	0
6624	193	0
6625	193	0
6626	195	0
6627	196	0
6628	197	0
6629	198	0
6630	199	0
6631	201	0
6632	201	0
6633	203	0
6634	204	0
6635	205	0
6636	206	0
6637	207	0
6638	209	0
6639	209	0
6640	210	0
6641	212	0
6642	212	0
6643	213	0
6644	214	0
6645	214	0
6646	215	0
6647	215	0
6648	216	0
6649	217	0
6650	217	0
6651	219	0
6652	220	0
6653	221	0
6654	222	0
6655	223	0
6656	223	0
6657	223	0
6658	224	0
6659	225	0
6660	225	0
6661	227	0
6662	227	0
6663	228	0
6664	230	0
6665	230	0
6666	231	0
6667	232	0
6668	233	0
6669	233	0
6670	233	0
6671	234	0
6672	235	0
6673	237	0
6674	237	0
6675	238	0
6676	239	0
6677	239	0
6678	240	0
6679	241	0
6680	241	0
6681	242	0
6682	243	0
6683	244	0
6684	245	0
6685	245	0
6686	246	0
6687	247	0
6688	247	0
6689	248	0
6690	249	0
6691	249	0
6692	249	0
6693	251	0
6694	252	0
6695	253	0
6696	253	0
6697	253	0
6698	253	0
6699	253	0
6700	253	0
6701	253	0
6702	253	0
6703	253	0
6704	253	0
6705	253	0
6706	253	0
6707	253	0
6708	253	0
6709	253	0
6710	253	0
6711	253	0
6712	253	0
6713	253	0
6714	253	0
6715	253	0
6716	253	0
6717	253	0
6718	253	0
6719	253	0
6720	254	0
6721	253	0
6722	253	0
6723	253	0
6724	253	0
6725	253	0
6726	253	0
6727	253	0
6728	253	0
6729	253	0
6730	253	0
6731	253	0
6732	253	0
6733	253	0
6734	253	0
6735	253	0
6736	253	0
6737	253	0
6738	253	0
6739	253	0
6740	253	0
6741	253	0
6742	253	0
6743	253	0
6744	253	0
6745	253	0
6746	253	0
6747	253	0
6748	253	0
6749	254	0
6750	253	0
6751	253	0
6752	253	0
6753	253	0
6754	253	0
6755	253	0
6756	253	0
6757	253	0
6758	253	0
6759	253	0
6760	253	0
6761	253	0
6762	253	0
6763	253	0
6764	253	0
6765	253	0
6766	253	0
6767	253	0
6768	253	0
6769	253	0
6770	253	0
6771	253	0
6772	253	0
6773	253	0
6774	253	0
6775	253	0
6776	253	0
6777	253	0
6778	253	0
6779	253	0
6780	253	0
6781	253	0
6782	253	0
6783	253	0
6784	253	0
6785	253	0
6786	253	0
6787	253	0
6788	253	0
6789	253	0
6790	253	0
6791	253	0
6792	253	0
6793	253	0
6794	253	0
6795	253	0
6796	253	0
6797	253	0
6798	253	0
6799	253	0
6800	253	0
6801	253	0
6802	253	0
6803	253	0
6804	254	0
6805	253	0
6806	253	0
6807	253	0
6808	253	0
6809	253	0
6810	253	0
6811	253	0
6812	253	0
6813	253	0
6814	253	0
6815	253	0
6816	253	0
6817	253	0
6818	253	0
6819	253	0
6820	253	0
6821	253	0
6822	253	0
6823	253	0
6824	253	0
6825	253	0
6826	253	0
6827	253	0
6828	253	0
6829	253	0
6830	253	0
6831	253	0
6832	253	0
6833	253	0
6834	253	0
6835	253	0
6836	253	0
6837	253	0
6838	253	0
6839	253	0
6840	253	0
6841	253	0
6842	253	0
6843	253	0
6844	253	0
6845	254	0
6846	253	0
6847	253	0
6848	253	0
6849	253	0
6850	253	0
6851	253	0
6852	253	0
6853	253	0
6854	253	0
6855	253	0
6856	254	0
6857	253	0
6858	253	0
6859	253	0
6860	253	0
6861	253	0
6862	253	0
6863	253	0
6864	253	0
6865	253	0
6866	253	0
6867	253	0
6868	253	0
6869	253	0
6870	253	0
6871	253	0
6872	253	0
6873	253	0
6874	253	0
6875	253	0
6876	253	0
6877	253	0
6878	254	0
6879	253	0
6880	253	0
6881	253	0
6882	253	0
6883	253	0
6884	253	0
6885	253	0
6886	253	0
6887	253	0
6888	253	0
6889	253	0
6890	253	0
6891	253	0
6892	253	0
6893	253	0
6894	253	0
6895	253	0
6896	253	0
6897	253	0
6898	253	0
6899	253	0
6900	253	0
6901	253	0
6902	253	0
6903	253	0
6904	253	0
6905	253	0
6906	253	0
6907	253	0
6908	253	0
6909	253	0
6910	253	0
6911	253	0
6912	253	0
6913	253	0
6914	253	0
6915	253	0
6916	253	0
6917	253	0
6918	253	0
6919	253	0
6920	253	0
6921	253	0
6922	253	0
6923	253	0
6924	253	0
6925	253	0
6926	253	0
6927	253	0
6928	253	0
6929	253	0
6930	253	0
6931	253	0
6932	253	0
6933	253	0
6934	253	0
6935	253	0
6936	253	0
6937	253	0
6938	253	0
6939	253	0
6940	253	0
6941	253	0
6942	253	0
6943	253	0
6944	253	0
6945	253	0
6946	254	0
6947	253	0
6948	254	0
6949	253	0
6950	253	0
6951	253	0
6952	253	0
6953	253	0
6954	253	0
6955	253	0
6956	253	0
6957	253	0
6958	253	0
6959	253	0
6960	253	0
6961	253	0
6962	253	0
6963	253	0
6964	253	0
6965	253	0
6966	253	0
6967	253	0
6968	253	0
6969	253	0
6970	253	0
6971	253	0
6972	253	0
6973	253	0
6974	253	0
6975	253	0
6976	253	0
6977	253	0
6978	253	0
6979	253	0
6980	253	0
6981	253	0
6982	253	0
6983	253	0
6984	253	0
6985	253	0
6986	253	0
6987	253	0
6988	253	0
6989	253	0
6990	253	0
6991	253	0
6992	253	0
6993	253	0
6994	254	0
6995	253	0
6996	253	0
6997	253	0
6998	253	0
6999	253	0
7000	253	0
7001	253	0
7002	253	0
7003	253	0
7004	253	0
7005	253	0
7006	253	0
7007	253	0
7008	253	0
7009	253	0
7010	253	0
7011	254	0
7012	253	0
7013	253	0
7014	253	0
7015	253	0
7016	253	0
7017	253	0
7018	253	0
7019	250	0
7020	247	0
7021	244	0
7022	240	0
7023	237	0
7024	235	0
7025	230	0
7026	229	0
7027	225	0
7028	223	0
7029	220	0
7030	216	0
7031	213	0
7032	211	0
7033	209	0
7034	205	0
7035	202	0
7036	199	0
7037	197	0
7038	195	0
7039	191	0
7040	190	0
7041	187	0
7042	185	0
7043	183	0
7044	181	0
7045	178	0
7046	176	0
7047	174	0
7048	172	0
7049	173	0
7050	171	0
7051	172	0
7052	172	0
7053	173	0
7054	171	0
7055	172	0
7056	172	0
7057	172	0
7058	171	0
7059	172	0
7060	172	0
7061	172	0
7062	172	0
7063	171	0
7064	171	0
7065	172	0
7066	172	0
7067	171	0
7068	171	0
7069	172	0
7070	171	0
7071	172	0
7072	172	0
7073	172	0
7074	173	0
7075	171	0
7076	172	0
7077	172	0
7078	173	0
7079	171	0
7080	172	0
7081	172	0
7082	171	0
7083	173	0
7084	172	0
7085	172	0
7086	172	0
7087	172	0
7088	172	0
7089	171	0
7090	172	0
7091	172	0
7092	172	0
7093	172	0
7094	172	0
7095	171	0
7096	172	0
7097	171	0
7098	172	0
7099	171	0
7100	172	0
7101	171	0
7102	172	0
7103	171	0
7104	171	0
7105	172	0
7106	172	0
7107	172	0
7108	171	0
7109	171	0
7110	172	0
7111	172	0
7112	171	0
7113	172	0
7114	171	0
7115	172	0
7116	172	0
7117	171	0
7118	172	0
7119	172	0
7120	172	0
7121	172	0
7122	172	0
7123	172	0
7124	172	0
7125	172	0
7126	171	0
7127	172	0
7128	172	0
7129	171	0
7130	172	0
7131	171	0
7132	172	0
7133	172	0
7134	172	0
7135	172	0
7136	173	0
7137	171	0
7138	172	0
7139	172	0
7140	171	0
7141	172	0
7142	173	0
7143	172	0
7144	172	0
7145	171	0
7146	172	0
7147	172	0
7148	172	0
7149	171	0
7150	172	0
7151	172	0
7152	172	0
7153	172	0
7154	173	0
7155	171	0
7156	171	0
7157	172	0
7158	172	0
7159	172	0
7160	172	0
7161	172	0
7162	171	0
7163	171	0
7164	172	0
7165	171	0
7166	172	0
7167	172	0
7168	172	0
7169	171	0
7170	172	0
7171	172	0
7172	172	0
7173	172	0
7174	172	0
7175	171	0
7176	171	0
7177	172	0
7178	172	0
7179	172	0
7180	171	0
7181	173	0
7182	171	0
7183	172	0
7184	172	0
7185	171	0
7186	172	0
7187	171	0
7188	172	0
7189	171	0
7190	171	0
7191	172	0
7192	171	0
7193	171	0
7194	172	0
7195	172	0
7196	171	0
7197	172	0
7198	171	0
7199	172	0
7200	171	0
7201	172	0
7202	172	0
7203	171	0
7204	171	0
7205	171	0
7206	171	0
7207	171	0
7208	171	0
7209	172	0
7210	172	0
7211	171	0
7212	171	0
7213	172	0
7214	172	0
7215	171	0
7216	173	0
7217	172	0
7218	172	0
7219	171	0
7220	172	0
7221	173	0
7222	171	0
7223	173	0
7224	171	0
7225	172	0
7226	173	0
7227	171	0
7228	172	0
7229	171	0
7230	171	0
7231	171	0
7232	172	0
7233	171	0
7234	171	0
7235	172	0
7236	172	0
7237	172	0
7238	171	0
7239	172	0
7240	172	0
7241	171	0
7242	172	0
7243	171	0
7244	172	0
7245	172	0
7246	171	0
7247	172	0
7248	171	0
7249	172	0
7250	171	0
7251	172	0
7252	171	0
7253	171	0
7254	171	0
7255	172	0
7256	172	0
7257	171	0
7258	172	0
7259	172	0
7260	172	0
7261	171	0
7262	172	0
7263	173	0
7264	173	0
7265	172	0
7266	172	0
7267	172	0
7268	171	0
7269	172	0
7270	171	0
7271	172	0
7272	172	0
7273	171	0
7274	172	0
7275	171	0
7276	172	0
7277	171	0
7278	171	0
7279	171	0
7280	171	0
7281	172	0
7282	172	0
7283	172	0
7284	172	0
7285	172	0
7286	171	0
7287	172	0
7288	172	0
7289	171	0
7290	172	0
7291	172	0
7292	172	0
7293	172	0
7294	171	0
7295	172	0
7296	171	0
7297	172	0
7298	171	0
7299	171	0
7300	172	0
7301	172	0
7302	171	0
7303	171	0
7304	172	0
7305	172	0
7306	172	0
7307	171	0
7308	171	0
7309	172	0
7310	171	0
7311	171	0
7312	171	0
7313	172	0
7314	171	0
7315	171	0
7316	171	0
7317	171	0
7318	171	0
7319	173	0
7320	172	0
7321	171	0
7322	172	0
7323	171	0
7324	172	0
7325	172	0
7326	172	0
7327	172	0
7328	171	0
7329	172	0
7330	172	0
7331	172	0
7332	171	0
7333	171	0
7334	171	0
7335	171	0
7336	172	0
7337	172	0
7338	171	0
7339	172	0
7340	171	0
7341	172	0
7342	172	0
7343	171	0
7344	171	0
7345	171	0
7346	171	0
7347	172	0
7348	172	0
7349	172	0
7350	171	0
7351	171	0
7352	173	0
7353	172	0
7354	172	0
7355	173	0
7356	171	0
7357	172	0
7358	172	0
7359	171	0
7360	171	0
7361	171	0
7362	172	0
7363	173	0
7364	172	0
7365	172	0
7366	172	0
7367	172	0
7368	172	0
7369	171	0
7370	172	0
7371	171	0
7372	172	0
7373	173	0
7374	171	0
7375	172	0
7376	171	0
7377	172	0
7378	172	0
7379	172	0
7380	171	0
7381	172	0
7382	172	0
7383	172	0
7384	172	0
7385	171	0
7386	172	0
7387	171	0
7388	171	0
7389	172	0
7390	171	0
7391	172	0
7392	172	0
7393	171	0
7394	172	0
7395	172	0
7396	172	0
7397	171	0
7398	172	0
7399	171	0
7400	172	0
7401	171	0
7402	172	0
7403	172	0
7404	172	0
7405	171	0
7406	171	0
7407	171	0
7408	171	0
7409	172	0
7410	172	0
7411	171	0
7412	172	0
7413	172	0
7414	172	0
7415	172	0
7416	172	0
7417	172	0
7418	171	0
7419	172	0
7420	172	0
7421	172	0
7422	172	0
7423	171	0
7424	172	0
7425	173	0
7426	171	0
7427	171	0
7428	171	0
7429	171	0
7430	171	0
7431	173	0
7432	172	0
7433	171	0
7434	171	0
7435	171	0
7436	172	0
7437	172	0
7438	171	0
7439	171	0
7440	172	0
7441	172	0
7442	172	0
7443	171	0
7444	172	0
7445	171	0
7446	172	0
7447	172	0
7448	171	0
7449	172	0
7450	171	0
7451	172	0
7452	172	0
7453	171	0
7454	171	0
7455	171	0
7456	172	0
7457	171	0
7458	171	0
7459	172	0
7460	171	0
7461	171	0
7462	171	0
7463	172	0
7464	171	0
7465	172	0
7466	172	0
7467	171	0
7468	171	0
7469	171	0
7470	171	0
7471	171	0
7472	171	0
7473	171	0
7474	171	0
7475	171	0
7476	172	0
7477	172	0
7478	171	0
7479	171	0
7480	172	0
7481	171	0
7482	171	0
7483	172	0
7484	171	0
7485	172	0
7486	172	0
7487	172	0
7488	172	0
7489	172	0
7490	171	0
7491	171	0
7492	172	0
7493	172	0
7494	171	0
7495	171	0
7496	172	0
7497	171	0
7498	172	0
7499	172	0
7500	171	0
7501	172	0
7502	171	0
7503	171	0
7504	171	0
7505	171	0
7506	171	0
7507	172	0
7508	171	0
7509	172	0
7510	171	0
7511	171	0
7512	173	0
7513	171	0
7514	171	0
7515	171	0
7516	172	0
7517	172	0
7518	171	0
7519	172	0
7520	172	0
7521	172	0
7522	171	0
7523	171	0
7524	172	0
7525	171	0
7526	171	0
7527	172	0
7528	172	0
7529	172	0
7530	171	0
7531	171	0
7532	171	0
7533	171	0
7534	172	0
7535	172	0
7536	171	0
7537	172	0
7538	171	0
7539	171	0
7540	172	0
7541	172	0
7542	172	0
7543	171	0
7544	171	0
7545	172	0
7546	172	0
7547	171	0
7548	172	0
7549	172	0
7550	172	0
7551	171	0
7552	172	0
7553	171	0
7554	171	0
7555	172	0
7556	171	0
7557	171	0
7558	172	0
7559	171	0
7560	171	0
7561	171	0
7562	171	0
7563	171	0
7564	172	0
7565	171	0
7566	171	0
7567	171	0
7568	172	0
7569	172	0
7570	171	0
7571	171	0
7572	171	0
7573	172	0
7574	171	0
7575	172	0
7576	171	0
7577	172	0
7578	172	0
7579	171	0
7580	171	0
7581	171	0
7582	172	0
7583	172	0
7584	171	0
7585	171	0
7586	171	0
7587	171	0
7588	172	0
7589	172	0
7590	171	0
7591	171	0
7592	172	0
7593	171	0
7594	171	0
7595	171	0
7596	171	0
7597	171	0
7598	171	0
7599	172	0
7600	173	0
7601	171	0
7602	171	0
7603	172	0
7604	172	0
7605	172	0
7606	171	0
7607	171	0
7608	171	0
7609	171	0
7610	172	0
7611	171	0
7612	171	0
7613	171	0
7614	171	0
7615	171	0
7616	172	0
7617	172	0
7618	171	0
7619	171	0
7620	171	0
7621	171	0
7622	171	0
7623	171	0
7624	171	0
7625	172	0
7626	171	0
7627	171	0
7628	172	0
7629	171	0
7630	172	0
7631	173	0
7632	171	0
7633	171	0
7634	171	0
7635	171	0
7636	172	0
7637	173	0
7638	173	0
7639	172	0
7640	171	0
7641	171	0
7642	171	0
7643	172	0
7644	171	0
7645	171	0
7646	172	0
7647	173	0
7648	171	0
7649	172	0
7650	171	0
7651	172	0
7652	172	0
7653	171	0
7654	172	0
7655	172	0
7656	171	0
7657	171	0
7658	171	0
7659	171	0
7660	173	0
7661	172	0
7662	173	0
7663	172	0
7664	173	0
7665	171	0
7666	171	0
7667	171	0
7668	171	0
7669	171	0
7670	171	0
7671	172	0
7672	172	0
7673	171	0
7674	172	0
7675	172	0
7676	171	0
7677	172	0
7678	171	0
7679	171	0
7680	172	0
7681	171	0
7682	171	0
7683	171	0
7684	172	0
7685	171	0
7686	171	0
7687	172	0
7688	171	0
7689	172	0
7690	172	0
7691	171	0
7692	171	0
7693	171	0
7694	172	0
7695	171	0
7696	172	0
7697	171	0
7698	172	0
7699	171	0
7700	171	0
7701	173	0
7702	171	0
7703	171	0
7704	171	0
7705	171	0
7706	171	0
7707	172	0
7708	171	0
7709	172	0
7710	173	0
7711	171	0
7712	171	0
7713	172	0
7714	171	0
7715	169	0
7716	169	0
7717	168	0
7718	167	0
7719	166	0
7720	164	0
7721	164	0
7722	162	0
7723	161	0
7724	160	0
7725	161	0
7726	159	0
7727	157	0
7728	156	0
7729	155	0
7730	154	0
7731	153	0
7732	153	0
7733	153	0
7734	150	0
7735	149	0
7736	147	0
7737	146	0
7738	145	0
7739	145	0
7740	143	0
7741	143	0
7742	142	0
7743	141	0
7744	139	0
7745	138	0
7746	137	0
7747	135	0
7748	134	0
7749	133	0
7750	132	0
7751	131	0
7752	130	0
7753	129	0
7754	129	0
7755	127	0
7756	125	0
7757	124	0
7758	122	0
7759	122	0
7760	121	0
7761	121	0
7762	119	0
7763	119	0
7764	118	0
7765	117	0
7766	117	0
7767	116	0
7768	115	0
7769	114	0
7770	114	0
7771	112	0
7772	112	0
7773	111	0
7774	110	0
7775	110	0
7776	109	0
7777	109	0
7778	109	0
7779	108	0
7780	108	0
7781	107	0
7782	106	0
7783	105	0
7784	105	0
7785	105	0
7786	105	0
7787	104	0
7788	103	0
7789	103	0
7790	101	0
7791	101	0
7792	101	0
7793	100	0
7794	99	0
7795	100	0
7796	99	0
7797	97	0
7798	97	0
7799	95	0
7800	95	0
7801	94	0
7802	94	0
7803	93	0
7804	93	0
7805	92	0
7806	91	0
7807	91	0
7808	91	0
7809	91	0
7810	91	0
7811	90	0
7812	90	0
7813	91	0
7814	90	0
7815	91	0
7816	91	0
7817	90	0
7818	91	0
7819	91	0
7820	90	0
7821	91	0
7822	90	0
7823	91	0
7824	90	0
7825	90	0
7826	91	0
7827	90	0
7828	90	0
7829	91	0
7830	91	0
7831	91	0
7832	91	0
7833	90	0
7834	91	0
7835	90	0
7836	91	0
7837	90	0
7838	91	0
7839	90	0
7840	90	0
7841	91	0
7842	91	0
7843	90	0
7844	90	0
7845	91	0
7846	91	0
7847	91	0
7848	91	0
7849	91	0
7850	91	0
7851	91	0
7852	90	0
7853	91	0
7854	91	0
7855	91	0
7856	91	0
7857	91	0
7858	89	0
7859	91	0
7860	91	0
7861	91	0
7862	90	0
7863	91	0
7864	91	0
7865	91	0
7866	91	0
7867	91	0
7868	91	0
7869	91	0
7870	91	0
7871	91	0
7872	90	0
7873	91	0
7874	91	0
7875	91	0
7876	91	0
7877	91	0
7878	91	0
7879	91	0
7880	90	0
7881	91	0
7882	90	0
7883	90	0
7884	91	0
7885	91	0
7886	91	0
7887	91	0
7888	90	0
7889	91	0
7890	91	0
7891	91	0
7892	90	0
7893	90	0
7894	91	0
7895	91	0
7896	91	0
7897	90	0
7898	91	0
7899	91	0
7900	91	0
7901	91	0
7902	90	0
7903	90	0
7904	90	0
7905	91	0
7906	91	0
7907	90	0
7908	91	0
7909	91	0
7910	91	0
7911	91	0
7912	90	0
7913	90	0
7914	90	0
7915	90	0
7916	91	0
7917	91	0
7918	91	0
7919	90	0
7920	90	0
7921	91	0
7922	90	0
7923	91	0
7924	91	0
7925	90	0
7926	90	0
7927	91	0
7928	91	0
7929	90	0
7930	91	0
7931	90	0
7932	91	0
7933	91	0
7934	91	0
7935	90	0
7936	91	0
7937	90	0
7938	91	0
7939	90	0
7940	90	0
7941	91	0
7942	91	0
7943	90	0
7944	91	0
7945	90	0
7946	91	0
7947	91	0
7948	91	0
7949	91	0
7950	91	0
7951	90	0
7952	91	0
7953	90	0
7954	91	0
7955	91	0
7956	91	0
7957	90	0
7958	91	0
7959	91	0
7960	91	0
7961	91	0
7962	91	0
7963	91	0
7964	91	0
7965	91	0
7966	91	0
7967	91	0
7968	91	0
7969	91	0
7970	90	0
7971	90	0
7972	91	0
7973	90	0
7974	91	0
7975	90	0
7976	91	0
7977	91	0
7978	90	0
7979	91	0
7980	91	0
7981	91	0
7982	90	0
7983	90	0
7984	90	0
7985	91	0
7986	90	0
7987	90	0
7988	91	0
7989	91	0
7990	91	0
7991	91	0
7992	91	0
7993	91	0
7994	91	0
7995	90	0
7996	91	0
7997	91	0
7998	91	0
7999	90	0
