Oscilloscope data. 
Time step = 1,250 mS
Voltage step = 31,25 mV
Zero level = 90

N 	Smpl.	Trig

0	172	0
1	171	0
2	171	0
3	172	0
4	172	0
5	172	0
6	171	0
7	171	0
8	173	0
9	172	0
10	172	0
11	172	0
12	172	0
13	171	0
14	172	0
15	172	0
16	172	0
17	173	0
18	172	0
19	172	0
20	171	0
21	171	0
22	171	0
23	171	0
24	172	0
25	171	0
26	171	0
27	172	0
28	171	0
29	171	0
30	172	0
31	172	0
32	171	0
33	172	0
34	172	0
35	171	0
36	172	0
37	172	0
38	171	0
39	173	0
40	171	0
41	172	0
42	171	0
43	171	0
44	173	0
45	172	0
46	171	0
47	171	0
48	172	0
49	172	0
50	172	0
51	171	0
52	172	0
53	173	0
54	171	0
55	172	0
56	171	0
57	172	0
58	172	0
59	172	0
60	171	0
61	172	0
62	171	0
63	171	0
64	172	0
65	172	0
66	171	0
67	173	0
68	172	0
69	172	0
70	173	0
71	172	0
72	171	0
73	172	0
74	172	0
75	171	0
76	172	0
77	173	0
78	172	0
79	172	0
80	171	0
81	172	0
82	172	0
83	171	0
84	172	0
85	171	0
86	172	0
87	171	0
88	172	0
89	171	0
90	172	0
91	171	0
92	172	0
93	171	0
94	173	0
95	171	0
96	171	0
97	172	0
98	171	0
99	171	0
100	171	0
101	172	0
102	172	0
103	173	0
104	171	0
105	172	0
106	172	0
107	171	0
108	172	0
109	172	0
110	172	0
111	171	0
112	172	0
113	171	0
114	172	0
115	171	0
116	172	0
117	173	0
118	172	0
119	172	0
120	172	0
121	171	0
122	172	0
123	171	0
124	171	0
125	171	0
126	171	0
127	171	0
128	172	0
129	172	0
130	171	0
131	171	0
132	171	0
133	172	0
134	173	0
135	172	0
136	171	0
137	171	0
138	171	0
139	172	0
140	172	0
141	173	0
142	171	0
143	172	0
144	172	0
145	171	0
146	173	0
147	172	0
148	172	0
149	171	0
150	171	0
151	173	0
152	172	0
153	171	0
154	171	0
155	172	0
156	171	0
157	171	0
158	172	0
159	172	0
160	172	0
161	171	0
162	172	0
163	172	0
164	172	0
165	172	0
166	171	0
167	172	0
168	172	0
169	172	0
170	171	0
171	172	0
172	171	0
173	171	0
174	172	0
175	171	0
176	172	0
177	172	0
178	171	0
179	171	0
180	173	0
181	172	0
182	171	0
183	173	0
184	172	0
185	171	0
186	171	0
187	172	0
188	171	0
189	172	0
190	172	0
191	172	0
192	172	0
193	173	0
194	171	0
195	172	0
196	172	0
197	172	0
198	171	0
199	171	0
200	172	0
201	172	0
202	173	0
203	171	0
204	172	0
205	171	0
206	171	0
207	172	0
208	172	0
209	172	0
210	172	0
211	172	0
212	171	0
213	173	0
214	171	0
215	171	0
216	172	0
217	172	0
218	171	0
219	171	0
220	172	0
221	171	0
222	173	0
223	172	0
224	172	0
225	171	0
226	173	0
227	172	0
228	172	0
229	171	0
230	172	0
231	171	0
232	172	0
233	172	0
234	171	0
235	171	0
236	171	0
237	172	0
238	171	0
239	171	0
240	171	0
241	171	0
242	171	0
243	171	0
244	172	0
245	171	0
246	172	0
247	173	0
248	171	0
249	171	0
250	172	0
251	172	0
252	171	0
253	172	0
254	172	0
255	172	0
256	172	0
257	171	0
258	172	0
259	172	0
260	172	0
261	172	0
262	171	0
263	171	0
264	172	0
265	172	0
266	172	0
267	171	0
268	172	0
269	172	0
270	172	0
271	172	0
272	172	0
273	172	0
274	172	0
275	172	0
276	172	0
277	172	0
278	171	0
279	172	0
280	172	0
281	171	0
282	172	0
283	172	0
284	171	0
285	172	0
286	172	0
287	171	0
288	173	0
289	172	0
290	172	0
291	172	0
292	173	0
293	171	0
294	172	0
295	173	0
296	172	0
297	172	0
298	172	0
299	172	0
300	172	0
301	171	0
302	171	0
303	171	0
304	172	0
305	172	0
306	171	0
307	172	0
308	172	0
309	172	0
310	172	0
311	171	0
312	172	0
313	172	0
314	172	0
315	171	0
316	172	0
317	171	0
318	171	0
319	171	0
320	172	0
321	172	0
322	172	0
323	172	0
324	171	0
325	173	0
326	171	0
327	171	0
328	172	0
329	171	0
330	171	0
331	171	0
332	173	0
333	171	0
334	171	0
335	172	0
336	172	0
337	172	0
338	171	0
339	173	0
340	171	0
341	171	0
342	171	0
343	171	0
344	172	0
345	171	0
346	171	0
347	172	0
348	171	0
349	171	0
350	171	0
351	172	0
352	171	0
353	171	0
354	171	0
355	172	0
356	171	0
357	171	0
358	171	0
359	172	0
360	172	0
361	172	0
362	172	0
363	171	0
364	171	0
365	171	0
366	172	0
367	172	0
368	171	0
369	172	0
370	172	0
371	171	0
372	171	0
373	171	0
374	172	0
375	171	0
376	172	0
377	172	0
378	172	0
379	172	0
380	172	0
381	172	0
382	171	0
383	172	0
384	171	0
385	171	0
386	172	0
387	172	0
388	171	0
389	172	0
390	171	0
391	172	0
392	172	0
393	171	0
394	171	0
395	172	0
396	171	0
397	171	0
398	171	0
399	171	0
400	171	0
401	173	0
402	171	0
403	171	0
404	171	0
405	172	0
406	171	0
407	171	0
408	171	0
409	172	0
410	172	0
411	172	0
412	172	0
413	173	0
414	171	0
415	172	0
416	172	0
417	171	0
418	172	0
419	171	0
420	172	0
421	172	0
422	172	0
423	171	0
424	172	0
425	172	0
426	171	0
427	171	0
428	171	0
429	172	0
430	172	0
431	171	0
432	172	0
433	171	0
434	171	0
435	171	0
436	171	0
437	171	0
438	172	0
439	171	0
440	171	0
441	172	0
442	173	0
443	171	0
444	172	0
445	172	0
446	171	0
447	173	0
448	173	0
449	172	0
450	172	0
451	172	0
452	171	0
453	171	0
454	171	0
455	171	0
456	171	0
457	172	0
458	171	0
459	172	0
460	171	0
461	171	0
462	172	0
463	172	0
464	172	0
465	173	0
466	171	0
467	171	0
468	172	0
469	172	0
470	171	0
471	172	0
472	173	0
473	171	0
474	172	0
475	172	0
476	172	0
477	171	0
478	171	0
479	172	0
480	172	0
481	172	0
482	172	0
483	171	0
484	171	0
485	172	0
486	172	0
487	172	0
488	172	0
489	171	0
490	172	0
491	172	0
492	171	0
493	172	0
494	173	0
495	172	0
496	172	0
497	171	0
498	171	0
499	172	0
500	171	0
501	172	0
502	172	0
503	171	0
504	172	0
505	171	0
506	172	0
507	171	0
508	171	0
509	172	0
510	171	0
511	172	0
512	171	0
513	173	0
514	172	0
515	172	0
516	171	0
517	172	0
518	171	0
519	171	0
520	172	0
521	171	0
522	172	0
523	172	0
524	172	0
525	171	0
526	171	0
527	172	0
528	173	0
529	171	0
530	172	0
531	172	0
532	172	0
533	171	0
534	172	0
535	171	0
536	172	0
537	171	0
538	171	0
539	172	0
540	173	0
541	172	0
542	172	0
543	171	0
544	172	0
545	171	0
546	171	0
547	171	0
548	172	0
549	171	0
550	171	0
551	172	0
552	171	0
553	172	0
554	172	0
555	171	0
556	173	0
557	171	0
558	171	0
559	171	0
560	173	0
561	172	0
562	171	0
563	172	0
564	172	0
565	172	0
566	172	0
567	172	0
568	173	0
569	172	0
570	171	0
571	171	0
572	172	0
573	172	0
574	172	0
575	172	0
576	171	0
577	172	0
578	171	0
579	171	0
580	172	0
581	172	0
582	172	0
583	171	0
584	172	0
585	172	0
586	172	0
587	171	0
588	171	0
589	171	0
590	171	0
591	171	0
592	171	0
593	171	0
594	172	0
595	171	0
596	172	0
597	172	0
598	172	0
599	173	0
600	172	0
601	172	0
602	171	0
603	172	0
604	172	0
605	172	0
606	172	0
607	171	0
608	172	0
609	172	0
610	171	0
611	172	0
612	172	0
613	171	0
614	172	0
615	172	0
616	171	0
617	171	0
618	171	0
619	171	0
620	171	0
621	173	0
622	171	0
623	172	0
624	172	0
625	171	0
626	173	0
627	171	0
628	171	0
629	171	0
630	171	0
631	172	0
632	171	0
633	171	0
634	172	0
635	171	0
636	171	0
637	171	0
638	171	0
639	171	0
640	172	0
641	172	0
642	172	0
643	172	0
644	171	0
645	171	0
646	171	0
647	172	0
648	173	0
649	172	0
650	173	0
651	171	0
652	171	0
653	172	0
654	172	0
655	172	0
656	171	0
657	171	0
658	173	0
659	171	0
660	173	0
661	172	0
662	172	0
663	172	0
664	171	0
665	172	0
666	171	0
667	172	0
668	172	0
669	171	0
670	171	0
671	172	0
672	171	0
673	171	0
674	172	0
675	173	0
676	171	0
677	171	0
678	172	0
679	172	0
680	171	0
681	171	0
682	172	0
683	173	0
684	171	0
685	171	0
686	172	0
687	172	0
688	171	0
689	171	0
690	171	0
691	173	0
692	172	0
693	172	0
694	172	0
695	172	0
696	171	0
697	172	0
698	172	0
699	171	0
700	171	0
701	172	0
702	172	0
703	171	0
704	172	0
705	171	0
706	172	0
707	172	0
708	171	0
709	172	0
710	172	0
711	171	0
712	171	0
713	172	0
714	171	0
715	171	0
716	172	0
717	171	0
718	172	0
719	171	0
720	172	0
721	171	0
722	172	0
723	171	0
724	171	0
725	172	0
726	171	0
727	172	0
728	171	0
729	172	0
730	172	0
731	173	0
732	171	0
733	171	0
734	172	0
735	172	0
736	171	0
737	172	0
738	171	0
739	172	0
740	172	0
741	172	0
742	172	0
743	171	0
744	171	0
745	172	0
746	171	0
747	171	0
748	172	0
749	172	0
750	172	0
751	172	0
752	172	0
753	171	0
754	172	0
755	171	0
756	172	0
757	172	0
758	172	0
759	171	0
760	171	0
761	172	0
762	172	0
763	172	0
764	171	0
765	172	0
766	173	0
767	171	0
768	172	0
769	172	0
770	171	0
771	172	0
772	171	0
773	171	0
774	171	0
775	172	0
776	172	0
777	172	0
778	172	0
779	171	0
780	172	0
781	171	0
782	171	0
783	171	0
784	172	0
785	172	0
786	171	0
787	171	0
788	172	0
789	171	0
790	171	0
791	172	0
792	171	0
793	173	0
794	172	0
795	171	0
796	171	0
797	171	0
798	171	0
799	173	0
800	172	0
801	172	0
802	171	0
803	171	0
804	172	0
805	171	0
806	171	0
807	172	0
808	172	0
809	171	0
810	172	0
811	171	0
812	171	0
813	172	0
814	171	0
815	171	0
816	172	0
817	171	0
818	171	0
819	172	0
820	171	0
821	172	0
822	171	0
823	172	0
824	171	0
825	171	0
826	172	0
827	172	0
828	172	0
829	171	0
830	171	0
831	172	0
832	171	0
833	171	0
834	173	0
835	172	0
836	171	0
837	171	0
838	171	0
839	172	0
840	172	0
841	171	0
842	172	0
843	172	0
844	171	0
845	172	0
846	172	0
847	171	0
848	171	0
849	171	0
850	173	0
851	172	0
852	171	0
853	171	0
854	172	0
855	171	0
856	172	0
857	172	0
858	173	0
859	172	0
860	172	0
861	172	0
862	171	0
863	172	0
864	171	0
865	171	0
866	171	0
867	172	0
868	172	0
869	172	0
870	172	0
871	171	0
872	172	0
873	171	0
874	172	0
875	172	0
876	171	0
877	171	0
878	171	0
879	172	0
880	172	0
881	171	0
882	172	0
883	171	0
884	171	0
885	171	0
886	172	0
887	171	0
888	171	0
889	171	0
890	171	0
891	172	0
892	172	0
893	172	0
894	172	0
895	172	0
896	172	0
897	171	0
898	173	0
899	171	0
900	171	0
901	172	0
902	172	0
903	173	0
904	172	0
905	171	0
906	172	0
907	171	0
908	172	0
909	171	0
910	172	0
911	172	0
912	172	0
913	173	0
914	172	0
915	171	0
916	172	0
917	171	0
918	172	0
919	171	0
920	171	0
921	171	0
922	172	0
923	172	0
924	173	0
925	171	0
926	171	0
927	172	0
928	172	0
929	172	0
930	171	0
931	172	0
932	171	0
933	171	0
934	172	0
935	171	0
936	172	0
937	171	0
938	172	0
939	171	0
940	171	0
941	171	0
942	171	0
943	172	0
944	172	0
945	172	0
946	173	0
947	172	0
948	171	0
949	172	0
950	171	0
951	171	0
952	171	0
953	171	0
954	173	0
955	172	0
956	171	0
957	171	0
958	172	0
959	172	0
960	171	0
961	171	0
962	171	0
963	172	0
964	171	0
965	171	0
966	169	0
967	169	0
968	169	0
969	168	0
970	167	0
971	166	0
972	166	0
973	165	0
974	163	0
975	163	0
976	161	0
977	161	0
978	161	0
979	159	0
980	158	0
981	157	0
982	155	0
983	153	0
984	154	0
985	153	0
986	152	0
987	151	0
988	149	0
989	147	0
990	145	0
991	143	0
992	144	0
993	142	0
994	141	0
995	139	0
996	137	0
997	137	0
998	135	0
999	133	0
1000	133	0
1001	130	0
1002	129	0
1003	127	0
1004	127	0
1005	125	0
1006	124	0
1007	122	0
1008	121	0
1009	121	0
1010	120	0
1011	119	0
1012	118	0
1013	117	0
1014	115	0
1015	115	0
1016	114	0
1017	113	0
1018	111	0
1019	111	0
1020	110	0
1021	110	0
1022	110	0
1023	109	0
1024	109	0
1025	108	0
1026	107	0
1027	106	0
1028	105	0
1029	105	0
1030	105	0
1031	103	0
1032	103	0
1033	102	0
1034	102	0
1035	101	0
1036	101	0
1037	101	0
1038	100	0
1039	100	0
1040	99	0
1041	98	0
1042	97	0
1043	97	0
1044	97	0
1045	96	0
1046	95	0
1047	95	0
1048	94	0
1049	95	0
1050	93	0
1051	93	0
1052	93	0
1053	93	0
1054	91	0
1055	91	0
1056	91	0
1057	90	0
1058	90	0
1059	90	0
1060	91	0
1061	90	0
1062	90	0
1063	91	0
1064	90	0
1065	91	0
1066	91	0
1067	90	0
1068	91	0
1069	91	0
1070	90	0
1071	91	0
1072	91	0
1073	90	0
1074	91	0
1075	91	0
1076	90	0
1077	91	0
1078	91	0
1079	91	0
1080	91	0
1081	91	0
1082	90	0
1083	90	0
1084	90	0
1085	89	0
1086	90	0
1087	91	0
1088	91	0
1089	91	0
1090	90	0
1091	90	0
1092	91	0
1093	90	0
1094	90	0
1095	91	0
1096	91	0
1097	91	0
1098	91	0
1099	91	0
1100	90	0
1101	91	0
1102	91	0
1103	91	0
1104	91	0
1105	91	0
1106	91	0
1107	91	0
1108	91	0
1109	90	0
1110	91	0
1111	89	0
1112	90	0
1113	91	0
1114	91	0
1115	91	0
1116	91	0
1117	91	0
1118	90	0
1119	91	0
1120	91	0
1121	91	0
1122	91	0
1123	91	0
1124	91	0
1125	90	0
1126	91	0
1127	91	0
1128	91	0
1129	91	0
1130	91	0
1131	90	0
1132	91	0
1133	91	0
1134	90	0
1135	91	0
1136	91	0
1137	91	0
1138	90	0
1139	90	0
1140	91	0
1141	91	0
1142	91	0
1143	91	0
1144	90	0
1145	91	0
1146	91	0
1147	90	0
1148	91	0
1149	91	0
1150	90	0
1151	91	0
1152	90	0
1153	91	0
1154	91	0
1155	90	0
1156	90	0
1157	91	0
1158	90	0
1159	91	0
1160	90	0
1161	91	0
1162	91	0
1163	91	0
1164	91	0
1165	91	0
1166	91	0
1167	91	0
1168	91	0
1169	91	0
1170	91	0
1171	90	0
1172	91	0
1173	91	0
1174	90	0
1175	91	0
1176	91	0
1177	91	0
1178	91	0
1179	91	0
1180	90	0
1181	90	0
1182	91	0
1183	90	0
1184	91	0
1185	91	0
1186	90	0
1187	91	0
1188	90	0
1189	90	0
1190	91	0
1191	90	0
1192	91	0
1193	90	0
1194	91	0
1195	91	0
1196	91	0
1197	91	0
1198	91	0
1199	91	0
1200	90	0
1201	91	0
1202	90	0
1203	91	0
1204	91	0
1205	91	0
1206	90	0
1207	91	0
1208	91	0
1209	90	0
1210	91	0
1211	91	0
1212	91	0
1213	91	0
1214	90	0
1215	91	0
1216	91	0
1217	91	0
1218	91	0
1219	90	0
1220	91	0
1221	91	0
1222	91	0
1223	91	0
1224	91	0
1225	91	0
1226	91	0
1227	90	0
1228	91	0
1229	90	0
1230	90	0
1231	91	0
1232	91	0
1233	91	0
1234	90	0
1235	91	0
1236	91	0
1237	91	0
1238	91	0
1239	91	0
1240	91	0
1241	90	0
1242	91	0
1243	91	0
1244	90	0
1245	90	0
1246	91	0
1247	91	0
1248	91	0
1249	90	0
1250	90	0
1251	90	0
1252	91	0
1253	91	0
1254	91	0
1255	91	0
1256	91	0
1257	90	0
1258	91	0
1259	91	0
1260	91	0
1261	91	0
1262	90	0
1263	90	0
1264	90	0
1265	91	0
1266	90	0
1267	91	0
1268	91	0
1269	91	0
1270	91	0
1271	91	0
1272	91	0
1273	90	0
1274	90	0
1275	91	0
1276	91	0
1277	91	0
1278	90	0
1279	91	0
1280	91	0
1281	91	0
1282	91	0
1283	90	0
1284	91	0
1285	91	0
1286	91	0
1287	91	0
1288	91	0
1289	90	0
1290	91	0
1291	91	0
1292	91	0
1293	91	0
1294	91	0
1295	91	0
1296	91	0
1297	90	0
1298	90	0
1299	91	0
1300	91	0
1301	91	0
1302	91	0
1303	90	0
1304	90	0
1305	91	0
1306	91	0
1307	90	0
1308	90	0
1309	90	0
1310	91	0
1311	90	0
1312	90	0
1313	91	0
1314	91	0
1315	90	0
1316	91	0
1317	91	0
1318	91	0
1319	91	0
1320	90	0
1321	90	0
1322	91	0
1323	90	0
1324	91	0
1325	90	0
1326	90	0
1327	91	0
1328	91	0
1329	91	0
1330	91	0
1331	91	0
1332	91	0
1333	91	0
1334	90	0
1335	91	0
1336	91	0
1337	91	0
1338	91	0
1339	91	0
1340	90	0
1341	90	0
1342	91	0
1343	91	0
1344	91	0
1345	91	0
1346	90	0
1347	91	0
1348	90	0
1349	90	0
1350	91	0
1351	91	0
1352	90	0
1353	91	0
1354	91	0
1355	90	0
1356	91	0
1357	91	0
1358	91	0
1359	91	0
1360	90	0
1361	91	0
1362	90	0
1363	90	0
1364	91	0
1365	91	0
1366	90	0
1367	91	0
1368	91	0
1369	91	0
1370	91	0
1371	91	0
1372	91	0
1373	91	0
1374	91	0
1375	91	0
1376	91	0
1377	90	0
1378	90	0
1379	91	0
1380	91	0
1381	91	0
1382	91	0
1383	91	0
1384	91	0
1385	91	0
1386	90	0
1387	91	0
1388	91	0
1389	90	0
1390	90	0
1391	91	0
1392	90	0
1393	90	0
1394	91	0
1395	91	0
1396	91	0
1397	91	0
1398	91	0
1399	91	0
1400	91	0
1401	91	0
1402	91	0
1403	91	0
1404	90	0
1405	91	0
1406	91	0
1407	91	0
1408	91	0
1409	91	0
1410	91	0
1411	91	0
1412	91	0
1413	91	0
1414	90	0
1415	90	0
1416	91	0
1417	91	0
1418	90	0
1419	91	0
1420	91	0
1421	91	0
1422	91	0
1423	91	0
1424	91	0
1425	91	0
1426	90	0
1427	91	0
1428	91	0
1429	91	0
1430	91	0
1431	90	0
1432	91	0
1433	91	0
1434	91	0
1435	91	0
1436	91	0
1437	90	0
1438	91	0
1439	91	0
1440	91	0
1441	90	0
1442	91	0
1443	91	0
1444	91	0
1445	91	0
1446	90	0
1447	91	0
1448	90	0
1449	91	0
1450	90	0
1451	91	0
1452	90	0
1453	91	0
1454	90	0
1455	91	0
1456	90	0
1457	91	0
1458	90	0
1459	90	0
1460	91	0
1461	90	0
1462	91	0
1463	91	0
1464	91	0
1465	90	0
1466	90	0
1467	91	0
1468	91	0
1469	90	0
1470	91	0
1471	91	0
1472	91	0
1473	90	0
1474	91	0
1475	91	0
1476	90	0
1477	90	0
1478	91	0
1479	91	0
1480	91	0
1481	91	0
1482	91	0
1483	91	0
1484	90	0
1485	91	0
1486	90	0
1487	90	0
1488	91	0
1489	90	0
1490	91	0
1491	90	0
1492	90	0
1493	91	0
1494	90	0
1495	91	0
1496	91	0
1497	91	0
1498	91	0
1499	91	0
1500	91	0
1501	90	0
1502	91	0
1503	90	0
1504	91	0
1505	91	0
1506	91	0
1507	90	0
1508	91	0
1509	91	0
1510	90	0
1511	91	0
1512	91	0
1513	91	0
1514	91	0
1515	91	0
1516	91	0
1517	90	0
1518	91	0
1519	91	0
1520	91	0
1521	90	0
1522	90	0
1523	90	0
1524	91	0
1525	90	0
1526	90	0
1527	91	0
1528	91	0
1529	91	0
1530	91	0
1531	90	0
1532	90	0
1533	91	0
1534	91	0
1535	91	0
1536	91	0
1537	91	0
1538	91	0
1539	91	0
1540	90	0
1541	91	0
1542	90	0
1543	91	0
1544	91	0
1545	91	0
1546	91	0
1547	90	0
1548	91	0
1549	90	0
1550	90	0
1551	91	0
1552	90	0
1553	91	0
1554	91	0
1555	91	0
1556	90	0
1557	91	0
1558	91	0
1559	91	0
1560	90	0
1561	90	0
1562	91	0
1563	91	0
1564	91	0
1565	90	0
1566	91	0
1567	91	0
1568	91	0
1569	91	0
1570	90	0
1571	91	0
1572	91	0
1573	91	0
1574	90	0
1575	91	0
1576	91	0
1577	91	0
1578	91	0
1579	91	0
1580	91	0
1581	91	0
1582	90	0
1583	91	0
1584	91	0
1585	91	0
1586	90	0
1587	91	0
1588	90	0
1589	90	0
1590	91	0
1591	91	0
1592	91	0
1593	91	0
1594	90	0
1595	91	0
1596	91	0
1597	90	0
1598	91	0
1599	91	0
1600	91	0
1601	90	0
1602	91	0
1603	91	0
1604	91	0
1605	90	0
1606	91	0
1607	91	0
1608	91	0
1609	90	0
1610	90	0
1611	91	0
1612	90	0
1613	91	0
1614	91	0
1615	91	0
1616	91	0
1617	91	0
1618	91	0
1619	91	0
1620	91	0
1621	91	0
1622	90	0
1623	90	0
1624	90	0
1625	91	0
1626	90	0
1627	91	0
1628	91	0
1629	90	0
1630	91	0
1631	91	0
1632	91	0
1633	91	0
1634	91	0
1635	91	0
1636	90	0
1637	90	0
1638	91	0
1639	91	0
1640	90	0
1641	90	0
1642	91	0
1643	91	0
1644	91	0
1645	91	0
1646	91	0
1647	91	0
1648	90	0
1649	91	0
1650	91	0
1651	91	0
1652	91	0
1653	91	0
1654	91	0
1655	91	0
1656	91	0
1657	91	0
1658	91	0
1659	91	0
1660	91	0
1661	91	0
1662	91	0
1663	90	0
1664	91	0
1665	91	0
1666	91	0
1667	90	0
1668	91	0
1669	90	0
1670	90	0
1671	91	0
1672	90	0
1673	91	0
1674	90	0
1675	90	0
1676	91	0
1677	91	0
1678	91	0
1679	91	0
1680	91	0
1681	91	0
1682	91	0
1683	91	0
1684	91	0
1685	91	0
1686	91	0
1687	91	0
1688	91	0
1689	91	0
1690	91	0
1691	91	0
1692	91	0
1693	91	0
1694	90	0
1695	91	0
1696	91	0
1697	91	0
1698	91	0
1699	91	0
1700	91	0
1701	91	0
1702	91	0
1703	90	0
1704	91	0
1705	91	0
1706	91	0
1707	91	0
1708	91	0
1709	91	0
1710	91	0
1711	91	0
1712	90	0
1713	91	0
1714	90	0
1715	91	0
1716	90	0
1717	91	0
1718	91	0
1719	90	0
1720	90	0
1721	91	0
1722	90	0
1723	90	0
1724	91	0
1725	91	0
1726	91	0
1727	90	0
1728	91	0
1729	91	0
1730	91	0
1731	90	0
1732	90	0
1733	91	0
1734	90	0
1735	91	0
1736	91	0
1737	91	0
1738	91	0
1739	91	0
1740	90	0
1741	90	0
1742	91	0
1743	91	0
1744	91	0
1745	90	0
1746	91	0
1747	91	0
1748	91	0
1749	90	0
1750	91	0
1751	91	0
1752	90	0
1753	91	0
1754	91	0
1755	91	0
1756	90	0
1757	91	0
1758	90	0
1759	91	0
1760	91	0
1761	90	0
1762	91	0
1763	91	0
1764	90	0
1765	91	0
1766	91	0
1767	91	0
1768	91	0
1769	91	0
1770	91	0
1771	91	0
1772	90	0
1773	91	0
1774	91	0
1775	91	0
1776	91	0
1777	90	0
1778	90	0
1779	91	0
1780	91	0
1781	91	0
1782	91	0
1783	91	0
1784	91	0
1785	90	0
1786	91	0
1787	91	0
1788	90	0
1789	91	0
1790	91	0
1791	90	0
1792	91	0
1793	90	0
1794	90	0
1795	91	0
1796	91	0
1797	91	0
1798	91	0
1799	90	0
1800	91	0
1801	91	0
1802	90	0
1803	91	0
1804	91	0
1805	91	0
1806	91	0
1807	91	0
1808	91	0
1809	91	0
1810	90	0
1811	90	0
1812	91	0
1813	91	0
1814	91	0
1815	91	0
1816	91	0
1817	91	0
1818	91	0
1819	90	0
1820	91	0
1821	90	0
1822	90	0
1823	91	0
1824	91	0
1825	91	0
1826	91	0
1827	91	0
1828	90	0
1829	91	0
1830	91	0
1831	90	0
1832	90	0
1833	91	0
1834	91	0
1835	91	0
1836	91	0
1837	91	0
1838	91	0
1839	91	0
1840	91	0
1841	91	0
1842	91	0
1843	91	0
1844	91	0
1845	91	0
1846	91	0
1847	91	0
1848	91	0
1849	91	0
1850	91	0
1851	92	0
1852	93	0
1853	93	0
1854	93	0
1855	94	0
1856	94	0
1857	95	0
1858	95	0
1859	95	0
1860	97	0
1861	97	0
1862	97	0
1863	98	0
1864	99	0
1865	100	0
1866	101	0
1867	101	0
1868	101	0
1869	103	0
1870	103	0
1871	104	0
1872	105	0
1873	106	0
1874	107	0
1875	108	0
1876	109	0
1877	109	0
1878	110	0
1879	110	0
1880	111	0
1881	111	0
1882	112	0
1883	114	0
1884	114	0
1885	115	0
1886	115	0
1887	117	0
1888	119	0
1889	119	0
1890	120	0
1891	120	0
1892	121	0
1893	122	0
1894	122	0
1895	122	0
1896	123	0
1897	124	0
1898	125	0
1899	126	0
1900	127	0
1901	129	0
1902	128	0
1903	128	0
1904	128	0
1905	129	0
1906	130	0
1907	131	0
1908	132	0
1909	132	0
1910	133	0
1911	133	0
1912	134	0
1913	135	0
1914	135	0
1915	135	0
1916	136	0
1917	137	0
1918	137	0
1919	137	0
1920	138	0
1921	139	0
1922	139	0
1923	141	0
1924	141	0
1925	141	0
1926	142	0
1927	142	0
1928	143	0
1929	143	0
1930	143	0
1931	143	0
1932	144	0
1933	145	0
1934	145	0
1935	146	0
1936	147	0
1937	147	0
1938	147	0
1939	148	0
1940	149	0
1941	149	0
1942	150	0
1943	151	0
1944	153	0
1945	153	0
1946	153	0
1947	153	0
1948	154	0
1949	155	0
1950	153	0
1951	155	0
1952	155	0
1953	156	0
1954	157	0
1955	159	0
1956	159	0
1957	161	0
1958	160	0
1959	161	0
1960	160	0
1961	161	0
1962	161	0
1963	162	0
1964	163	0
1965	164	0
1966	164	0
1967	165	0
1968	165	0
1969	166	0
1970	167	0
1971	168	0
1972	169	0
1973	169	0
1974	169	0
1975	171	0
1976	171	0
1977	171	0
1978	171	0
1979	172	0
1980	171	0
1981	172	0
1982	171	0
1983	172	0
1984	172	0
1985	171	0
1986	171	0
1987	173	0
1988	172	0
1989	172	0
1990	172	0
1991	172	0
1992	171	0
1993	172	0
1994	171	0
1995	172	0
1996	171	0
1997	171	0
1998	172	0
1999	172	0
2000	171	0
2001	171	0
2002	172	0
2003	172	0
2004	172	0
2005	172	0
2006	172	0
2007	173	0
2008	172	0
2009	172	0
2010	173	0
2011	172	0
2012	171	0
2013	172	0
2014	172	0
2015	172	0
2016	171	0
2017	172	0
2018	171	0
2019	171	0
2020	172	0
2021	171	0
2022	171	0
2023	172	0
2024	172	0
2025	172	0
2026	171	0
2027	172	0
2028	171	0
2029	172	0
2030	171	0
2031	171	0
2032	171	0
2033	171	0
2034	171	0
2035	172	0
2036	171	0
2037	172	0
2038	171	0
2039	172	0
2040	172	0
2041	172	0
2042	171	0
2043	172	0
2044	171	0
2045	172	0
2046	172	0
2047	172	0
2048	172	0
2049	172	0
2050	171	0
2051	171	0
2052	173	0
2053	171	0
2054	172	0
2055	172	0
2056	172	0
2057	171	0
2058	172	0
2059	172	0
2060	171	0
2061	172	0
2062	171	0
2063	172	0
2064	172	0
2065	171	0
2066	172	0
2067	171	0
2068	172	0
2069	171	0
2070	172	0
2071	171	0
2072	172	0
2073	173	0
2074	172	0
2075	171	0
2076	171	0
2077	171	0
2078	172	0
2079	172	0
2080	172	0
2081	172	0
2082	172	0
2083	171	0
2084	172	0
2085	172	0
2086	171	0
2087	171	0
2088	173	0
2089	171	0
2090	172	0
2091	172	0
2092	172	0
2093	172	0
2094	171	0
2095	172	0
2096	172	0
2097	171	0
2098	172	0
2099	171	0
2100	172	0
2101	173	0
2102	172	0
2103	172	0
2104	172	0
2105	171	0
2106	173	0
2107	171	0
2108	172	0
2109	171	0
2110	171	0
2111	172	0
2112	171	0
2113	172	0
2114	172	0
2115	172	0
2116	172	0
2117	173	0
2118	171	0
2119	172	0
2120	171	0
2121	171	0
2122	172	0
2123	171	0
2124	173	0
2125	172	0
2126	172	0
2127	172	0
2128	172	0
2129	172	0
2130	172	0
2131	171	0
2132	172	0
2133	171	0
2134	172	0
2135	172	0
2136	173	0
2137	171	0
2138	171	0
2139	171	0
2140	171	0
2141	171	0
2142	172	0
2143	172	0
2144	171	0
2145	172	0
2146	172	0
2147	172	0
2148	172	0
2149	171	0
2150	172	0
2151	173	0
2152	172	0
2153	172	0
2154	172	0
2155	172	0
2156	172	0
2157	173	0
2158	173	0
2159	173	0
2160	174	0
2161	175	0
2162	175	0
2163	177	0
2164	177	0
2165	177	0
2166	178	0
2167	178	0
2168	179	0
2169	179	0
2170	181	0
2171	181	0
2172	182	0
2173	182	0
2174	182	0
2175	183	0
2176	183	0
2177	184	0
2178	185	0
2179	185	0
2180	185	0
2181	187	0
2182	189	0
2183	189	0
2184	189	0
2185	190	0
2186	190	0
2187	190	0
2188	191	0
2189	191	0
2190	193	0
2191	193	0
2192	195	0
2193	196	0
2194	196	0
2195	196	0
2196	197	0
2197	197	0
2198	199	0
2199	199	0
2200	200	0
2201	201	0
2202	202	0
2203	203	0
2204	204	0
2205	205	0
2206	205	0
2207	206	0
2208	207	0
2209	208	0
2210	209	0
2211	209	0
2212	210	0
2213	211	0
2214	211	0
2215	213	0
2216	214	0
2217	214	0
2218	215	0
2219	217	0
2220	217	0
2221	217	0
2222	219	0
2223	219	0
2224	221	0
2225	223	0
2226	223	0
2227	223	0
2228	223	0
2229	224	0
2230	225	0
2231	225	0
2232	225	0
2233	226	0
2234	227	0
2235	227	0
2236	227	0
2237	228	0
2238	229	0
2239	229	0
2240	229	0
2241	230	0
2242	230	0
2243	231	0
2244	232	0
2245	233	0
2246	233	0
2247	235	0
2248	235	0
2249	235	0
2250	235	0
2251	237	0
2252	238	0
2253	239	0
2254	239	0
2255	239	0
2256	241	0
2257	240	0
2258	241	0
2259	241	0
2260	242	0
2261	242	0
2262	243	0
2263	243	0
2264	243	0
2265	243	0
2266	243	0
2267	243	0
2268	243	0
2269	243	0
2270	243	0
2271	245	0
2272	244	0
2273	243	0
2274	244	0
2275	244	0
2276	244	0
2277	245	0
2278	244	0
2279	245	0
2280	244	0
2281	245	0
2282	244	0
2283	245	0
2284	245	0
2285	245	0
2286	245	0
2287	245	0
2288	245	0
2289	245	0
2290	245	0
2291	245	0
2292	245	0
2293	245	0
2294	245	0
2295	245	0
2296	245	0
2297	245	0
2298	245	0
2299	245	0
2300	245	0
2301	245	0
2302	245	0
2303	246	0
2304	245	0
2305	246	0
2306	246	0
2307	246	0
2308	246	0
2309	246	0
2310	246	0
2311	246	0
2312	246	0
2313	247	0
2314	247	0
2315	247	0
2316	246	0
2317	247	0
2318	246	0
2319	247	0
2320	247	0
2321	247	0
2322	247	0
2323	248	0
2324	247	0
2325	247	0
2326	247	0
2327	247	0
2328	247	0
2329	248	0
2330	248	0
2331	248	0
2332	248	0
2333	248	0
2334	249	0
2335	248	0
2336	248	0
2337	249	0
2338	248	0
2339	248	0
2340	249	0
2341	248	0
2342	249	0
2343	249	0
2344	249	0
2345	249	0
2346	249	0
2347	249	0
2348	249	0
2349	249	0
2350	250	0
2351	249	0
2352	249	0
2353	250	0
2354	250	0
2355	250	0
2356	251	0
2357	251	0
2358	251	0
2359	251	0
2360	252	0
2361	252	0
2362	253	0
2363	253	0
2364	253	0
2365	253	0
2366	253	0
2367	253	0
2368	253	0
2369	253	0
2370	253	0
2371	253	0
2372	253	0
2373	253	0
2374	253	0
2375	253	0
2376	253	0
2377	253	0
2378	253	0
2379	253	0
2380	253	0
2381	253	0
2382	253	0
2383	253	0
2384	253	0
2385	253	0
2386	253	0
2387	253	0
2388	253	0
2389	253	0
2390	253	0
2391	253	0
2392	253	0
2393	253	0
2394	253	0
2395	253	0
2396	253	0
2397	253	0
2398	254	0
2399	253	0
2400	253	0
2401	253	0
2402	253	0
2403	253	0
2404	253	0
2405	253	0
2406	253	0
2407	253	0
2408	253	0
2409	253	0
2410	253	0
2411	253	0
2412	253	0
2413	253	0
2414	253	0
2415	253	0
2416	253	0
2417	253	0
2418	253	0
2419	253	0
2420	253	0
2421	253	0
2422	254	0
2423	253	0
2424	253	0
2425	253	0
2426	253	0
2427	253	0
2428	253	0
2429	253	0
2430	253	0
2431	253	0
2432	254	0
2433	253	0
2434	253	0
2435	253	0
2436	253	0
2437	254	0
2438	254	0
2439	253	0
2440	254	0
2441	253	0
2442	253	0
2443	253	0
2444	253	0
2445	253	0
2446	253	0
2447	253	0
2448	253	0
2449	253	0
2450	253	0
2451	253	0
2452	253	0
2453	253	0
2454	253	0
2455	253	0
2456	254	0
2457	253	0
2458	253	0
2459	253	0
2460	253	0
2461	253	0
2462	253	0
2463	253	0
2464	253	0
2465	253	0
2466	253	0
2467	253	0
2468	253	0
2469	253	0
2470	253	0
2471	253	0
2472	253	0
2473	253	0
2474	253	0
2475	253	0
2476	253	0
2477	253	0
2478	253	0
2479	253	0
2480	253	0
2481	253	0
2482	253	0
2483	253	0
2484	254	0
2485	253	0
2486	253	0
2487	253	0
2488	253	0
2489	253	0
2490	253	0
2491	253	0
2492	253	0
2493	253	0
2494	253	0
2495	253	0
2496	253	0
2497	253	0
2498	253	0
2499	253	0
2500	253	0
2501	253	0
2502	253	0
2503	254	0
2504	253	0
2505	253	0
2506	253	0
2507	253	0
2508	253	0
2509	253	0
2510	253	0
2511	253	0
2512	253	0
2513	253	0
2514	253	0
2515	253	0
2516	253	0
2517	253	0
2518	254	0
2519	253	0
2520	253	0
2521	253	0
2522	253	0
2523	253	0
2524	253	0
2525	254	0
2526	253	0
2527	253	0
2528	253	0
2529	253	0
2530	253	0
2531	253	0
2532	253	0
2533	253	0
2534	253	0
2535	253	0
2536	253	0
2537	253	0
2538	253	0
2539	253	0
2540	253	0
2541	253	0
2542	253	0
2543	253	0
2544	253	0
2545	253	0
2546	253	0
2547	253	0
2548	253	0
2549	253	0
2550	253	0
2551	253	0
2552	253	0
2553	253	0
2554	253	0
2555	253	0
2556	253	0
2557	253	0
2558	253	0
2559	253	0
2560	253	0
2561	253	0
2562	253	0
2563	253	0
2564	253	0
2565	253	0
2566	253	0
2567	253	0
2568	253	0
2569	253	0
2570	253	0
2571	253	0
2572	253	0
2573	253	0
2574	253	0
2575	253	0
2576	253	0
2577	253	0
2578	253	0
2579	253	0
2580	254	0
2581	253	0
2582	253	0
2583	253	0
2584	253	0
2585	253	0
2586	253	0
2587	253	0
2588	254	0
2589	253	0
2590	253	0
2591	253	0
2592	253	0
2593	253	0
2594	253	0
2595	253	0
2596	253	0
2597	253	0
2598	253	0
2599	253	0
2600	253	0
2601	253	0
2602	253	0
2603	253	0
2604	253	0
2605	253	0
2606	253	0
2607	253	0
2608	253	0
2609	253	0
2610	253	0
2611	253	0
2612	253	0
2613	253	0
2614	253	0
2615	253	0
2616	253	0
2617	253	0
2618	253	0
2619	253	0
2620	253	0
2621	253	0
2622	253	0
2623	253	0
2624	253	0
2625	253	0
2626	253	0
2627	253	0
2628	253	0
2629	253	0
2630	253	0
2631	253	0
2632	253	0
2633	253	0
2634	253	0
2635	253	0
2636	253	0
2637	253	0
2638	253	0
2639	254	0
2640	253	0
2641	253	0
2642	253	0
2643	253	0
2644	253	0
2645	253	0
2646	253	0
2647	253	0
2648	253	0
2649	253	0
2650	253	0
2651	253	0
2652	253	0
2653	253	0
2654	253	0
2655	253	0
2656	253	0
2657	253	0
2658	253	0
2659	253	0
2660	254	0
2661	253	0
2662	253	0
2663	253	0
2664	253	0
2665	253	0
2666	253	0
2667	253	0
2668	253	0
2669	253	0
2670	253	0
2671	253	0
2672	253	0
2673	253	0
2674	253	0
2675	253	0
2676	253	0
2677	253	0
2678	253	0
2679	253	0
2680	253	0
2681	253	0
2682	253	0
2683	253	0
2684	253	0
2685	253	0
2686	253	0
2687	253	0
2688	253	0
2689	253	0
2690	253	0
2691	253	0
2692	253	0
2693	253	0
2694	254	0
2695	254	0
2696	253	0
2697	253	0
2698	253	0
2699	253	0
2700	253	0
2701	253	0
2702	253	0
2703	253	0
2704	253	0
2705	253	0
2706	253	0
2707	253	0
2708	253	0
2709	253	0
2710	253	0
2711	253	0
2712	253	0
2713	253	0
2714	254	0
2715	253	0
2716	253	0
2717	253	0
2718	253	0
2719	253	0
2720	253	0
2721	253	0
2722	253	0
2723	253	0
2724	253	0
2725	253	0
2726	253	0
2727	253	0
2728	254	0
2729	253	0
2730	253	0
2731	253	0
2732	253	0
2733	253	0
2734	253	0
2735	253	0
2736	254	0
2737	253	0
2738	253	0
2739	254	0
2740	253	0
2741	254	0
2742	253	0
2743	253	0
2744	253	0
2745	254	0
2746	253	0
2747	253	0
2748	253	0
2749	253	0
2750	253	0
2751	253	0
2752	253	0
2753	253	0
2754	253	0
2755	253	0
2756	253	0
2757	253	0
2758	253	0
2759	253	0
2760	253	0
2761	253	0
2762	253	0
2763	253	0
2764	253	0
2765	253	0
2766	253	0
2767	254	0
2768	253	0
2769	253	0
2770	253	0
2771	253	0
2772	253	0
2773	253	0
2774	253	0
2775	253	0
2776	253	0
2777	253	0
2778	253	0
2779	253	0
2780	253	0
2781	253	0
2782	253	0
2783	253	0
2784	253	0
2785	253	0
2786	253	0
2787	253	0
2788	253	0
2789	253	0
2790	253	0
2791	253	0
2792	253	0
2793	253	0
2794	253	0
2795	253	0
2796	253	0
2797	254	0
2798	253	0
2799	253	0
2800	254	0
2801	253	0
2802	253	0
2803	254	0
2804	253	0
2805	253	0
2806	253	0
2807	254	0
2808	253	0
2809	253	0
2810	253	0
2811	253	0
2812	254	0
2813	253	0
2814	253	0
2815	253	0
2816	253	0
2817	253	0
2818	253	0
2819	253	0
2820	253	0
2821	253	0
2822	253	0
2823	253	0
2824	253	0
2825	253	0
2826	253	0
2827	253	0
2828	253	0
2829	253	0
2830	253	0
2831	253	0
2832	253	0
2833	253	0
2834	253	0
2835	253	0
2836	253	0
2837	253	0
2838	253	0
2839	253	0
2840	253	0
2841	253	0
2842	253	0
2843	254	0
2844	253	0
2845	253	0
2846	253	0
2847	253	0
2848	253	0
2849	253	0
2850	253	0
2851	253	0
2852	253	0
2853	253	0
2854	253	0
2855	253	0
2856	253	0
2857	253	0
2858	253	0
2859	253	0
2860	253	0
2861	253	0
2862	253	0
2863	253	0
2864	253	0
2865	253	0
2866	253	0
2867	253	0
2868	253	0
2869	253	0
2870	253	0
2871	253	0
2872	253	0
2873	253	0
2874	254	0
2875	253	0
2876	253	0
2877	253	0
2878	253	0
2879	253	0
2880	253	0
2881	253	0
2882	253	0
2883	253	0
2884	253	0
2885	253	0
2886	253	0
2887	253	0
2888	253	0
2889	253	0
2890	253	0
2891	253	0
2892	253	0
2893	254	0
2894	253	0
2895	253	0
2896	253	0
2897	253	0
2898	253	0
2899	253	0
2900	254	0
2901	253	0
2902	253	0
2903	253	0
2904	253	0
2905	253	0
2906	253	0
2907	253	0
2908	253	0
2909	253	0
2910	253	0
2911	253	0
2912	253	0
2913	253	0
2914	253	0
2915	253	0
2916	253	0
2917	253	0
2918	253	0
2919	254	0
2920	253	0
2921	253	0
2922	253	0
2923	253	0
2924	253	0
2925	253	0
2926	253	0
2927	253	0
2928	253	0
2929	253	0
2930	253	0
2931	253	0
2932	253	0
2933	253	0
2934	253	0
2935	253	0
2936	253	0
2937	253	0
2938	253	0
2939	253	0
2940	253	0
2941	253	0
2942	253	0
2943	253	0
2944	254	0
2945	253	0
2946	253	0
2947	253	0
2948	253	0
2949	253	0
2950	253	0
2951	253	0
2952	253	0
2953	253	0
2954	254	0
2955	253	0
2956	253	0
2957	253	0
2958	254	0
2959	253	0
2960	253	0
2961	253	0
2962	254	0
2963	253	0
2964	253	0
2965	253	0
2966	253	0
2967	253	0
2968	253	0
2969	253	0
2970	253	0
2971	253	0
2972	253	0
2973	253	0
2974	253	0
2975	253	0
2976	253	0
2977	253	0
2978	253	0
2979	253	0
2980	253	0
2981	253	0
2982	253	0
2983	253	0
2984	253	0
2985	253	0
2986	253	0
2987	253	0
2988	253	0
2989	253	0
2990	253	0
2991	253	0
2992	253	0
2993	253	0
2994	253	0
2995	253	0
2996	253	0
2997	253	0
2998	253	0
2999	253	0
3000	253	0
3001	253	0
3002	253	0
3003	253	0
3004	253	0
3005	253	0
3006	253	0
3007	253	0
3008	253	0
3009	253	0
3010	254	0
3011	253	0
3012	253	0
3013	253	0
3014	253	0
3015	253	0
3016	253	0
3017	253	0
3018	253	0
3019	253	0
3020	253	0
3021	253	0
3022	253	0
3023	253	0
3024	253	0
3025	254	0
3026	253	0
3027	254	0
3028	253	0
3029	254	0
3030	253	0
3031	253	0
3032	253	0
3033	253	0
3034	253	0
3035	253	0
3036	253	0
3037	253	0
3038	253	0
3039	253	0
3040	253	0
3041	253	0
3042	253	0
3043	253	0
3044	253	0
3045	253	0
3046	253	0
3047	253	0
3048	253	0
3049	253	0
3050	253	0
3051	253	0
3052	253	0
3053	253	0
3054	253	0
3055	253	0
3056	254	0
3057	253	0
3058	253	0
3059	253	0
3060	253	0
3061	253	0
3062	253	0
3063	253	0
3064	253	0
3065	253	0
3066	253	0
3067	253	0
3068	253	0
3069	253	0
3070	253	0
3071	253	0
3072	253	0
3073	254	0
3074	253	0
3075	253	0
3076	253	0
3077	253	0
3078	253	0
3079	253	0
3080	253	0
3081	253	0
3082	253	0
3083	253	0
3084	253	0
3085	253	0
3086	254	0
3087	253	0
3088	253	0
3089	253	0
3090	254	0
3091	253	0
3092	253	0
3093	253	0
3094	253	0
3095	253	0
3096	253	0
3097	253	0
3098	253	0
3099	253	0
3100	253	0
3101	253	0
3102	253	0
3103	253	0
3104	253	0
3105	253	0
3106	253	0
3107	253	0
3108	253	0
3109	253	0
3110	253	0
3111	253	0
3112	254	0
3113	254	0
3114	253	0
3115	253	0
3116	253	0
3117	253	0
3118	254	0
3119	253	0
3120	253	0
3121	253	0
3122	253	0
3123	253	0
3124	253	0
3125	253	0
3126	253	0
3127	253	0
3128	253	0
3129	253	0
3130	253	0
3131	253	0
3132	253	0
3133	254	0
3134	253	0
3135	253	0
3136	253	0
3137	253	0
3138	253	0
3139	253	0
3140	253	0
3141	253	0
3142	253	0
3143	253	0
3144	253	0
3145	253	0
3146	253	0
3147	253	0
3148	253	0
3149	253	0
3150	253	0
3151	253	0
3152	253	0
3153	253	0
3154	253	0
3155	253	0
3156	254	0
3157	253	0
3158	253	0
3159	253	0
3160	253	0
3161	253	0
3162	253	0
3163	253	0
3164	253	0
3165	253	0
3166	253	0
3167	253	0
3168	253	0
3169	253	0
3170	253	0
3171	254	0
3172	253	0
3173	253	0
3174	253	0
3175	253	0
3176	253	0
3177	253	0
3178	254	0
3179	253	0
3180	253	0
3181	253	0
3182	253	0
3183	253	0
3184	253	0
3185	253	0
3186	253	0
3187	253	0
3188	253	0
3189	253	0
3190	253	0
3191	253	0
3192	253	0
3193	253	0
3194	253	0
3195	253	0
3196	253	0
3197	253	0
3198	253	0
3199	253	0
3200	254	0
3201	253	0
3202	253	0
3203	253	0
3204	254	0
3205	254	0
3206	253	0
3207	253	0
3208	253	0
3209	253	0
3210	253	0
3211	253	0
3212	254	0
3213	253	0
3214	254	0
3215	253	0
3216	253	0
3217	253	0
3218	254	0
3219	253	0
3220	253	0
3221	254	0
3222	253	0
3223	253	0
3224	253	0
3225	253	0
3226	253	0
3227	254	0
3228	253	0
3229	253	0
3230	254	0
3231	253	0
3232	253	0
3233	253	0
3234	253	0
3235	253	0
3236	253	0
3237	253	0
3238	253	0
3239	253	0
3240	253	0
3241	253	0
3242	253	0
3243	253	0
3244	253	0
3245	253	0
3246	253	0
3247	253	0
3248	253	0
3249	253	0
3250	253	0
3251	253	0
3252	253	0
3253	253	0
3254	253	0
3255	254	0
3256	253	0
3257	253	0
3258	253	0
3259	253	0
3260	253	0
3261	253	0
3262	253	0
3263	253	0
3264	253	0
3265	254	0
3266	253	0
3267	253	0
3268	253	0
3269	253	0
3270	253	0
3271	253	0
3272	253	0
3273	253	0
3274	254	0
3275	253	0
3276	253	0
3277	253	0
3278	253	0
3279	253	0
3280	253	0
3281	253	0
3282	253	0
3283	253	0
3284	253	0
3285	253	0
3286	253	0
3287	253	0
3288	253	0
3289	253	0
3290	253	0
3291	253	0
3292	253	0
3293	253	0
3294	253	0
3295	253	0
3296	253	0
3297	253	0
3298	253	0
3299	254	0
3300	254	0
3301	253	0
3302	253	0
3303	253	0
3304	253	0
3305	253	0
3306	253	0
3307	254	0
3308	253	0
3309	253	0
3310	253	0
3311	253	0
3312	253	0
3313	253	0
3314	254	0
3315	253	0
3316	253	0
3317	253	0
3318	253	0
3319	253	0
3320	254	0
3321	253	0
3322	253	0
3323	253	0
3324	253	0
3325	253	0
3326	253	0
3327	253	0
3328	254	0
3329	253	0
3330	253	0
3331	254	0
3332	253	0
3333	254	0
3334	253	0
3335	253	0
3336	253	0
3337	253	0
3338	253	0
3339	253	0
3340	253	0
3341	253	0
3342	253	0
3343	253	0
3344	253	0
3345	253	0
3346	253	0
3347	253	0
3348	253	0
3349	253	0
3350	253	0
3351	253	0
3352	253	0
3353	253	0
3354	253	0
3355	253	0
3356	253	0
3357	253	0
3358	253	0
3359	253	0
3360	253	0
3361	253	0
3362	254	0
3363	253	0
3364	253	0
3365	253	0
3366	253	0
3367	253	0
3368	253	0
3369	253	0
3370	253	0
3371	253	0
3372	253	0
3373	253	0
3374	253	0
3375	253	0
3376	253	0
3377	253	0
3378	253	0
3379	253	0
3380	253	0
3381	253	0
3382	253	0
3383	254	0
3384	253	0
3385	253	0
3386	253	0
3387	253	0
3388	253	0
3389	253	0
3390	253	0
3391	253	0
3392	253	0
3393	253	0
3394	254	0
3395	253	0
3396	254	0
3397	253	0
3398	253	0
3399	253	0
3400	253	0
3401	253	0
3402	253	0
3403	253	0
3404	253	0
3405	253	0
3406	253	0
3407	253	0
3408	253	0
3409	253	0
3410	253	0
3411	253	0
3412	253	0
3413	253	0
3414	254	0
3415	253	0
3416	253	0
3417	253	0
3418	253	0
3419	253	0
3420	253	0
3421	253	0
3422	253	0
3423	253	0
3424	253	0
3425	253	0
3426	253	0
3427	253	0
3428	253	0
3429	254	0
3430	253	0
3431	253	0
3432	253	0
3433	253	0
3434	253	0
3435	253	0
3436	253	0
3437	253	0
3438	253	0
3439	253	0
3440	253	0
3441	253	0
3442	253	0
3443	253	0
3444	253	0
3445	253	0
3446	253	0
3447	253	0
3448	253	0
3449	253	0
3450	253	0
3451	254	0
3452	253	0
3453	253	0
3454	253	0
3455	253	0
3456	253	0
3457	253	0
3458	253	0
3459	253	0
3460	253	0
3461	254	0
3462	253	0
3463	253	0
3464	253	0
3465	253	0
3466	253	0
3467	253	0
3468	253	0
3469	254	0
3470	253	0
3471	253	0
3472	253	0
3473	253	0
3474	253	0
3475	254	0
3476	253	0
3477	253	0
3478	253	0
3479	253	0
3480	253	0
3481	253	0
3482	253	0
3483	253	0
3484	253	0
3485	253	0
3486	253	0
3487	253	0
3488	253	0
3489	253	0
3490	253	0
3491	253	0
3492	253	0
3493	253	0
3494	253	0
3495	253	0
3496	253	0
3497	253	0
3498	253	0
3499	253	0
3500	253	0
3501	253	0
3502	253	0
3503	253	0
3504	253	0
3505	253	0
3506	253	0
3507	253	0
3508	253	0
3509	253	0
3510	253	0
3511	253	0
3512	253	0
3513	253	0
3514	253	0
3515	253	0
3516	253	0
3517	253	0
3518	253	0
3519	253	0
3520	253	0
3521	253	0
3522	254	0
3523	253	0
3524	253	0
3525	253	0
3526	253	0
3527	253	0
3528	253	0
3529	254	0
3530	254	0
3531	253	0
3532	253	0
3533	254	0
3534	253	0
3535	253	0
3536	254	0
3537	253	0
3538	254	0
3539	253	0
3540	253	0
3541	253	0
3542	253	0
3543	253	0
3544	253	0
3545	253	0
3546	253	0
3547	253	0
3548	253	0
3549	253	0
3550	253	0
3551	254	0
3552	254	0
3553	253	0
3554	253	0
3555	253	0
3556	253	0
3557	253	0
3558	253	0
3559	253	0
3560	253	0
3561	253	0
3562	253	0
3563	253	0
3564	253	0
3565	253	0
3566	253	0
3567	253	0
3568	253	0
3569	253	0
3570	253	0
3571	253	0
3572	253	0
3573	253	0
3574	253	0
3575	253	0
3576	253	0
3577	253	0
3578	253	0
3579	253	0
3580	253	0
3581	254	0
3582	253	0
3583	253	0
3584	253	0
3585	253	0
3586	254	0
3587	253	0
3588	253	0
3589	253	0
3590	253	0
3591	253	0
3592	253	0
3593	253	0
3594	253	0
3595	253	0
3596	253	0
3597	253	0
3598	253	0
3599	253	0
3600	254	0
3601	253	0
3602	253	0
3603	253	0
3604	253	0
3605	253	0
3606	253	0
3607	253	0
3608	253	0
3609	253	0
3610	253	0
3611	253	0
3612	253	0
3613	254	0
3614	253	0
3615	254	0
3616	253	0
3617	253	0
3618	253	0
3619	253	0
3620	253	0
3621	253	0
3622	253	0
3623	253	0
3624	253	0
3625	253	0
3626	253	0
3627	253	0
3628	253	0
3629	253	0
3630	253	0
3631	254	0
3632	253	0
3633	253	0
3634	253	0
3635	253	0
3636	253	0
3637	253	0
3638	254	0
3639	253	0
3640	253	0
3641	253	0
3642	253	0
3643	253	0
3644	253	0
3645	253	0
3646	253	0
3647	253	0
3648	253	0
3649	253	0
3650	253	0
3651	254	0
3652	254	0
3653	253	0
3654	253	0
3655	253	0
3656	253	0
3657	253	0
3658	253	0
3659	253	0
3660	253	0
3661	253	0
3662	253	0
3663	253	0
3664	253	0
3665	253	0
3666	254	0
3667	253	0
3668	253	0
3669	253	0
3670	253	0
3671	253	0
3672	254	0
3673	253	0
3674	253	0
3675	253	0
3676	253	0
3677	253	0
3678	253	0
3679	253	0
3680	253	0
3681	253	0
3682	253	0
3683	253	0
3684	253	0
3685	253	0
3686	253	0
3687	254	0
3688	253	0
3689	253	0
3690	253	0
3691	253	0
3692	254	0
3693	253	0
3694	253	0
3695	253	0
3696	253	0
3697	253	0
3698	254	0
3699	253	0
3700	253	0
3701	254	0
3702	253	0
3703	253	0
3704	253	0
3705	253	0
3706	253	0
3707	254	0
3708	253	0
3709	253	0
3710	253	0
3711	253	0
3712	253	0
3713	253	0
3714	253	0
3715	253	0
3716	253	0
3717	253	0
3718	253	0
3719	253	0
3720	253	0
3721	254	0
3722	253	0
3723	253	0
3724	253	0
3725	253	0
3726	253	0
3727	253	0
3728	253	0
3729	253	0
3730	253	0
3731	253	0
3732	253	0
3733	253	0
3734	253	0
3735	253	0
3736	253	0
3737	253	0
3738	253	0
3739	253	0
3740	253	0
3741	253	0
3742	253	0
3743	253	0
3744	253	0
3745	253	0
3746	253	0
3747	253	0
3748	253	0
3749	253	0
3750	253	0
3751	253	0
3752	253	0
3753	253	0
3754	253	0
3755	254	0
3756	253	0
3757	253	0
3758	253	0
3759	253	0
3760	254	0
3761	253	0
3762	253	0
3763	253	0
3764	253	0
3765	253	0
3766	253	0
3767	253	0
3768	253	0
3769	253	0
3770	253	0
3771	253	0
3772	253	0
3773	253	0
3774	253	0
3775	253	0
3776	253	0
3777	253	0
3778	253	0
3779	253	0
3780	253	0
3781	253	0
3782	253	0
3783	253	0
3784	253	0
3785	253	0
3786	253	0
3787	253	0
3788	253	0
3789	253	0
3790	253	0
3791	253	0
3792	253	0
3793	253	0
3794	254	0
3795	253	0
3796	253	0
3797	253	0
3798	253	0
3799	253	0
3800	253	0
3801	253	0
3802	253	0
3803	253	0
3804	253	0
3805	253	0
3806	253	0
3807	253	0
3808	253	0
3809	253	0
3810	253	0
3811	253	0
3812	253	0
3813	253	0
3814	253	0
3815	253	0
3816	253	0
3817	253	0
3818	253	0
3819	253	0
3820	253	0
3821	253	0
3822	253	0
3823	253	0
3824	253	0
3825	253	0
3826	253	0
3827	253	0
3828	253	0
3829	253	0
3830	253	0
3831	253	0
3832	253	0
3833	253	0
3834	253	0
3835	253	0
3836	254	0
3837	253	0
3838	253	0
3839	253	0
3840	253	0
3841	253	0
3842	253	0
3843	253	0
3844	253	0
3845	253	0
3846	253	0
3847	253	0
3848	253	0
3849	253	0
3850	253	0
3851	253	0
3852	253	0
3853	253	0
3854	253	0
3855	253	0
3856	253	0
3857	253	0
3858	253	0
3859	253	0
3860	253	0
3861	253	0
3862	254	0
3863	253	0
3864	253	0
3865	253	0
3866	253	0
3867	253	0
3868	253	0
3869	253	0
3870	253	0
3871	253	0
3872	253	0
3873	253	0
3874	253	0
3875	253	0
3876	253	0
3877	253	0
3878	253	0
3879	253	0
3880	253	0
3881	253	0
3882	253	0
3883	253	0
3884	253	0
3885	254	0
3886	253	0
3887	253	0
3888	253	0
3889	253	0
3890	253	0
3891	253	0
3892	253	0
3893	253	0
3894	253	0
3895	253	0
3896	253	0
3897	253	0
3898	254	0
3899	253	0
3900	253	0
3901	253	0
3902	253	0
3903	254	0
3904	253	0
3905	253	0
3906	253	0
3907	253	0
3908	253	0
3909	253	0
3910	253	0
3911	253	0
3912	253	0
3913	253	0
3914	253	0
3915	253	0
3916	253	0
3917	253	0
3918	253	0
3919	253	0
3920	253	0
3921	253	0
3922	253	0
3923	253	0
3924	253	0
3925	253	0
3926	253	0
3927	253	0
3928	253	0
3929	253	0
3930	253	0
3931	253	0
3932	253	0
3933	253	0
3934	253	0
3935	254	0
3936	253	0
3937	253	0
3938	253	0
3939	253	0
3940	253	0
3941	253	0
3942	254	0
3943	253	0
3944	253	0
3945	253	0
3946	253	0
3947	253	0
3948	253	0
3949	253	0
3950	254	0
3951	253	0
3952	254	0
3953	253	0
3954	253	0
3955	253	0
3956	253	0
3957	253	0
3958	254	0
3959	253	0
3960	253	0
3961	253	0
3962	253	0
3963	253	0
3964	253	0
3965	253	0
3966	253	0
3967	253	0
3968	253	0
3969	253	0
3970	253	0
3971	253	0
3972	253	0
3973	253	0
3974	253	0
3975	253	0
3976	253	0
3977	253	0
3978	253	0
3979	253	0
3980	253	0
3981	253	0
3982	253	0
3983	253	0
3984	254	0
3985	253	0
3986	253	0
3987	253	0
3988	253	0
3989	253	0
3990	253	0
3991	253	0
3992	254	0
3993	253	0
3994	253	0
3995	253	0
3996	253	0
3997	253	0
3998	253	0
3999	253	0
4000	253	0
4001	253	0
4002	253	0
4003	253	0
4004	254	0
4005	253	0
4006	253	0
4007	253	0
4008	253	0
4009	253	0
4010	253	0
4011	253	0
4012	253	0
4013	253	0
4014	253	0
4015	253	0
4016	253	0
4017	253	0
4018	253	0
4019	253	0
4020	253	0
4021	253	0
4022	253	0
4023	253	0
4024	253	0
4025	253	0
4026	253	0
4027	253	0
4028	253	0
4029	253	0
4030	253	0
4031	253	0
4032	253	0
4033	253	0
4034	253	0
4035	253	0
4036	253	0
4037	253	0
4038	253	0
4039	253	0
4040	253	0
4041	253	0
4042	253	0
4043	253	0
4044	253	0
4045	253	0
4046	253	0
4047	253	0
4048	253	0
4049	253	0
4050	254	0
4051	253	0
4052	253	0
4053	253	0
4054	253	0
4055	253	0
4056	254	0
4057	253	0
4058	253	0
4059	253	0
4060	253	0
4061	253	0
4062	253	0
4063	253	0
4064	253	0
4065	253	0
4066	253	0
4067	253	0
4068	253	0
4069	253	0
4070	253	0
4071	253	0
4072	253	0
4073	253	0
4074	253	0
4075	253	0
4076	253	0
4077	253	0
4078	253	0
4079	253	0
4080	253	0
4081	253	0
4082	253	0
4083	253	0
4084	253	0
4085	253	0
4086	253	0
4087	253	0
4088	253	0
4089	253	0
4090	253	0
4091	253	0
4092	253	0
4093	253	0
4094	253	0
4095	253	0
4096	253	0
4097	253	0
4098	253	0
4099	253	0
4100	253	0
4101	253	0
4102	253	0
4103	253	0
4104	253	0
4105	253	0
4106	253	0
4107	253	0
4108	253	0
4109	253	0
4110	253	0
4111	253	0
4112	253	0
4113	253	0
4114	253	0
4115	253	0
4116	253	0
4117	253	0
4118	253	0
4119	253	0
4120	253	0
4121	253	0
4122	253	0
4123	253	0
4124	253	0
4125	253	0
4126	253	0
4127	253	0
4128	253	0
4129	253	0
4130	253	0
4131	253	0
4132	253	0
4133	253	0
4134	253	0
4135	253	0
4136	253	0
4137	253	0
4138	253	0
4139	253	0
4140	253	0
4141	253	0
4142	253	0
4143	253	0
4144	253	0
4145	253	0
4146	253	0
4147	253	0
4148	253	0
4149	253	0
4150	253	0
4151	253	0
4152	253	0
4153	253	0
4154	253	0
4155	253	0
4156	253	0
4157	253	0
4158	253	0
4159	253	0
4160	253	0
4161	254	0
4162	253	0
4163	253	0
4164	253	0
4165	253	0
4166	254	0
4167	253	0
4168	253	0
4169	253	0
4170	253	0
4171	253	0
4172	253	0
4173	253	0
4174	253	0
4175	253	0
4176	253	0
4177	253	0
4178	253	0
4179	253	0
4180	253	0
4181	253	0
4182	253	0
4183	253	0
4184	253	0
4185	253	0
4186	253	0
4187	253	0
4188	254	0
4189	253	0
4190	253	0
4191	253	0
4192	253	0
4193	253	0
4194	253	0
4195	253	0
4196	253	0
4197	253	0
4198	254	0
4199	253	0
4200	253	0
4201	253	0
4202	253	0
4203	253	0
4204	253	0
4205	253	0
4206	253	0
4207	254	0
4208	253	0
4209	253	0
4210	253	0
4211	253	0
4212	253	0
4213	253	0
4214	253	0
4215	253	0
4216	253	0
4217	253	0
4218	253	0
4219	253	0
4220	253	0
4221	253	0
4222	253	0
4223	253	0
4224	253	0
4225	253	0
4226	253	0
4227	253	0
4228	253	0
4229	253	0
4230	253	0
4231	253	0
4232	253	0
4233	253	0
4234	253	0
4235	253	0
4236	253	0
4237	252	0
4238	252	0
4239	251	0
4240	251	0
4241	251	0
4242	251	0
4243	250	0
4244	249	0
4245	249	0
4246	249	0
4247	249	0
4248	249	0
4249	249	0
4250	248	0
4251	249	0
4252	249	0
4253	249	0
4254	249	0
4255	249	0
4256	249	0
4257	249	0
4258	249	0
4259	248	0
4260	249	0
4261	248	0
4262	248	0
4263	247	0
4264	247	0
4265	247	0
4266	247	0
4267	247	0
4268	247	0
4269	247	0
4270	247	0
4271	247	0
4272	247	0
4273	245	0
4274	246	0
4275	246	0
4276	246	0
4277	246	0
4278	245	0
4279	245	0
4280	245	0
4281	245	0
4282	245	0
4283	245	0
4284	245	0
4285	243	0
4286	244	0
4287	243	0
4288	245	0
4289	243	0
4290	243	0
4291	243	0
4292	242	0
4293	243	0
4294	242	0
4295	242	0
4296	241	0
4297	241	0
4298	241	0
4299	241	0
4300	241	0
4301	241	0
4302	241	0
4303	240	0
4304	240	0
4305	239	0
4306	239	0
4307	239	0
4308	239	0
4309	239	0
4310	239	0
4311	238	0
4312	239	0
4313	238	0
4314	237	0
4315	237	0
4316	236	0
4317	236	0
4318	235	0
4319	235	0
4320	235	0
4321	234	0
4322	235	0
4323	235	0
4324	234	0
4325	234	0
4326	233	0
4327	233	0
4328	233	0
4329	233	0
4330	233	0
4331	233	0
4332	233	0
4333	231	0
4334	231	0
4335	231	0
4336	230	0
4337	230	0
4338	230	0
4339	230	0
4340	230	0
4341	229	0
4342	229	0
4343	229	0
4344	229	0
4345	228	0
4346	228	0
4347	227	0
4348	227	0
4349	227	0
4350	226	0
4351	226	0
4352	226	0
4353	225	0
4354	225	0
4355	225	0
4356	225	0
4357	225	0
4358	223	0
4359	224	0
4360	224	0
4361	223	0
4362	223	0
4363	223	0
4364	224	0
4365	223	0
4366	222	0
4367	222	0
4368	222	0
4369	222	0
4370	221	0
4371	221	0
4372	221	0
4373	220	0
4374	220	0
4375	219	0
4376	219	0
4377	218	0
4378	217	0
4379	217	0
4380	217	0
4381	217	0
4382	217	0
4383	217	0
4384	216	0
4385	216	0
4386	216	0
4387	215	0
4388	215	0
4389	215	0
4390	214	0
4391	215	0
4392	214	0
4393	213	0
4394	213	0
4395	213	0
4396	213	0
4397	212	0
4398	212	0
4399	212	0
4400	211	0
4401	211	0
4402	211	0
4403	210	0
4404	210	0
4405	210	0
4406	209	0
4407	209	0
4408	209	0
4409	208	0
4410	209	0
4411	208	0
4412	208	0
4413	207	0
4414	206	0
4415	206	0
4416	205	0
4417	205	0
4418	205	0
4419	204	0
4420	205	0
4421	204	0
4422	204	0
4423	204	0
4424	203	0
4425	202	0
4426	203	0
4427	202	0
4428	201	0
4429	201	0
4430	201	0
4431	200	0
4432	199	0
4433	198	0
4434	198	0
4435	198	0
4436	197	0
4437	197	0
4438	197	0
4439	196	0
4440	196	0
4441	195	0
4442	194	0
4443	193	0
4444	193	0
4445	192	0
4446	193	0
4447	191	0
4448	191	0
4449	191	0
4450	190	0
4451	189	0
4452	189	0
4453	189	0
4454	187	0
4455	186	0
4456	185	0
4457	184	0
4458	184	0
4459	183	0
4460	182	0
4461	183	0
4462	182	0
4463	181	0
4464	181	0
4465	181	0
4466	180	0
4467	178	0
4468	178	0
4469	177	0
4470	177	0
4471	177	0
4472	177	0
4473	175	0
4474	175	0
4475	173	0
4476	173	0
4477	173	0
4478	172	0
4479	173	0
4480	171	0
4481	171	0
4482	171	0
4483	172	0
4484	171	0
4485	172	0
4486	171	0
4487	171	0
4488	172	0
4489	173	0
4490	171	0
4491	171	0
4492	173	0
4493	171	0
4494	172	0
4495	172	0
4496	171	0
4497	171	0
4498	172	0
4499	172	0
4500	171	0
4501	172	0
4502	171	0
4503	171	0
4504	172	0
4505	172	0
4506	172	0
4507	171	0
4508	171	0
4509	172	0
4510	171	0
4511	173	0
4512	171	0
4513	172	0
4514	172	0
4515	172	0
4516	172	0
4517	172	0
4518	173	0
4519	172	0
4520	172	0
4521	172	0
4522	171	0
4523	172	0
4524	171	0
4525	171	0
4526	172	0
4527	172	0
4528	171	0
4529	171	0
4530	172	0
4531	172	0
4532	172	0
4533	172	0
4534	172	0
4535	173	0
4536	172	0
4537	172	0
4538	172	0
4539	172	0
4540	171	0
4541	173	0
4542	173	0
4543	171	0
4544	171	0
4545	172	0
4546	172	0
4547	172	0
4548	173	0
4549	172	0
4550	171	0
4551	172	0
4552	172	0
4553	171	0
4554	172	0
4555	171	0
4556	172	0
4557	172	0
4558	172	0
4559	173	0
4560	172	0
4561	172	0
4562	172	0
4563	172	0
4564	172	0
4565	173	0
4566	172	0
4567	173	0
4568	171	0
4569	172	0
4570	172	0
4571	171	0
4572	172	0
4573	172	0
4574	172	0
4575	171	0
4576	172	0
4577	173	0
4578	171	0
4579	171	0
4580	171	0
4581	173	0
4582	172	0
4583	171	0
4584	171	0
4585	172	0
4586	172	0
4587	172	0
4588	172	0
4589	172	0
4590	172	0
4591	172	0
4592	172	0
4593	172	0
4594	171	0
4595	172	0
4596	173	0
4597	171	0
4598	172	0
4599	173	0
4600	172	0
4601	172	0
4602	172	0
4603	172	0
4604	172	0
4605	171	0
4606	171	0
4607	171	0
4608	171	0
4609	172	0
4610	172	0
4611	171	0
4612	171	0
4613	171	0
4614	171	0
4615	171	0
4616	171	0
4617	172	0
4618	171	0
4619	171	0
4620	171	0
4621	172	0
4622	172	0
4623	173	0
4624	173	0
4625	172	0
4626	172	0
4627	171	0
4628	171	0
4629	172	0
4630	171	0
4631	171	0
4632	172	0
4633	172	0
4634	172	0
4635	172	0
4636	171	0
4637	172	0
4638	171	0
4639	171	0
4640	171	0
4641	172	0
4642	172	0
4643	172	0
4644	171	0
4645	171	0
4646	171	0
4647	173	0
4648	171	0
4649	171	0
4650	172	0
4651	171	0
4652	171	0
4653	171	0
4654	172	0
4655	172	0
4656	171	0
4657	171	0
4658	172	0
4659	171	0
4660	171	0
4661	172	0
4662	172	0
4663	171	0
4664	171	0
4665	171	0
4666	172	0
4667	171	0
4668	171	0
4669	172	0
4670	172	0
4671	172	0
4672	171	0
4673	172	0
4674	172	0
4675	171	0
4676	171	0
4677	172	0
4678	172	0
4679	171	0
4680	172	0
4681	171	0
4682	171	0
4683	172	0
4684	172	0
4685	172	0
4686	172	0
4687	171	0
4688	171	0
4689	172	0
4690	171	0
4691	171	0
4692	172	0
4693	171	0
4694	171	0
4695	172	0
4696	172	0
4697	171	0
4698	172	0
4699	172	0
4700	172	0
4701	171	0
4702	172	0
4703	172	0
4704	172	0
4705	172	0
4706	171	0
4707	171	0
4708	171	0
4709	172	0
4710	172	0
4711	172	0
4712	171	0
4713	172	0
4714	171	0
4715	172	0
4716	173	0
4717	172	0
4718	171	0
4719	172	0
4720	171	0
4721	172	0
4722	172	0
4723	172	0
4724	171	0
4725	172	0
4726	171	0
4727	171	0
4728	171	0
4729	171	0
4730	171	0
4731	172	0
4732	173	0
4733	171	0
4734	171	0
4735	171	0
4736	171	0
4737	172	0
4738	172	0
4739	172	0
4740	171	0
4741	171	0
4742	171	0
4743	173	0
4744	172	0
4745	171	0
4746	171	0
4747	171	0
4748	173	0
4749	171	0
4750	171	0
4751	172	0
4752	171	0
4753	172	0
4754	171	0
4755	172	0
4756	171	0
4757	172	0
4758	171	0
4759	172	0
4760	172	0
4761	171	0
4762	172	0
4763	171	0
4764	171	0
4765	172	0
4766	172	0
4767	172	0
4768	171	0
4769	171	0
4770	171	0
4771	172	0
4772	171	0
4773	171	0
4774	171	0
4775	171	0
4776	171	0
4777	170	0
4778	171	0
4779	169	0
4780	169	0
4781	169	0
4782	169	0
4783	168	0
4784	168	0
4785	167	0
4786	167	0
4787	167	0
4788	166	0
4789	165	0
4790	165	0
4791	164	0
4792	163	0
4793	163	0
4794	163	0
4795	162	0
4796	162	0
4797	161	0
4798	161	0
4799	161	0
4800	161	0
4801	161	0
4802	161	0
4803	161	0
4804	160	0
4805	161	0
4806	160	0
4807	160	0
4808	160	0
4809	160	0
4810	161	0
4811	159	0
4812	159	0
4813	159	0
4814	158	0
4815	158	0
4816	157	0
4817	157	0
4818	157	0
4819	157	0
4820	157	0
4821	156	0
4822	156	0
4823	155	0
4824	155	0
4825	155	0
4826	154	0
4827	154	0
4828	155	0
4829	154	0
4830	154	0
4831	153	0
4832	153	0
4833	154	0
4834	153	0
4835	153	0
4836	153	0
4837	153	0
4838	152	0
4839	153	0
4840	153	0
4841	153	0
4842	153	0
4843	151	0
4844	152	0
4845	152	0
4846	151	0
4847	151	0
4848	150	0
4849	150	0
4850	149	0
4851	149	0
4852	149	0
4853	149	0
4854	148	0
4855	148	0
4856	147	0
4857	147	0
4858	147	0
4859	147	0
4860	147	0
4861	147	0
4862	146	0
4863	146	0
4864	145	0
4865	145	0
4866	145	0
4867	145	0
4868	145	0
4869	145	0
4870	144	0
4871	144	0
4872	143	0
4873	144	0
4874	145	0
4875	143	0
4876	143	0
4877	143	0
4878	143	0
4879	142	0
4880	142	0
4881	142	0
4882	142	0
4883	141	0
4884	141	0
4885	141	0
4886	141	0
4887	141	0
4888	141	0
4889	141	0
4890	140	0
4891	140	0
4892	139	0
4893	139	0
4894	139	0
4895	139	0
4896	138	0
4897	139	0
4898	137	0
4899	137	0
4900	137	0
4901	137	0
4902	137	0
4903	137	0
4904	137	0
4905	136	0
4906	135	0
4907	136	0
4908	136	0
4909	135	0
4910	135	0
4911	135	0
4912	135	0
4913	134	0
4914	134	0
4915	133	0
4916	134	0
4917	134	0
4918	133	0
4919	133	0
4920	133	0
4921	132	0
4922	132	0
4923	131	0
4924	132	0
4925	131	0
4926	131	0
4927	131	0
4928	130	0
4929	129	0
4930	129	0
4931	129	0
4932	129	0
4933	129	0
4934	129	0
4935	128	0
4936	128	0
4937	129	0
4938	129	0
4939	129	0
4940	127	0
4941	127	0
4942	126	0
4943	126	0
4944	125	0
4945	125	0
4946	125	0
4947	125	0
4948	124	0
4949	123	0
4950	122	0
4951	123	0
4952	123	0
4953	122	0
4954	122	0
4955	121	0
4956	121	0
4957	121	0
4958	121	0
4959	121	0
4960	121	0
4961	120	0
4962	119	0
4963	119	0
4964	118	0
4965	118	0
4966	117	0
4967	117	0
4968	117	0
4969	116	0
4970	115	0
4971	115	0
4972	115	0
4973	115	0
4974	113	0
4975	113	0
4976	113	0
4977	113	0
4978	113	0
4979	113	0
4980	112	0
4981	112	0
4982	111	0
4983	111	0
4984	110	0
4985	110	0
4986	109	0
4987	109	0
4988	109	0
4989	109	0
4990	109	0
4991	107	0
4992	107	0
4993	107	0
4994	107	0
4995	107	0
4996	105	0
4997	105	0
4998	105	0
4999	105	0
5000	105	0
5001	104	0
5002	103	0
5003	102	0
5004	102	0
5005	101	0
5006	101	0
5007	101	0
5008	101	0
5009	100	0
5010	100	0
5011	100	0
5012	100	0
5013	99	0
5014	100	0
5015	99	0
5016	99	0
5017	99	0
5018	99	0
5019	97	0
5020	97	0
5021	97	0
5022	97	0
5023	97	0
5024	95	0
5025	96	0
5026	95	0
5027	95	0
5028	95	0
5029	94	0
5030	95	0
5031	94	0
5032	94	0
5033	94	0
5034	93	0
5035	93	0
5036	93	0
5037	93	0
5038	92	0
5039	93	0
5040	91	0
5041	91	0
5042	91	0
5043	91	0
5044	91	0
5045	91	0
5046	91	0
5047	90	0
5048	91	0
5049	90	0
5050	90	0
5051	91	0
5052	90	0
5053	91	0
5054	91	0
5055	91	0
5056	91	0
5057	91	0
5058	91	0
5059	91	0
5060	91	0
5061	91	0
5062	91	0
5063	91	0
5064	91	0
5065	91	0
5066	91	0
5067	91	0
5068	90	0
5069	91	0
5070	89	0
5071	90	0
5072	91	0
5073	91	0
5074	91	0
5075	91	0
5076	91	0
5077	89	0
5078	91	0
5079	90	0
5080	91	0
5081	91	0
5082	91	0
5083	91	0
5084	90	0
5085	91	0
5086	91	0
5087	91	0
5088	91	0
5089	90	0
5090	91	0
5091	91	0
5092	91	0
5093	90	0
5094	90	0
5095	91	0
5096	90	0
5097	91	0
5098	91	0
5099	91	0
5100	91	0
5101	90	0
5102	91	0
5103	91	0
5104	91	0
5105	91	0
5106	91	0
5107	91	0
5108	91	0
5109	90	0
5110	91	0
5111	90	0
5112	90	0
5113	91	0
5114	91	0
5115	91	0
5116	90	0
5117	91	0
5118	91	0
5119	90	0
5120	91	0
5121	91	0
5122	91	0
5123	90	0
5124	91	0
5125	90	0
5126	91	0
5127	91	0
5128	90	0
5129	90	0
5130	90	0
5131	91	0
5132	91	0
5133	91	0
5134	90	0
5135	91	0
5136	90	0
5137	91	0
5138	91	0
5139	91	0
5140	91	0
5141	91	0
5142	90	0
5143	91	0
5144	90	0
5145	91	0
5146	90	0
5147	91	0
5148	91	0
5149	91	0
5150	90	0
5151	91	0
5152	91	0
5153	91	0
5154	91	0
5155	91	0
5156	91	0
5157	90	0
5158	91	0
5159	91	0
5160	91	0
5161	90	0
5162	91	0
5163	90	0
5164	91	0
5165	91	0
5166	91	0
5167	90	0
5168	91	0
5169	91	0
5170	90	0
5171	90	0
5172	91	0
5173	91	0
5174	91	0
5175	91	0
5176	90	0
5177	91	0
5178	91	0
5179	91	0
5180	91	0
5181	91	0
5182	91	0
5183	91	0
5184	91	0
5185	91	0
5186	91	0
5187	90	0
5188	90	0
5189	91	0
5190	91	0
5191	91	0
5192	91	0
5193	90	0
5194	91	0
5195	90	0
5196	91	0
5197	90	0
5198	90	0
5199	91	0
5200	91	0
5201	90	0
5202	91	0
5203	90	0
5204	91	0
5205	90	0
5206	91	0
5207	91	0
5208	91	0
5209	91	0
5210	91	0
5211	91	0
5212	91	0
5213	90	0
5214	91	0
5215	90	0
5216	90	0
5217	91	0
5218	91	0
5219	90	0
5220	90	0
5221	91	0
5222	91	0
5223	90	0
5224	91	0
5225	91	0
5226	91	0
5227	91	0
5228	90	0
5229	91	0
5230	90	0
5231	91	0
5232	91	0
5233	91	0
5234	90	0
5235	91	0
5236	91	0
5237	91	0
5238	90	0
5239	90	0
5240	90	0
5241	91	0
5242	89	0
5243	91	0
5244	90	0
5245	90	0
5246	91	0
5247	91	0
5248	91	0
5249	91	0
5250	90	0
5251	90	0
5252	90	0
5253	90	0
5254	91	0
5255	91	0
5256	91	0
5257	91	0
5258	91	0
5259	91	0
5260	91	0
5261	91	0
5262	91	0
5263	91	0
5264	90	0
5265	91	0
5266	91	0
5267	90	0
5268	91	0
5269	91	0
5270	91	0
5271	91	0
5272	91	0
5273	91	0
5274	91	0
5275	90	0
5276	91	0
5277	91	0
5278	90	0
5279	90	0
5280	91	0
5281	91	0
5282	91	0
5283	91	0
5284	91	0
5285	90	0
5286	91	0
5287	90	0
5288	91	0
5289	90	0
5290	90	0
5291	91	0
5292	91	0
5293	91	0
5294	91	0
5295	91	0
5296	91	0
5297	90	0
5298	90	0
5299	90	0
5300	90	0
5301	91	0
5302	91	0
5303	90	0
5304	90	0
5305	90	0
5306	91	0
5307	90	0
5308	91	0
5309	91	0
5310	91	0
5311	91	0
5312	91	0
5313	90	0
5314	90	0
5315	91	0
5316	91	0
5317	91	0
5318	91	0
5319	90	0
5320	91	0
5321	91	0
5322	91	0
5323	91	0
5324	91	0
5325	91	0
5326	90	0
5327	91	0
5328	91	0
5329	90	0
5330	91	0
5331	91	0
5332	91	0
5333	90	0
5334	91	0
5335	91	0
5336	91	0
5337	91	0
5338	90	0
5339	91	0
5340	90	0
5341	90	0
5342	91	0
5343	91	0
5344	91	0
5345	91	0
5346	91	0
5347	91	0
5348	91	0
5349	91	0
5350	91	0
5351	91	0
5352	91	0
5353	91	0
5354	91	0
5355	91	0
5356	91	0
5357	91	0
5358	91	0
5359	90	0
5360	91	0
5361	90	0
5362	91	0
5363	90	0
5364	90	0
5365	91	0
5366	91	0
5367	90	0
5368	91	0
5369	91	0
5370	91	0
5371	90	0
5372	90	0
5373	90	0
5374	90	0
5375	91	0
5376	90	0
5377	91	0
5378	91	0
5379	91	0
5380	91	0
5381	90	0
5382	91	0
5383	91	0
5384	91	0
5385	91	0
5386	91	0
5387	91	0
5388	91	0
5389	90	0
5390	91	0
5391	90	0
5392	91	0
5393	91	0
5394	91	0
5395	90	0
5396	90	0
5397	90	0
5398	90	0
5399	91	0
5400	91	0
5401	91	0
5402	89	0
5403	90	0
5404	91	0
5405	91	0
5406	91	0
5407	91	0
5408	91	0
5409	91	0
5410	91	0
5411	91	0
5412	90	0
5413	90	0
5414	91	0
5415	91	0
5416	90	0
5417	90	0
5418	90	0
5419	90	0
5420	90	0
5421	90	0
5422	91	0
5423	90	0
5424	91	0
5425	91	0
5426	91	0
5427	91	0
5428	91	0
5429	91	0
5430	90	0
5431	90	0
5432	91	0
5433	91	0
5434	90	0
5435	91	0
5436	91	0
5437	90	0
5438	90	0
5439	91	0
5440	90	0
5441	91	0
5442	91	0
5443	91	0
5444	91	0
5445	91	0
5446	90	0
5447	90	0
5448	91	0
5449	91	0
5450	91	0
5451	91	0
5452	90	0
5453	91	0
5454	91	0
5455	91	0
5456	91	0
5457	91	0
5458	91	0
5459	90	0
5460	91	0
5461	91	0
5462	91	0
5463	91	0
5464	90	0
5465	91	0
5466	91	0
5467	90	0
5468	90	0
5469	91	0
5470	91	0
5471	90	0
5472	91	0
5473	90	0
5474	91	0
5475	90	0
5476	90	0
5477	91	0
5478	91	0
5479	91	0
5480	91	0
5481	91	0
5482	90	0
5483	91	0
5484	90	0
5485	91	0
5486	91	0
5487	91	0
5488	90	0
5489	91	0
5490	91	0
5491	90	0
5492	90	0
5493	91	0
5494	91	0
5495	90	0
5496	91	0
5497	91	0
5498	91	0
5499	91	0
5500	91	0
5501	90	0
5502	90	0
5503	90	0
5504	91	0
5505	91	0
5506	90	0
5507	91	0
5508	90	0
5509	90	0
5510	91	0
5511	91	0
5512	91	0
5513	91	0
5514	90	0
5515	91	0
5516	91	0
5517	90	0
5518	91	0
5519	91	0
5520	90	0
5521	90	0
5522	91	0
5523	91	0
5524	91	0
5525	91	0
5526	90	0
5527	90	0
5528	91	0
5529	91	0
5530	90	0
5531	91	0
5532	90	0
5533	91	0
5534	90	0
5535	91	0
5536	91	0
5537	91	0
5538	91	0
5539	91	0
5540	91	0
5541	91	0
5542	91	0
5543	90	0
5544	91	0
5545	90	0
5546	90	0
5547	91	0
5548	91	0
5549	91	0
5550	91	0
5551	91	0
5552	91	0
5553	91	0
5554	91	0
5555	91	0
5556	90	0
5557	91	0
5558	91	0
5559	90	0
5560	91	0
5561	91	0
5562	91	0
5563	91	0
5564	90	0
5565	91	0
5566	90	0
5567	91	0
5568	91	0
5569	91	0
5570	91	0
5571	91	0
5572	91	0
5573	90	0
5574	91	0
5575	91	0
5576	91	0
5577	90	0
5578	91	0
5579	91	0
5580	90	0
5581	91	0
5582	91	0
5583	91	0
5584	91	0
5585	91	0
5586	91	0
5587	90	0
5588	91	0
5589	91	0
5590	91	0
5591	90	0
5592	91	0
5593	91	0
5594	91	0
5595	91	0
5596	91	0
5597	91	0
5598	91	0
5599	91	0
5600	90	0
5601	90	0
5602	91	0
5603	91	0
5604	91	0
5605	91	0
5606	90	0
5607	91	0
5608	91	0
5609	90	0
5610	91	0
5611	91	0
5612	90	0
5613	91	0
5614	91	0
5615	91	0
5616	91	0
5617	91	0
5618	91	0
5619	90	0
5620	91	0
5621	90	0
5622	89	0
5623	91	0
5624	90	0
5625	91	0
5626	91	0
5627	91	0
5628	91	0
5629	91	0
5630	91	0
5631	91	0
5632	91	0
5633	90	0
5634	90	0
5635	90	0
5636	91	0
5637	91	0
5638	91	0
5639	91	0
5640	91	0
5641	91	0
5642	91	0
5643	91	0
5644	91	0
5645	91	0
5646	91	0
5647	90	0
5648	91	0
5649	90	0
5650	90	0
5651	91	0
5652	90	0
5653	89	0
5654	91	0
5655	90	0
5656	91	0
5657	91	0
5658	91	0
5659	91	0
5660	91	0
5661	90	0
5662	91	0
5663	91	0
5664	91	0
5665	91	0
5666	91	0
5667	90	0
5668	90	0
5669	91	0
5670	91	0
5671	91	0
5672	91	0
5673	91	0
5674	90	0
5675	91	0
5676	90	0
5677	90	0
5678	90	0
5679	91	0
5680	91	0
5681	91	0
5682	90	0
5683	91	0
5684	91	0
5685	91	0
5686	91	0
5687	91	0
5688	90	0
5689	91	0
5690	90	0
5691	91	0
5692	91	0
5693	91	0
5694	91	0
5695	91	0
5696	91	0
5697	90	0
5698	90	0
5699	90	0
5700	90	0
5701	91	0
5702	91	0
5703	90	0
5704	91	0
5705	90	0
5706	91	0
5707	91	0
5708	91	0
5709	91	0
5710	91	0
5711	91	0
5712	90	0
5713	91	0
5714	91	0
5715	91	0
5716	90	0
5717	91	0
5718	91	0
5719	91	0
5720	91	0
5721	90	0
5722	91	0
5723	91	0
5724	91	0
5725	91	0
5726	91	0
5727	90	0
5728	90	0
5729	90	0
5730	91	0
5731	90	0
5732	90	0
5733	91	0
5734	91	0
5735	91	0
5736	91	0
5737	91	0
5738	90	0
5739	91	0
5740	90	0
5741	90	0
5742	90	0
5743	90	0
5744	90	0
5745	91	0
5746	90	0
5747	91	0
5748	90	0
5749	91	0
5750	91	0
5751	91	0
5752	91	0
5753	91	0
5754	91	0
5755	91	0
5756	91	0
5757	90	0
5758	91	0
5759	91	0
5760	90	0
5761	91	0
5762	90	0
5763	91	0
5764	90	0
5765	91	0
5766	90	0
5767	91	0
5768	91	0
5769	91	0
5770	91	0
5771	91	0
5772	90	0
5773	91	0
5774	91	0
5775	91	0
5776	91	0
5777	91	0
5778	91	0
5779	91	0
5780	91	0
5781	91	0
5782	91	0
5783	91	0
5784	90	0
5785	90	0
5786	90	0
5787	91	0
5788	90	0
5789	90	0
5790	91	0
5791	91	0
5792	91	0
5793	91	0
5794	90	0
5795	90	0
5796	91	0
5797	91	0
5798	91	0
5799	91	0
5800	89	0
5801	90	0
5802	90	0
5803	91	0
5804	91	0
5805	91	0
5806	91	0
5807	91	0
5808	91	0
5809	91	0
5810	91	0
5811	90	0
5812	90	0
5813	91	0
5814	91	0
5815	90	0
5816	91	0
5817	91	0
5818	91	0
5819	91	0
5820	90	0
5821	90	0
5822	90	0
5823	91	0
5824	90	0
5825	91	0
5826	90	0
5827	91	0
5828	90	0
5829	91	0
5830	91	0
5831	91	0
5832	91	0
5833	91	0
5834	91	0
5835	91	0
5836	91	0
5837	91	0
5838	89	0
5839	91	0
5840	91	0
5841	90	0
5842	90	0
5843	90	0
5844	91	0
5845	91	0
5846	90	0
5847	91	0
5848	91	0
5849	91	0
5850	91	0
5851	91	0
5852	91	0
5853	91	0
5854	91	0
5855	91	0
5856	91	0
5857	91	0
5858	90	0
5859	90	0
5860	90	0
5861	90	0
5862	89	0
5863	91	0
5864	90	0
5865	91	0
5866	91	0
5867	90	0
5868	91	0
5869	91	0
5870	90	0
5871	91	0
5872	91	0
5873	90	0
5874	91	0
5875	91	0
5876	90	0
5877	90	0
5878	91	0
5879	91	0
5880	91	0
5881	91	0
5882	91	0
5883	90	0
5884	91	0
5885	90	0
5886	91	0
5887	90	0
5888	90	0
5889	91	0
5890	91	0
5891	91	0
5892	90	0
5893	90	0
5894	90	0
5895	91	0
5896	90	0
5897	91	0
5898	91	0
5899	91	0
5900	91	0
5901	90	0
5902	91	0
5903	91	0
5904	91	0
5905	90	0
5906	91	0
5907	91	0
5908	90	0
5909	90	0
5910	91	0
5911	90	0
5912	91	0
5913	91	0
5914	90	0
5915	91	0
5916	90	0
5917	90	0
5918	90	0
5919	90	0
5920	91	0
5921	91	0
5922	91	0
5923	91	0
5924	91	0
5925	91	0
5926	91	0
5927	90	0
5928	91	0
5929	91	0
5930	90	0
5931	91	0
5932	91	0
5933	91	0
5934	91	0
5935	91	0
5936	90	0
5937	90	0
5938	91	0
5939	91	0
5940	90	0
5941	90	0
5942	91	0
5943	90	0
5944	91	0
5945	90	0
5946	91	0
5947	90	0
5948	91	0
5949	91	0
5950	91	0
5951	90	0
5952	91	0
5953	91	0
5954	90	0
5955	91	0
5956	91	0
5957	91	0
5958	91	0
5959	90	0
5960	90	0
5961	91	0
5962	91	0
5963	90	0
5964	91	0
5965	91	0
5966	91	0
5967	91	0
5968	90	0
5969	91	0
5970	90	0
5971	90	0
5972	91	0
5973	91	0
5974	90	0
5975	91	0
5976	91	0
5977	90	0
5978	90	0
5979	90	0
5980	91	0
5981	91	0
5982	90	0
5983	91	0
5984	91	0
5985	91	0
5986	90	0
5987	91	0
5988	90	0
5989	91	0
5990	91	0
5991	90	0
5992	91	0
5993	91	0
5994	91	0
5995	91	0
5996	91	0
5997	91	0
5998	91	0
5999	91	0
6000	91	0
6001	90	0
6002	90	0
6003	90	0
6004	91	0
6005	91	0
6006	91	0
6007	91	0
6008	91	0
6009	91	0
6010	91	0
6011	91	0
6012	91	0
6013	91	0
6014	90	0
6015	90	0
6016	91	0
6017	90	0
6018	91	0
6019	91	0
6020	90	0
6021	90	0
6022	91	0
6023	91	0
6024	91	0
6025	91	0
6026	91	0
6027	90	0
6028	90	0
6029	91	0
6030	91	0
6031	91	0
6032	91	0
6033	91	0
6034	91	0
6035	91	0
6036	91	0
6037	90	0
6038	91	0
6039	91	0
6040	91	0
6041	91	0
6042	91	0
6043	91	0
6044	91	0
6045	91	0
6046	91	0
6047	91	0
6048	91	0
6049	91	0
6050	91	0
6051	91	0
6052	90	0
6053	91	0
6054	91	0
6055	91	0
6056	91	0
6057	91	0
6058	90	0
6059	91	0
6060	90	0
6061	90	0
6062	91	0
6063	91	0
6064	90	0
6065	90	0
6066	91	0
6067	91	0
6068	91	0
6069	90	0
6070	91	0
6071	91	0
6072	91	0
6073	91	0
6074	90	0
6075	91	0
6076	90	0
6077	91	0
6078	91	0
6079	91	0
6080	91	0
6081	91	0
6082	90	0
6083	91	0
6084	91	0
6085	90	0
6086	91	0
6087	91	0
6088	91	0
6089	91	0
6090	91	0
6091	90	0
6092	91	0
6093	90	0
6094	91	0
6095	90	0
6096	91	0
6097	90	0
6098	91	0
6099	91	0
6100	90	0
6101	91	0
6102	91	0
6103	91	0
6104	90	0
6105	91	0
6106	91	0
6107	91	0
6108	91	0
6109	90	0
6110	91	0
6111	91	0
6112	91	0
6113	90	0
6114	91	0
6115	91	0
6116	91	0
6117	91	0
6118	91	0
6119	90	0
6120	90	0
6121	91	0
6122	91	0
6123	90	0
6124	91	0
6125	91	0
6126	90	0
6127	90	0
6128	91	0
6129	90	0
6130	90	0
6131	90	0
6132	91	0
6133	91	0
6134	90	0
6135	91	0
6136	90	0
6137	91	0
6138	91	0
6139	91	0
6140	91	0
6141	91	0
6142	91	0
6143	91	0
6144	91	0
6145	91	0
6146	91	0
6147	90	0
6148	91	0
6149	90	0
6150	91	0
6151	90	0
6152	90	0
6153	91	0
6154	90	0
6155	91	0
6156	91	0
6157	90	0
6158	91	0
6159	91	0
6160	91	0
6161	91	0
6162	91	0
6163	91	0
6164	91	0
6165	91	0
6166	91	0
6167	91	0
6168	91	0
6169	91	0
6170	91	0
6171	91	0
6172	90	0
6173	90	0
6174	91	0
6175	91	0
6176	90	0
6177	91	0
6178	90	0
6179	91	0
6180	91	0
6181	90	0
6182	91	0
6183	90	0
6184	91	0
6185	91	0
6186	91	0
6187	90	0
6188	91	0
6189	91	0
6190	90	0
6191	91	0
6192	91	0
6193	91	0
6194	91	0
6195	90	0
6196	91	0
6197	91	0
6198	91	0
6199	91	0
6200	91	0
6201	91	0
6202	90	0
6203	91	0
6204	91	0
6205	91	0
6206	91	0
6207	91	0
6208	91	0
6209	90	0
6210	91	0
6211	90	0
6212	91	0
6213	91	0
6214	90	0
6215	90	0
6216	91	0
6217	90	0
6218	91	0
6219	91	0
6220	90	0
6221	91	0
6222	91	0
6223	91	0
6224	90	0
6225	91	0
6226	91	0
6227	91	0
6228	91	0
6229	91	0
6230	90	0
6231	91	0
6232	90	0
6233	91	0
6234	90	0
6235	90	0
6236	91	0
6237	91	0
6238	91	0
6239	91	0
6240	91	0
6241	91	0
6242	90	0
6243	91	0
6244	91	0
6245	90	0
6246	91	0
6247	91	0
6248	91	0
6249	91	0
6250	91	0
6251	91	0
6252	90	0
6253	90	0
6254	91	0
6255	91	0
6256	91	0
6257	91	0
6258	91	0
6259	91	0
6260	91	0
6261	90	0
6262	91	0
6263	90	0
6264	90	0
6265	91	0
6266	91	0
6267	90	0
6268	89	0
6269	91	0
6270	90	0
6271	91	0
6272	91	0
6273	90	0
6274	90	0
6275	91	0
6276	91	0
6277	90	0
6278	91	0
6279	91	0
6280	91	0
6281	90	0
6282	91	0
6283	91	0
6284	91	0
6285	91	0
6286	91	0
6287	91	0
6288	91	0
6289	91	0
6290	90	0
6291	90	0
6292	91	0
6293	91	0
6294	90	0
6295	91	0
6296	90	0
6297	90	0
6298	91	0
6299	90	0
6300	91	0
6301	91	0
6302	91	0
6303	91	0
6304	91	0
6305	91	0
6306	91	0
6307	90	0
6308	91	0
6309	91	0
6310	90	0
6311	90	0
6312	91	0
6313	91	0
6314	91	0
6315	91	0
6316	90	0
6317	90	0
6318	91	0
6319	91	0
6320	91	0
6321	90	0
6322	90	0
6323	91	0
6324	91	0
6325	91	0
6326	90	0
6327	91	0
6328	91	0
6329	91	0
6330	91	0
6331	90	0
6332	91	0
6333	90	0
6334	91	0
6335	91	0
6336	91	0
6337	90	0
6338	90	0
6339	91	0
6340	90	0
6341	90	0
6342	91	0
6343	90	0
6344	91	0
6345	90	0
6346	91	0
6347	91	0
6348	91	0
6349	91	0
6350	90	0
6351	91	0
6352	91	0
6353	90	0
6354	91	0
6355	91	0
6356	90	0
6357	91	0
6358	91	0
6359	90	0
6360	90	0
6361	90	0
6362	90	0
6363	90	0
6364	91	0
6365	91	0
6366	91	0
6367	90	0
6368	91	0
6369	91	0
6370	91	0
6371	90	0
6372	91	0
6373	91	0
6374	91	0
6375	91	0
6376	91	0
6377	91	0
6378	91	0
6379	91	0
6380	91	0
6381	91	0
6382	91	0
6383	91	0
6384	91	0
6385	91	0
6386	91	0
6387	91	0
6388	90	0
6389	91	0
6390	91	0
6391	91	0
6392	91	0
6393	91	0
6394	90	0
6395	91	0
6396	91	0
6397	90	0
6398	91	0
6399	90	0
6400	90	0
6401	90	0
6402	91	0
6403	91	0
6404	91	0
6405	90	0
6406	91	0
6407	91	0
6408	90	0
6409	91	0
6410	90	0
6411	91	0
6412	91	0
6413	90	0
6414	90	0
6415	91	0
6416	91	0
6417	91	0
6418	91	0
6419	91	0
6420	91	0
6421	91	0
6422	91	0
6423	91	0
6424	91	0
6425	90	0
6426	90	0
6427	91	0
6428	91	0
6429	91	0
6430	91	0
6431	90	0
6432	91	0
6433	91	0
6434	91	0
6435	90	0
6436	91	0
6437	91	0
6438	90	0
6439	91	0
6440	90	0
6441	91	0
6442	91	0
6443	90	0
6444	90	0
6445	91	0
6446	90	0
6447	91	0
6448	90	0
6449	90	0
6450	91	0
6451	91	0
6452	91	0
6453	91	0
6454	90	0
6455	90	0
6456	90	0
6457	91	0
6458	91	0
6459	90	0
6460	90	0
6461	91	0
6462	91	0
6463	91	0
6464	91	0
6465	90	0
6466	91	0
6467	90	0
6468	91	0
6469	91	0
6470	91	0
6471	90	0
6472	91	0
6473	91	0
6474	90	0
6475	91	0
6476	91	0
6477	90	0
6478	91	0
6479	91	0
6480	91	0
6481	91	0
6482	91	0
6483	90	0
6484	90	0
6485	91	0
6486	89	0
6487	90	0
6488	91	0
6489	91	0
6490	90	0
6491	90	0
6492	91	0
6493	91	0
6494	91	0
6495	91	0
6496	91	0
6497	90	0
6498	91	0
6499	91	0
6500	91	0
6501	91	0
6502	91	0
6503	91	0
6504	91	0
6505	90	0
6506	91	0
6507	91	0
6508	91	0
6509	90	0
6510	91	0
6511	90	0
6512	91	0
6513	91	0
6514	91	0
6515	91	0
6516	91	0
6517	90	0
6518	91	0
6519	91	0
6520	91	0
6521	90	0
6522	91	0
6523	91	0
6524	90	0
6525	91	0
6526	90	0
6527	91	0
6528	91	0
6529	90	0
6530	91	0
6531	91	0
6532	91	0
6533	91	0
6534	91	0
6535	90	0
6536	90	0
6537	91	0
6538	90	0
6539	90	0
6540	91	0
6541	91	0
6542	90	0
6543	91	0
6544	90	0
6545	91	0
6546	91	0
6547	91	0
6548	91	0
6549	91	0
6550	91	0
6551	91	0
6552	91	0
6553	91	0
6554	90	0
6555	91	0
6556	91	0
6557	91	0
6558	90	0
6559	91	0
6560	91	0
6561	90	0
6562	90	0
6563	90	0
6564	90	0
6565	91	0
6566	91	0
6567	91	0
6568	91	0
6569	91	0
6570	90	0
6571	90	0
6572	90	0
6573	91	0
6574	90	0
6575	90	0
6576	89	0
6577	90	0
6578	91	0
6579	91	0
6580	90	0
6581	91	0
6582	91	0
6583	91	0
6584	91	0
6585	91	0
6586	91	0
6587	90	0
6588	91	0
6589	90	0
6590	91	0
6591	90	0
6592	92	0
6593	91	0
6594	91	0
6595	90	0
6596	90	0
6597	91	0
6598	91	0
6599	90	0
6600	91	0
6601	90	0
6602	90	0
6603	91	0
6604	91	0
6605	91	0
6606	91	0
6607	91	0
6608	91	0
6609	91	0
6610	91	0
6611	91	0
6612	91	0
6613	91	0
6614	91	0
6615	92	0
6616	91	0
6617	92	0
6618	93	0
6619	91	0
6620	93	0
6621	93	0
6622	93	0
6623	93	0
6624	93	0
6625	93	0
6626	93	0
6627	93	0
6628	94	0
6629	94	0
6630	94	0
6631	94	0
6632	95	0
6633	94	0
6634	94	0
6635	94	0
6636	95	0
6637	95	0
6638	95	0
6639	95	0
6640	95	0
6641	95	0
6642	96	0
6643	95	0
6644	96	0
6645	97	0
6646	96	0
6647	97	0
6648	97	0
6649	97	0
6650	97	0
6651	97	0
6652	97	0
6653	97	0
6654	98	0
6655	98	0
6656	99	0
6657	99	0
6658	100	0
6659	101	0
6660	101	0
6661	102	0
6662	102	0
6663	102	0
6664	103	0
6665	104	0
6666	105	0
6667	105	0
6668	105	0
6669	105	0
6670	105	0
6671	105	0
6672	107	0
6673	108	0
6674	109	0
6675	109	0
6676	110	0
6677	112	0
6678	113	0
6679	114	0
6680	115	0
6681	117	0
6682	118	0
6683	119	0
6684	121	0
6685	122	0
6686	123	0
6687	125	0
6688	126	0
6689	127	0
6690	129	0
6691	130	0
6692	132	0
6693	133	0
6694	135	0
6695	137	0
6696	137	0
6697	139	0
6698	142	0
6699	143	0
6700	145	0
6701	147	0
6702	149	0
6703	150	0
6704	152	0
6705	153	0
6706	155	0
6707	158	0
6708	159	0
6709	160	0
6710	161	0
6711	163	0
6712	165	0
6713	166	0
6714	168	0
6715	169	0
6716	171	0
6717	172	0
6718	171	0
6719	172	0
6720	173	0
6721	172	0
6722	172	0
6723	173	0
6724	172	0
6725	171	0
6726	173	0
6727	172	0
6728	172	0
6729	171	0
6730	172	0
6731	172	0
6732	171	0
6733	171	0
6734	171	0
6735	171	0
6736	171	0
6737	172	0
6738	171	0
6739	172	0
6740	171	0
6741	173	0
6742	171	0
6743	171	0
6744	171	0
6745	172	0
6746	171	0
6747	172	0
6748	172	0
6749	172	0
6750	171	0
6751	172	0
6752	173	0
6753	172	0
6754	172	0
6755	171	0
6756	172	0
6757	171	0
6758	171	0
6759	172	0
6760	172	0
6761	172	0
6762	171	0
6763	172	0
6764	171	0
6765	171	0
6766	172	0
6767	172	0
6768	172	0
6769	172	0
6770	171	0
6771	171	0
6772	172	0
6773	173	0
6774	171	0
6775	172	0
6776	172	0
6777	172	0
6778	171	0
6779	173	0
6780	172	0
6781	171	0
6782	172	0
6783	172	0
6784	172	0
6785	173	0
6786	172	0
6787	172	0
6788	171	0
6789	172	0
6790	171	0
6791	172	0
6792	172	0
6793	172	0
6794	171	0
6795	171	0
6796	172	0
6797	172	0
6798	172	0
6799	173	0
6800	172	0
6801	173	0
6802	171	0
6803	172	0
6804	172	0
6805	171	0
6806	172	0
6807	172	0
6808	172	0
6809	172	0
6810	171	0
6811	171	0
6812	172	0
6813	171	0
6814	172	0
6815	172	0
6816	171	0
6817	172	0
6818	172	0
6819	172	0
6820	172	0
6821	172	0
6822	171	0
6823	171	0
6824	172	0
6825	171	0
6826	172	0
6827	172	0
6828	173	0
6829	171	0
6830	172	0
6831	172	0
6832	173	0
6833	173	0
6834	172	0
6835	172	0
6836	171	0
6837	171	0
6838	172	0
6839	172	0
6840	172	0
6841	171	0
6842	171	0
6843	171	0
6844	172	0
6845	171	0
6846	171	0
6847	172	0
6848	171	0
6849	172	0
6850	172	0
6851	172	0
6852	172	0
6853	171	0
6854	172	0
6855	171	0
6856	171	0
6857	172	0
6858	171	0
6859	171	0
6860	172	0
6861	171	0
6862	171	0
6863	172	0
6864	172	0
6865	171	0
6866	173	0
6867	172	0
6868	172	0
6869	172	0
6870	172	0
6871	171	0
6872	171	0
6873	172	0
6874	171	0
6875	173	0
6876	172	0
6877	171	0
6878	171	0
6879	172	0
6880	172	0
6881	172	0
6882	171	0
6883	172	0
6884	171	0
6885	171	0
6886	172	0
6887	171	0
6888	171	0
6889	173	0
6890	172	0
6891	172	0
6892	171	0
6893	171	0
6894	172	0
6895	171	0
6896	172	0
6897	172	0
6898	172	0
6899	172	0
6900	171	0
6901	172	0
6902	171	0
6903	171	0
6904	172	0
6905	172	0
6906	172	0
6907	171	0
6908	172	0
6909	172	0
6910	172	0
6911	171	0
6912	172	0
6913	172	0
6914	172	0
6915	172	0
6916	172	0
6917	172	0
6918	171	0
6919	171	0
6920	173	0
6921	172	0
6922	172	0
6923	172	0
6924	172	0
6925	172	0
6926	172	0
6927	172	0
6928	171	0
6929	172	0
6930	172	0
6931	171	0
6932	173	0
6933	172	0
6934	171	0
6935	172	0
6936	171	0
6937	171	0
6938	171	0
6939	172	0
6940	172	0
6941	172	0
6942	172	0
6943	171	0
6944	171	0
6945	172	0
6946	171	0
6947	172	0
6948	171	0
6949	172	0
6950	172	0
6951	172	0
6952	172	0
6953	172	0
6954	171	0
6955	172	0
6956	171	0
6957	173	0
6958	171	0
6959	172	0
6960	173	0
6961	172	0
6962	172	0
6963	172	0
6964	171	0
6965	172	0
6966	171	0
6967	172	0
6968	172	0
6969	171	0
6970	172	0
6971	172	0
6972	171	0
6973	173	0
6974	171	0
6975	172	0
6976	172	0
6977	172	0
6978	173	0
6979	172	0
6980	172	0
6981	172	0
6982	171	0
6983	172	0
6984	172	0
6985	172	0
6986	172	0
6987	172	0
6988	171	0
6989	171	0
6990	173	0
6991	171	0
6992	172	0
6993	172	0
6994	172	0
6995	172	0
6996	172	0
6997	173	0
6998	171	0
6999	173	0
7000	171	0
7001	171	0
7002	173	0
7003	171	0
7004	171	0
7005	172	0
7006	172	0
7007	172	0
7008	172	0
7009	172	0
7010	172	0
7011	171	0
7012	172	0
7013	172	0
7014	173	0
7015	171	0
7016	172	0
7017	172	0
7018	171	0
7019	171	0
7020	171	0
7021	173	0
7022	172	0
7023	171	0
7024	171	0
7025	172	0
7026	172	0
7027	171	0
7028	172	0
7029	171	0
7030	172	0
7031	171	0
7032	171	0
7033	172	0
7034	172	0
7035	171	0
7036	173	0
7037	171	0
7038	172	0
7039	172	0
7040	173	0
7041	171	0
7042	171	0
7043	172	0
7044	172	0
7045	172	0
7046	171	0
7047	172	0
7048	172	0
7049	171	0
7050	171	0
7051	172	0
7052	171	0
7053	171	0
7054	172	0
7055	171	0
7056	172	0
7057	172	0
7058	172	0
7059	172	0
7060	171	0
7061	172	0
7062	173	0
7063	171	0
7064	171	0
7065	172	0
7066	171	0
7067	171	0
7068	172	0
7069	171	0
7070	171	0
7071	172	0
7072	172	0
7073	172	0
7074	171	0
7075	171	0
7076	172	0
7077	172	0
7078	172	0
7079	172	0
7080	172	0
7081	172	0
7082	172	0
7083	172	0
7084	172	0
7085	171	0
7086	172	0
7087	173	0
7088	172	0
7089	171	0
7090	172	0
7091	171	0
7092	172	0
7093	171	0
7094	172	0
7095	171	0
7096	172	0
7097	173	0
7098	173	0
7099	174	0
7100	174	0
7101	174	0
7102	174	0
7103	175	0
7104	176	0
7105	177	0
7106	177	0
7107	178	0
7108	179	0
7109	179	0
7110	181	0
7111	181	0
7112	181	0
7113	182	0
7114	182	0
7115	183	0
7116	184	0
7117	184	0
7118	185	0
7119	185	0
7120	186	0
7121	186	0
7122	187	0
7123	189	0
7124	189	0
7125	190	0
7126	191	0
7127	191	0
7128	193	0
7129	193	0
7130	194	0
7131	194	0
7132	195	0
7133	197	0
7134	197	0
7135	197	0
7136	198	0
7137	199	0
7138	200	0
7139	201	0
7140	201	0
7141	201	0
7142	203	0
7143	203	0
7144	204	0
7145	205	0
7146	205	0
7147	205	0
7148	206	0
7149	206	0
7150	208	0
7151	209	0
7152	209	0
7153	209	0
7154	210	0
7155	210	0
7156	211	0
7157	211	0
7158	211	0
7159	211	0
7160	211	0
7161	213	0
7162	213	0
7163	213	0
7164	214	0
7165	214	0
7166	214	0
7167	215	0
7168	215	0
7169	215	0
7170	217	0
7171	216	0
7172	216	0
7173	216	0
7174	217	0
7175	217	0
7176	217	0
7177	217	0
7178	217	0
7179	217	0
7180	218	0
7181	219	0
7182	219	0
7183	219	0
7184	220	0
7185	220	0
7186	220	0
7187	221	0
7188	221	0
7189	222	0
7190	222	0
7191	222	0
7192	222	0
7193	223	0
7194	223	0
7195	222	0
7196	223	0
7197	223	0
7198	223	0
7199	223	0
7200	223	0
7201	223	0
7202	223	0
7203	224	0
7204	224	0
7205	224	0
7206	224	0
7207	224	0
7208	224	0
7209	225	0
7210	224	0
7211	225	0
7212	225	0
7213	225	0
7214	225	0
7215	225	0
7216	225	0
7217	226	0
7218	226	0
7219	227	0
7220	227	0
7221	227	0
7222	227	0
7223	228	0
7224	229	0
7225	229	0
7226	229	0
7227	231	0
7228	229	0
7229	229	0
7230	229	0
7231	230	0
7232	230	0
7233	230	0
7234	231	0
7235	231	0
7236	231	0
7237	231	0
7238	232	0
7239	233	0
7240	233	0
7241	233	0
7242	234	0
7243	234	0
7244	234	0
7245	235	0
7246	235	0
7247	235	0
7248	235	0
7249	236	0
7250	237	0
7251	237	0
7252	237	0
7253	238	0
7254	239	0
7255	238	0
7256	239	0
7257	239	0
7258	239	0
7259	239	0
7260	239	0
7261	239	0
7262	239	0
7263	239	0
7264	239	0
7265	240	0
7266	240	0
7267	240	0
7268	240	0
7269	240	0
7270	241	0
7271	240	0
7272	240	0
7273	240	0
7274	240	0
7275	241	0
7276	241	0
7277	241	0
7278	241	0
7279	241	0
7280	241	0
7281	241	0
7282	241	0
7283	241	0
7284	241	0
7285	241	0
7286	241	0
7287	241	0
7288	241	0
7289	241	0
7290	241	0
7291	242	0
7292	242	0
7293	242	0
7294	243	0
7295	242	0
7296	242	0
7297	242	0
7298	243	0
7299	243	0
7300	243	0
7301	243	0
7302	243	0
7303	243	0
7304	243	0
7305	242	0
7306	243	0
7307	243	0
7308	243	0
7309	244	0
7310	244	0
7311	244	0
7312	244	0
7313	244	0
7314	244	0
7315	245	0
7316	245	0
7317	245	0
7318	245	0
7319	244	0
7320	245	0
7321	244	0
7322	245	0
7323	245	0
7324	245	0
7325	245	0
7326	245	0
7327	245	0
7328	245	0
7329	245	0
7330	245	0
7331	245	0
7332	245	0
7333	245	0
7334	245	0
7335	245	0
7336	246	0
7337	245	0
7338	246	0
7339	246	0
7340	246	0
7341	246	0
7342	246	0
7343	246	0
7344	247	0
7345	247	0
7346	247	0
7347	247	0
7348	247	0
7349	247	0
7350	247	0
7351	247	0
7352	247	0
7353	247	0
7354	247	0
7355	247	0
7356	247	0
7357	247	0
7358	247	0
7359	247	0
7360	247	0
7361	247	0
7362	248	0
7363	249	0
7364	248	0
7365	249	0
7366	249	0
7367	248	0
7368	249	0
7369	249	0
7370	249	0
7371	249	0
7372	249	0
7373	249	0
7374	248	0
7375	249	0
7376	249	0
7377	249	0
7378	249	0
7379	249	0
7380	249	0
7381	249	0
7382	249	0
7383	249	0
7384	249	0
7385	249	0
7386	249	0
7387	249	0
7388	249	0
7389	249	0
7390	249	0
7391	249	0
7392	249	0
7393	250	0
7394	249	0
7395	250	0
7396	250	0
7397	250	0
7398	250	0
7399	250	0
7400	251	0
7401	251	0
7402	251	0
7403	251	0
7404	251	0
7405	252	0
7406	252	0
7407	253	0
7408	252	0
7409	252	0
7410	252	0
7411	253	0
7412	253	0
7413	253	0
7414	253	0
7415	253	0
7416	253	0
7417	253	0
7418	253	0
7419	253	0
7420	253	0
7421	253	0
7422	253	0
7423	253	0
7424	253	0
7425	253	0
7426	253	0
7427	253	0
7428	253	0
7429	253	0
7430	253	0
7431	253	0
7432	253	0
7433	253	0
7434	253	0
7435	253	0
7436	253	0
7437	253	0
7438	253	0
7439	253	0
7440	253	0
7441	253	0
7442	253	0
7443	253	0
7444	253	0
7445	253	0
7446	253	0
7447	253	0
7448	253	0
7449	253	0
7450	253	0
7451	253	0
7452	253	0
7453	253	0
7454	253	0
7455	253	0
7456	253	0
7457	253	0
7458	253	0
7459	253	0
7460	254	0
7461	253	0
7462	253	0
7463	253	0
7464	253	0
7465	253	0
7466	253	0
7467	253	0
7468	253	0
7469	253	0
7470	253	0
7471	253	0
7472	253	0
7473	254	0
7474	253	0
7475	254	0
7476	253	0
7477	253	0
7478	253	0
7479	253	0
7480	253	0
7481	253	0
7482	253	0
7483	253	0
7484	253	0
7485	253	0
7486	253	0
7487	253	0
7488	253	0
7489	253	0
7490	254	0
7491	253	0
7492	253	0
7493	253	0
7494	253	0
7495	253	0
7496	253	0
7497	253	0
7498	253	0
7499	253	0
7500	253	0
7501	253	0
7502	253	0
7503	253	0
7504	253	0
7505	253	0
7506	253	0
7507	253	0
7508	253	0
7509	253	0
7510	253	0
7511	253	0
7512	253	0
7513	253	0
7514	253	0
7515	253	0
7516	253	0
7517	253	0
7518	253	0
7519	254	0
7520	253	0
7521	253	0
7522	254	0
7523	253	0
7524	253	0
7525	253	0
7526	253	0
7527	253	0
7528	253	0
7529	253	0
7530	253	0
7531	253	0
7532	253	0
7533	253	0
7534	253	0
7535	253	0
7536	253	0
7537	253	0
7538	253	0
7539	253	0
7540	253	0
7541	253	0
7542	254	0
7543	253	0
7544	253	0
7545	253	0
7546	253	0
7547	253	0
7548	253	0
7549	253	0
7550	253	0
7551	253	0
7552	253	0
7553	253	0
7554	253	0
7555	253	0
7556	253	0
7557	253	0
7558	253	0
7559	253	0
7560	253	0
7561	253	0
7562	253	0
7563	253	0
7564	254	0
7565	253	0
7566	253	0
7567	253	0
7568	253	0
7569	253	0
7570	253	0
7571	253	0
7572	253	0
7573	254	0
7574	254	0
7575	253	0
7576	253	0
7577	253	0
7578	253	0
7579	253	0
7580	253	0
7581	253	0
7582	253	0
7583	253	0
7584	253	0
7585	254	0
7586	253	0
7587	253	0
7588	253	0
7589	253	0
7590	253	0
7591	253	0
7592	254	0
7593	253	0
7594	253	0
7595	253	0
7596	253	0
7597	253	0
7598	253	0
7599	253	0
7600	253	0
7601	253	0
7602	253	0
7603	253	0
7604	254	0
7605	253	0
7606	253	0
7607	253	0
7608	253	0
7609	253	0
7610	253	0
7611	253	0
7612	253	0
7613	253	0
7614	253	0
7615	253	0
7616	254	0
7617	253	0
7618	253	0
7619	253	0
7620	253	0
7621	253	0
7622	253	0
7623	253	0
7624	253	0
7625	253	0
7626	253	0
7627	253	0
7628	253	0
7629	253	0
7630	253	0
7631	253	0
7632	253	0
7633	253	0
7634	253	0
7635	253	0
7636	254	0
7637	253	0
7638	253	0
7639	253	0
7640	253	0
7641	253	0
7642	253	0
7643	253	0
7644	253	0
7645	253	0
7646	254	0
7647	253	0
7648	253	0
7649	253	0
7650	253	0
7651	253	0
7652	253	0
7653	253	0
7654	253	0
7655	253	0
7656	253	0
7657	253	0
7658	254	0
7659	253	0
7660	254	0
7661	253	0
7662	253	0
7663	253	0
7664	254	0
7665	253	0
7666	253	0
7667	253	0
7668	253	0
7669	253	0
7670	253	0
7671	253	0
7672	253	0
7673	253	0
7674	253	0
7675	253	0
7676	253	0
7677	253	0
7678	253	0
7679	254	0
7680	253	0
7681	253	0
7682	253	0
7683	253	0
7684	253	0
7685	253	0
7686	253	0
7687	253	0
7688	253	0
7689	253	0
7690	253	0
7691	254	0
7692	253	0
7693	253	0
7694	253	0
7695	253	0
7696	253	0
7697	253	0
7698	253	0
7699	254	0
7700	253	0
7701	253	0
7702	253	0
7703	253	0
7704	253	0
7705	253	0
7706	253	0
7707	253	0
7708	253	0
7709	253	0
7710	253	0
7711	253	0
7712	253	0
7713	253	0
7714	253	0
7715	253	0
7716	253	0
7717	253	0
7718	253	0
7719	253	0
7720	253	0
7721	254	0
7722	253	0
7723	253	0
7724	253	0
7725	253	0
7726	253	0
7727	253	0
7728	253	0
7729	253	0
7730	253	0
7731	254	0
7732	253	0
7733	253	0
7734	253	0
7735	253	0
7736	253	0
7737	253	0
7738	253	0
7739	253	0
7740	253	0
7741	253	0
7742	253	0
7743	253	0
7744	253	0
7745	253	0
7746	253	0
7747	253	0
7748	253	0
7749	253	0
7750	253	0
7751	253	0
7752	253	0
7753	253	0
7754	253	0
7755	253	0
7756	253	0
7757	253	0
7758	253	0
7759	253	0
7760	253	0
7761	254	0
7762	253	0
7763	253	0
7764	253	0
7765	253	0
7766	253	0
7767	253	0
7768	253	0
7769	253	0
7770	253	0
7771	253	0
7772	253	0
7773	253	0
7774	253	0
7775	253	0
7776	253	0
7777	253	0
7778	253	0
7779	253	0
7780	253	0
7781	254	0
7782	253	0
7783	254	0
7784	253	0
7785	253	0
7786	253	0
7787	253	0
7788	253	0
7789	253	0
7790	253	0
7791	253	0
7792	253	0
7793	253	0
7794	253	0
7795	253	0
7796	253	0
7797	253	0
7798	253	0
7799	253	0
7800	253	0
7801	253	0
7802	253	0
7803	253	0
7804	253	0
7805	253	0
7806	253	0
7807	253	0
7808	253	0
7809	253	0
7810	253	0
7811	253	0
7812	253	0
7813	253	0
7814	253	0
7815	253	0
7816	253	0
7817	253	0
7818	253	0
7819	253	0
7820	254	0
7821	253	0
7822	253	0
7823	253	0
7824	253	0
7825	253	0
7826	253	0
7827	253	0
7828	253	0
7829	253	0
7830	253	0
7831	253	0
7832	253	0
7833	253	0
7834	253	0
7835	253	0
7836	253	0
7837	253	0
7838	253	0
7839	253	0
7840	253	0
7841	253	0
7842	253	0
7843	254	0
7844	253	0
7845	253	0
7846	253	0
7847	253	0
7848	254	0
7849	253	0
7850	253	0
7851	254	0
7852	253	0
7853	253	0
7854	253	0
7855	253	0
7856	253	0
7857	254	0
7858	253	0
7859	253	0
7860	253	0
7861	253	0
7862	253	0
7863	254	0
7864	253	0
7865	253	0
7866	254	0
7867	254	0
7868	253	0
7869	253	0
7870	253	0
7871	253	0
7872	253	0
7873	253	0
7874	253	0
7875	253	0
7876	253	0
7877	253	0
7878	253	0
7879	253	0
7880	254	0
7881	253	0
7882	253	0
7883	253	0
7884	253	0
7885	253	0
7886	253	0
7887	253	0
7888	253	0
7889	254	0
7890	253	0
7891	253	0
7892	253	0
7893	253	0
7894	253	0
7895	253	0
7896	253	0
7897	253	0
7898	253	0
7899	253	0
7900	253	0
7901	253	0
7902	253	0
7903	253	0
7904	253	0
7905	254	0
7906	253	0
7907	253	0
7908	253	0
7909	253	0
7910	253	0
7911	253	0
7912	253	0
7913	253	0
7914	253	0
7915	253	0
7916	253	0
7917	253	0
7918	253	0
7919	253	0
7920	253	0
7921	253	0
7922	253	0
7923	253	0
7924	253	0
7925	254	0
7926	253	0
7927	253	0
7928	253	0
7929	253	0
7930	253	0
7931	254	0
7932	253	0
7933	253	0
7934	253	0
7935	253	0
7936	253	0
7937	253	0
7938	253	0
7939	253	0
7940	253	0
7941	254	0
7942	254	0
7943	253	0
7944	253	0
7945	253	0
7946	253	0
7947	253	0
7948	253	0
7949	254	0
7950	253	0
7951	253	0
7952	253	0
7953	253	0
7954	253	0
7955	254	0
7956	253	0
7957	253	0
7958	253	0
7959	253	0
7960	253	0
7961	253	0
7962	253	0
7963	253	0
7964	253	0
7965	253	0
7966	253	0
7967	253	0
7968	253	0
7969	253	0
7970	253	0
7971	254	0
7972	253	0
7973	253	0
7974	253	0
7975	253	0
7976	253	0
7977	253	0
7978	253	0
7979	254	0
7980	253	0
7981	254	0
7982	253	0
7983	253	0
7984	253	0
7985	253	0
7986	253	0
7987	253	0
7988	253	0
7989	253	0
7990	253	0
7991	253	0
7992	253	0
7993	253	0
7994	254	0
7995	254	0
7996	253	0
7997	254	0
7998	253	0
7999	253	0
