Oscilloscope data. 
Time step = 1,250 mS
Voltage step = 31,25 mV
Zero level = 52

N 	Smpl.	Trig

0	133	0
1	133	0
2	133	0
3	133	0
4	133	0
5	133	0
6	133	0
7	133	0
8	134	0
9	134	0
10	134	0
11	133	0
12	134	0
13	133	0
14	133	0
15	133	0
16	133	0
17	133	0
18	133	0
19	133	0
20	134	0
21	134	0
22	133	0
23	133	0
24	133	0
25	133	0
26	133	0
27	133	0
28	134	0
29	133	0
30	133	0
31	134	0
32	133	0
33	133	0
34	134	0
35	134	0
36	134	0
37	133	0
38	133	0
39	133	0
40	133	0
41	133	0
42	133	0
43	133	0
44	133	0
45	134	0
46	133	0
47	134	0
48	133	0
49	134	0
50	133	0
51	133	0
52	133	0
53	133	0
54	133	0
55	133	0
56	133	0
57	134	0
58	133	0
59	133	0
60	133	0
61	133	0
62	133	0
63	134	0
64	133	0
65	133	0
66	133	0
67	134	0
68	133	0
69	133	0
70	133	0
71	133	0
72	134	0
73	133	0
74	134	0
75	134	0
76	133	0
77	133	0
78	133	0
79	134	0
80	133	0
81	133	0
82	133	0
83	134	0
84	133	0
85	134	0
86	133	0
87	133	0
88	133	0
89	133	0
90	133	0
91	133	0
92	133	0
93	134	0
94	134	0
95	133	0
96	133	0
97	133	0
98	133	0
99	133	0
100	133	0
101	133	0
102	133	0
103	133	0
104	133	0
105	134	0
106	134	0
107	133	0
108	133	0
109	133	0
110	134	0
111	133	0
112	133	0
113	133	0
114	133	0
115	133	0
116	134	0
117	133	0
118	133	0
119	133	0
120	134	0
121	134	0
122	133	0
123	134	0
124	133	0
125	133	0
126	134	0
127	133	0
128	133	0
129	133	0
130	133	0
131	134	0
132	133	0
133	134	0
134	133	0
135	134	0
136	133	0
137	134	0
138	133	0
139	133	0
140	133	0
141	133	0
142	133	0
143	133	0
144	134	0
145	134	0
146	133	0
147	133	0
148	134	0
149	133	0
150	134	0
151	133	0
152	133	0
153	134	0
154	133	0
155	134	0
156	133	0
157	133	0
158	134	0
159	133	0
160	134	0
161	134	0
162	133	0
163	133	0
164	134	0
165	133	0
166	134	0
167	133	0
168	133	0
169	133	0
170	134	0
171	133	0
172	133	0
173	134	0
174	133	0
175	133	0
176	133	0
177	134	0
178	133	0
179	134	0
180	133	0
181	133	0
182	133	0
183	133	0
184	134	0
185	133	0
186	134	0
187	134	0
188	133	0
189	133	0
190	133	0
191	133	0
192	134	0
193	133	0
194	134	0
195	133	0
196	133	0
197	133	0
198	133	0
199	133	0
200	133	0
201	134	0
202	133	0
203	134	0
204	133	0
205	133	0
206	133	0
207	134	0
208	133	0
209	133	0
210	133	0
211	133	0
212	133	0
213	134	0
214	133	0
215	133	0
216	133	0
217	133	0
218	133	0
219	133	0
220	133	0
221	133	0
222	134	0
223	134	0
224	133	0
225	133	0
226	133	0
227	133	0
228	133	0
229	134	0
230	133	0
231	133	0
232	133	0
233	134	0
234	133	0
235	133	0
236	133	0
237	133	0
238	133	0
239	133	0
240	133	0
241	133	0
242	133	0
243	133	0
244	133	0
245	133	0
246	134	0
247	133	0
248	133	0
249	133	0
250	133	0
251	133	0
252	133	0
253	133	0
254	133	0
255	134	0
256	133	0
257	133	0
258	133	0
259	133	0
260	134	0
261	133	0
262	134	0
263	134	0
264	134	0
265	134	0
266	133	0
267	133	0
268	133	0
269	134	0
270	133	0
271	133	0
272	133	0
273	134	0
274	133	0
275	133	0
276	133	0
277	134	0
278	133	0
279	133	0
280	133	0
281	133	0
282	134	0
283	133	0
284	133	0
285	133	0
286	133	0
287	134	0
288	134	0
289	133	0
290	134	0
291	133	0
292	133	0
293	134	0
294	133	0
295	133	0
296	133	0
297	134	0
298	133	0
299	133	0
300	133	0
301	134	0
302	133	0
303	133	0
304	133	0
305	133	0
306	133	0
307	133	0
308	133	0
309	133	0
310	133	0
311	133	0
312	133	0
313	133	0
314	133	0
315	134	0
316	133	0
317	133	0
318	133	0
319	134	0
320	133	0
321	133	0
322	133	0
323	133	0
324	133	0
325	133	0
326	134	0
327	134	0
328	133	0
329	133	0
330	133	0
331	133	0
332	133	0
333	134	0
334	133	0
335	134	0
336	134	0
337	133	0
338	133	0
339	133	0
340	134	0
341	133	0
342	134	0
343	133	0
344	133	0
345	134	0
346	133	0
347	133	0
348	133	0
349	134	0
350	133	0
351	133	0
352	133	0
353	133	0
354	133	0
355	134	0
356	133	0
357	134	0
358	133	0
359	133	0
360	133	0
361	134	0
362	134	0
363	133	0
364	134	0
365	134	0
366	133	0
367	133	0
368	133	0
369	133	0
370	133	0
371	133	0
372	133	0
373	133	0
374	133	0
375	133	0
376	133	0
377	133	0
378	133	0
379	133	0
380	134	0
381	133	0
382	133	0
383	134	0
384	134	0
385	134	0
386	133	0
387	133	0
388	133	0
389	133	0
390	133	0
391	133	0
392	133	0
393	134	0
394	133	0
395	134	0
396	133	0
397	133	0
398	133	0
399	134	0
400	133	0
401	133	0
402	133	0
403	133	0
404	134	0
405	133	0
406	133	0
407	133	0
408	133	0
409	133	0
410	133	0
411	133	0
412	134	0
413	133	0
414	134	0
415	134	0
416	134	0
417	133	0
418	134	0
419	133	0
420	134	0
421	133	0
422	134	0
423	133	0
424	133	0
425	133	0
426	134	0
427	133	0
428	133	0
429	133	0
430	133	0
431	133	0
432	133	0
433	133	0
434	133	0
435	133	0
436	133	0
437	134	0
438	133	0
439	133	0
440	133	0
441	133	0
442	133	0
443	133	0
444	134	0
445	133	0
446	133	0
447	133	0
448	134	0
449	133	0
450	133	0
451	133	0
452	133	0
453	133	0
454	133	0
455	133	0
456	133	0
457	133	0
458	134	0
459	133	0
460	133	0
461	133	0
462	133	0
463	133	0
464	133	0
465	134	0
466	133	0
467	133	0
468	133	0
469	133	0
470	133	0
471	133	0
472	133	0
473	133	0
474	133	0
475	133	0
476	133	0
477	134	0
478	133	0
479	133	0
480	133	0
481	134	0
482	134	0
483	133	0
484	133	0
485	134	0
486	133	0
487	133	0
488	133	0
489	133	0
490	133	0
491	133	0
492	133	0
493	133	0
494	133	0
495	133	0
496	133	0
497	133	0
498	134	0
499	133	0
500	133	0
501	134	0
502	134	0
503	133	0
504	133	0
505	133	0
506	133	0
507	133	0
508	134	0
509	134	0
510	133	0
511	134	0
512	133	0
513	133	0
514	133	0
515	134	0
516	133	0
517	133	0
518	133	0
519	134	0
520	134	0
521	133	0
522	133	0
523	133	0
524	133	0
525	133	0
526	133	0
527	133	0
528	133	0
529	133	0
530	133	0
531	134	0
532	133	0
533	133	0
534	133	0
535	133	0
536	133	0
537	133	0
538	133	0
539	133	0
540	133	0
541	133	0
542	133	0
543	133	0
544	134	0
545	133	0
546	133	0
547	133	0
548	134	0
549	133	0
550	133	0
551	133	0
552	133	0
553	134	0
554	133	0
555	133	0
556	133	0
557	133	0
558	133	0
559	133	0
560	134	0
561	133	0
562	133	0
563	134	0
564	133	0
565	133	0
566	133	0
567	133	0
568	133	0
569	133	0
570	133	0
571	133	0
572	133	0
573	133	0
574	134	0
575	133	0
576	134	0
577	133	0
578	133	0
579	134	0
580	133	0
581	134	0
582	133	0
583	133	0
584	133	0
585	134	0
586	133	0
587	133	0
588	133	0
589	133	0
590	133	0
591	134	0
592	133	0
593	133	0
594	134	0
595	133	0
596	133	0
597	134	0
598	133	0
599	133	0
600	133	0
601	134	0
602	133	0
603	133	0
604	134	0
605	133	0
606	133	0
607	134	0
608	133	0
609	133	0
610	134	0
611	133	0
612	133	0
613	133	0
614	133	0
615	134	0
616	133	0
617	133	0
618	133	0
619	133	0
620	134	0
621	133	0
622	133	0
623	134	0
624	134	0
625	133	0
626	134	0
627	133	0
628	133	0
629	133	0
630	133	0
631	133	0
632	133	0
633	133	0
634	133	0
635	133	0
636	133	0
637	133	0
638	133	0
639	133	0
640	133	0
641	133	0
642	133	0
643	133	0
644	133	0
645	133	0
646	133	0
647	133	0
648	133	0
649	133	0
650	133	0
651	133	0
652	133	0
653	133	0
654	133	0
655	133	0
656	133	0
657	134	0
658	133	0
659	133	0
660	133	0
661	133	0
662	133	0
663	133	0
664	133	0
665	133	0
666	133	0
667	133	0
668	133	0
669	133	0
670	133	0
671	133	0
672	133	0
673	133	0
674	133	0
675	133	0
676	133	0
677	133	0
678	133	0
679	134	0
680	134	0
681	133	0
682	133	0
683	133	0
684	133	0
685	133	0
686	133	0
687	133	0
688	133	0
689	133	0
690	133	0
691	133	0
692	133	0
693	133	0
694	133	0
695	133	0
696	133	0
697	133	0
698	133	0
699	133	0
700	133	0
701	133	0
702	133	0
703	133	0
704	133	0
705	133	0
706	133	0
707	133	0
708	133	0
709	133	0
710	133	0
711	133	0
712	133	0
713	133	0
714	133	0
715	133	0
716	133	0
717	133	0
718	133	0
719	133	0
720	133	0
721	133	0
722	133	0
723	134	0
724	133	0
725	134	0
726	133	0
727	134	0
728	134	0
729	133	0
730	133	0
731	134	0
732	134	0
733	134	0
734	133	0
735	133	0
736	133	0
737	133	0
738	133	0
739	133	0
740	133	0
741	133	0
742	134	0
743	133	0
744	133	0
745	133	0
746	133	0
747	134	0
748	133	0
749	133	0
750	133	0
751	134	0
752	133	0
753	133	0
754	134	0
755	133	0
756	133	0
757	133	0
758	133	0
759	133	0
760	134	0
761	133	0
762	133	0
763	133	0
764	133	0
765	133	0
766	133	0
767	133	0
768	133	0
769	134	0
770	133	0
771	133	0
772	133	0
773	133	0
774	133	0
775	133	0
776	133	0
777	134	0
778	133	0
779	133	0
780	133	0
781	133	0
782	133	0
783	133	0
784	134	0
785	133	0
786	133	0
787	133	0
788	133	0
789	134	0
790	133	0
791	133	0
792	133	0
793	133	0
794	133	0
795	133	0
796	133	0
797	133	0
798	133	0
799	133	0
800	133	0
801	133	0
802	133	0
803	133	0
804	133	0
805	133	0
806	133	0
807	134	0
808	133	0
809	134	0
810	134	0
811	133	0
812	133	0
813	133	0
814	134	0
815	134	0
816	133	0
817	133	0
818	133	0
819	133	0
820	133	0
821	134	0
822	133	0
823	134	0
824	133	0
825	134	0
826	134	0
827	133	0
828	133	0
829	133	0
830	133	0
831	133	0
832	133	0
833	133	0
834	134	0
835	133	0
836	134	0
837	133	0
838	134	0
839	133	0
840	134	0
841	133	0
842	133	0
843	134	0
844	133	0
845	133	0
846	133	0
847	133	0
848	133	0
849	133	0
850	133	0
851	134	0
852	133	0
853	133	0
854	134	0
855	133	0
856	133	0
857	134	0
858	133	0
859	133	0
860	134	0
861	133	0
862	134	0
863	133	0
864	133	0
865	133	0
866	133	0
867	133	0
868	133	0
869	133	0
870	133	0
871	133	0
872	133	0
873	133	0
874	133	0
875	134	0
876	133	0
877	134	0
878	133	0
879	133	0
880	133	0
881	133	0
882	134	0
883	133	0
884	133	0
885	133	0
886	133	0
887	133	0
888	133	0
889	134	0
890	134	0
891	133	0
892	134	0
893	133	0
894	133	0
895	134	0
896	133	0
897	133	0
898	134	0
899	133	0
900	133	0
901	133	0
902	133	0
903	133	0
904	133	0
905	133	0
906	133	0
907	134	0
908	133	0
909	133	0
910	133	0
911	133	0
912	134	0
913	133	0
914	133	0
915	133	0
916	133	0
917	133	0
918	133	0
919	133	0
920	133	0
921	133	0
922	133	0
923	133	0
924	133	0
925	133	0
926	133	0
927	133	0
928	133	0
929	133	0
930	133	0
931	133	0
932	133	0
933	134	0
934	133	0
935	133	0
936	134	0
937	133	0
938	133	0
939	134	0
940	133	0
941	133	0
942	133	0
943	133	0
944	133	0
945	133	0
946	133	0
947	133	0
948	133	0
949	133	0
950	133	0
951	134	0
952	134	0
953	133	0
954	133	0
955	133	0
956	133	0
957	133	0
958	133	0
959	133	0
960	133	0
961	133	0
962	133	0
963	133	0
964	133	0
965	133	0
966	133	0
967	133	0
968	133	0
969	133	0
970	133	0
971	133	0
972	133	0
973	133	0
974	133	0
975	133	0
976	133	0
977	134	0
978	133	0
979	133	0
980	134	0
981	133	0
982	133	0
983	133	0
984	133	0
985	133	0
986	133	0
987	133	0
988	133	0
989	133	0
990	133	0
991	133	0
992	133	0
993	133	0
994	133	0
995	133	0
996	133	0
997	134	0
998	133	0
999	133	0
1000	134	0
1001	134	0
1002	133	0
1003	133	0
1004	134	0
1005	133	0
1006	133	0
1007	134	0
1008	133	0
1009	134	0
1010	133	0
1011	133	0
1012	133	0
1013	133	0
1014	133	0
1015	133	0
1016	133	0
1017	133	0
1018	133	0
1019	134	0
1020	133	0
1021	133	0
1022	133	0
1023	133	0
1024	133	0
1025	133	0
1026	133	0
1027	134	0
1028	134	0
1029	133	0
1030	133	0
1031	133	0
1032	133	0
1033	133	0
1034	133	0
1035	133	0
1036	133	0
1037	133	0
1038	134	0
1039	133	0
1040	133	0
1041	133	0
1042	133	0
1043	133	0
1044	133	0
1045	133	0
1046	133	0
1047	133	0
1048	133	0
1049	133	0
1050	133	0
1051	133	0
1052	133	0
1053	134	0
1054	133	0
1055	133	0
1056	133	0
1057	133	0
1058	133	0
1059	133	0
1060	133	0
1061	134	0
1062	134	0
1063	133	0
1064	133	0
1065	133	0
1066	133	0
1067	133	0
1068	133	0
1069	133	0
1070	133	0
1071	133	0
1072	133	0
1073	133	0
1074	134	0
1075	133	0
1076	134	0
1077	133	0
1078	133	0
1079	134	0
1080	134	0
1081	133	0
1082	134	0
1083	133	0
1084	133	0
1085	133	0
1086	134	0
1087	133	0
1088	133	0
1089	134	0
1090	133	0
1091	133	0
1092	133	0
1093	133	0
1094	134	0
1095	133	0
1096	133	0
1097	133	0
1098	134	0
1099	133	0
1100	133	0
1101	133	0
1102	134	0
1103	133	0
1104	133	0
1105	133	0
1106	133	0
1107	133	0
1108	133	0
1109	133	0
1110	133	0
1111	133	0
1112	133	0
1113	133	0
1114	133	0
1115	134	0
1116	133	0
1117	133	0
1118	133	0
1119	133	0
1120	133	0
1121	133	0
1122	133	0
1123	133	0
1124	133	0
1125	133	0
1126	133	0
1127	133	0
1128	133	0
1129	133	0
1130	133	0
1131	133	0
1132	133	0
1133	133	0
1134	133	0
1135	133	0
1136	133	0
1137	133	0
1138	133	0
1139	133	0
1140	133	0
1141	133	0
1142	133	0
1143	133	0
1144	133	0
1145	133	0
1146	133	0
1147	133	0
1148	134	0
1149	134	0
1150	133	0
1151	134	0
1152	133	0
1153	133	0
1154	133	0
1155	133	0
1156	133	0
1157	133	0
1158	133	0
1159	133	0
1160	133	0
1161	133	0
1162	133	0
1163	134	0
1164	133	0
1165	133	0
1166	133	0
1167	133	0
1168	133	0
1169	133	0
1170	133	0
1171	133	0
1172	133	0
1173	133	0
1174	133	0
1175	133	0
1176	133	0
1177	133	0
1178	133	0
1179	133	0
1180	133	0
1181	133	0
1182	133	0
1183	134	0
1184	133	0
1185	133	0
1186	134	0
1187	134	0
1188	133	0
1189	133	0
1190	133	0
1191	133	0
1192	134	0
1193	133	0
1194	134	0
1195	133	0
1196	134	0
1197	133	0
1198	134	0
1199	133	0
1200	133	0
1201	133	0
1202	133	0
1203	133	0
1204	133	0
1205	133	0
1206	133	0
1207	134	0
1208	133	0
1209	133	0
1210	134	0
1211	133	0
1212	133	0
1213	133	0
1214	133	0
1215	134	0
1216	133	0
1217	133	0
1218	133	0
1219	134	0
1220	133	0
1221	133	0
1222	133	0
1223	133	0
1224	133	0
1225	133	0
1226	133	0
1227	133	0
1228	133	0
1229	134	0
1230	133	0
1231	133	0
1232	133	0
1233	133	0
1234	134	0
1235	133	0
1236	133	0
1237	134	0
1238	133	0
1239	133	0
1240	134	0
1241	134	0
1242	134	0
1243	133	0
1244	133	0
1245	133	0
1246	133	0
1247	133	0
1248	133	0
1249	133	0
1250	133	0
1251	133	0
1252	134	0
1253	134	0
1254	134	0
1255	134	0
1256	133	0
1257	134	0
1258	133	0
1259	133	0
1260	133	0
1261	134	0
1262	133	0
1263	133	0
1264	133	0
1265	134	0
1266	133	0
1267	134	0
1268	133	0
1269	133	0
1270	133	0
1271	133	0
1272	133	0
1273	133	0
1274	133	0
1275	133	0
1276	133	0
1277	133	0
1278	133	0
1279	133	0
1280	133	0
1281	133	0
1282	133	0
1283	133	0
1284	133	0
1285	133	0
1286	133	0
1287	133	0
1288	134	0
1289	134	0
1290	133	0
1291	133	0
1292	133	0
1293	133	0
1294	133	0
1295	133	0
1296	133	0
1297	134	0
1298	133	0
1299	133	0
1300	133	0
1301	133	0
1302	133	0
1303	133	0
1304	133	0
1305	133	0
1306	133	0
1307	133	0
1308	134	0
1309	133	0
1310	133	0
1311	133	0
1312	133	0
1313	133	0
1314	133	0
1315	133	0
1316	133	0
1317	133	0
1318	133	0
1319	134	0
1320	133	0
1321	133	0
1322	133	0
1323	133	0
1324	133	0
1325	133	0
1326	133	0
1327	133	0
1328	133	0
1329	133	0
1330	133	0
1331	133	0
1332	133	0
1333	133	0
1334	134	0
1335	133	0
1336	133	0
1337	133	0
1338	133	0
1339	134	0
1340	133	0
1341	133	0
1342	133	0
1343	134	0
1344	133	0
1345	133	0
1346	133	0
1347	133	0
1348	133	0
1349	133	0
1350	133	0
1351	133	0
1352	133	0
1353	133	0
1354	133	0
1355	133	0
1356	134	0
1357	133	0
1358	133	0
1359	133	0
1360	133	0
1361	133	0
1362	133	0
1363	133	0
1364	133	0
1365	133	0
1366	133	0
1367	133	0
1368	133	0
1369	133	0
1370	133	0
1371	133	0
1372	133	0
1373	133	0
1374	134	0
1375	133	0
1376	133	0
1377	133	0
1378	133	0
1379	133	0
1380	134	0
1381	134	0
1382	133	0
1383	133	0
1384	134	0
1385	134	0
1386	134	0
1387	134	0
1388	133	0
1389	133	0
1390	133	0
1391	134	0
1392	134	0
1393	133	0
1394	133	0
1395	134	0
1396	134	0
1397	133	0
1398	133	0
1399	133	0
1400	133	0
1401	133	0
1402	133	0
1403	133	0
1404	134	0
1405	133	0
1406	133	0
1407	133	0
1408	133	0
1409	133	0
1410	133	0
1411	134	0
1412	133	0
1413	133	0
1414	133	0
1415	134	0
1416	133	0
1417	134	0
1418	134	0
1419	133	0
1420	133	0
1421	133	0
1422	133	0
1423	134	0
1424	133	0
1425	133	0
1426	134	0
1427	133	0
1428	134	0
1429	133	0
1430	133	0
1431	133	0
1432	133	0
1433	134	0
1434	133	0
1435	133	0
1436	133	0
1437	133	0
1438	133	0
1439	133	0
1440	133	0
1441	133	0
1442	134	0
1443	133	0
1444	134	0
1445	133	0
1446	133	0
1447	133	0
1448	133	0
1449	133	0
1450	134	0
1451	133	0
1452	133	0
1453	133	0
1454	133	0
1455	134	0
1456	133	0
1457	133	0
1458	134	0
1459	133	0
1460	133	0
1461	133	0
1462	133	0
1463	134	0
1464	133	0
1465	134	0
1466	134	0
1467	134	0
1468	134	0
1469	133	0
1470	134	0
1471	134	0
1472	133	0
1473	133	0
1474	133	0
1475	133	0
1476	133	0
1477	134	0
1478	134	0
1479	133	0
1480	133	0
1481	134	0
1482	133	0
1483	133	0
1484	133	0
1485	133	0
1486	133	0
1487	134	0
1488	133	0
1489	134	0
1490	134	0
1491	133	0
1492	133	0
1493	133	0
1494	133	0
1495	133	0
1496	134	0
1497	133	0
1498	133	0
1499	133	0
1500	133	0
1501	134	0
1502	133	0
1503	133	0
1504	133	0
1505	133	0
1506	133	0
1507	134	0
1508	133	0
1509	133	0
1510	134	0
1511	134	0
1512	133	0
1513	134	0
1514	133	0
1515	133	0
1516	134	0
1517	133	0
1518	133	0
1519	133	0
1520	134	0
1521	133	0
1522	133	0
1523	133	0
1524	133	0
1525	133	0
1526	133	0
1527	133	0
1528	133	0
1529	133	0
1530	133	0
1531	133	0
1532	133	0
1533	133	0
1534	134	0
1535	133	0
1536	134	0
1537	133	0
1538	133	0
1539	133	0
1540	134	0
1541	133	0
1542	133	0
1543	134	0
1544	133	0
1545	133	0
1546	133	0
1547	133	0
1548	133	0
1549	133	0
1550	133	0
1551	134	0
1552	134	0
1553	134	0
1554	134	0
1555	133	0
1556	133	0
1557	134	0
1558	134	0
1559	133	0
1560	133	0
1561	133	0
1562	134	0
1563	133	0
1564	133	0
1565	133	0
1566	133	0
1567	133	0
1568	133	0
1569	133	0
1570	133	0
1571	133	0
1572	134	0
1573	133	0
1574	133	0
1575	134	0
1576	133	0
1577	133	0
1578	133	0
1579	133	0
1580	133	0
1581	134	0
1582	133	0
1583	133	0
1584	133	0
1585	134	0
1586	133	0
1587	133	0
1588	133	0
1589	134	0
1590	134	0
1591	133	0
1592	134	0
1593	133	0
1594	133	0
1595	133	0
1596	134	0
1597	134	0
1598	134	0
1599	133	0
1600	133	0
1601	133	0
1602	134	0
1603	133	0
1604	134	0
1605	134	0
1606	133	0
1607	133	0
1608	133	0
1609	134	0
1610	133	0
1611	133	0
1612	133	0
1613	133	0
1614	133	0
1615	133	0
1616	133	0
1617	133	0
1618	133	0
1619	133	0
1620	133	0
1621	133	0
1622	134	0
1623	133	0
1624	133	0
1625	133	0
1626	133	0
1627	134	0
1628	133	0
1629	133	0
1630	133	0
1631	133	0
1632	134	0
1633	134	0
1634	133	0
1635	134	0
1636	134	0
1637	134	0
1638	133	0
1639	134	0
1640	133	0
1641	133	0
1642	133	0
1643	134	0
1644	133	0
1645	134	0
1646	133	0
1647	133	0
1648	133	0
1649	133	0
1650	133	0
1651	133	0
1652	133	0
1653	133	0
1654	133	0
1655	134	0
1656	134	0
1657	133	0
1658	134	0
1659	134	0
1660	133	0
1661	133	0
1662	133	0
1663	133	0
1664	133	0
1665	133	0
1666	134	0
1667	133	0
1668	133	0
1669	133	0
1670	133	0
1671	133	0
1672	133	0
1673	133	0
1674	133	0
1675	133	0
1676	133	0
1677	133	0
1678	134	0
1679	133	0
1680	134	0
1681	133	0
1682	133	0
1683	134	0
1684	134	0
1685	133	0
1686	134	0
1687	134	0
1688	134	0
1689	133	0
1690	133	0
1691	133	0
1692	133	0
1693	133	0
1694	133	0
1695	133	0
1696	134	0
1697	134	0
1698	133	0
1699	133	0
1700	133	0
1701	134	0
1702	133	0
1703	134	0
1704	133	0
1705	133	0
1706	133	0
1707	134	0
1708	133	0
1709	134	0
1710	133	0
1711	134	0
1712	133	0
1713	133	0
1714	133	0
1715	133	0
1716	133	0
1717	133	0
1718	134	0
1719	133	0
1720	133	0
1721	133	0
1722	133	0
1723	134	0
1724	133	0
1725	133	0
1726	134	0
1727	134	0
1728	133	0
1729	134	0
1730	133	0
1731	134	0
1732	133	0
1733	134	0
1734	133	0
1735	133	0
1736	134	0
1737	133	0
1738	134	0
1739	133	0
1740	133	0
1741	133	0
1742	133	0
1743	134	0
1744	133	0
1745	133	0
1746	133	0
1747	133	0
1748	133	0
1749	134	0
1750	133	0
1751	133	0
1752	133	0
1753	134	0
1754	133	0
1755	134	0
1756	133	0
1757	134	0
1758	133	0
1759	133	0
1760	133	0
1761	133	0
1762	133	0
1763	133	0
1764	133	0
1765	133	0
1766	133	0
1767	133	0
1768	133	0
1769	133	0
1770	134	0
1771	133	0
1772	133	0
1773	133	0
1774	133	0
1775	131	0
1776	131	0
1777	129	0
1778	129	0
1779	129	0
1780	129	0
1781	127	0
1782	126	0
1783	124	0
1784	124	0
1785	123	0
1786	123	0
1787	122	0
1788	122	0
1789	122	0
1790	121	0
1791	120	0
1792	119	0
1793	117	0
1794	117	0
1795	116	0
1796	115	0
1797	115	0
1798	115	0
1799	114	0
1800	113	0
1801	111	0
1802	110	0
1803	109	0
1804	108	0
1805	107	0
1806	106	0
1807	105	0
1808	104	0
1809	105	0
1810	103	0
1811	102	0
1812	101	0
1813	101	0
1814	99	0
1815	98	0
1816	98	0
1817	97	0
1818	95	0
1819	94	0
1820	93	0
1821	93	0
1822	92	0
1823	91	0
1824	91	0
1825	89	0
1826	88	0
1827	87	0
1828	85	0
1829	85	0
1830	83	0
1831	83	0
1832	83	0
1833	83	0
1834	81	0
1835	81	0
1836	79	0
1837	79	0
1838	78	0
1839	77	0
1840	78	0
1841	77	0
1842	75	0
1843	75	0
1844	73	0
1845	71	0
1846	71	0
1847	70	0
1848	70	0
1849	70	0
1850	69	0
1851	67	0
1852	67	0
1853	65	0
1854	65	0
1855	63	0
1856	63	0
1857	62	0
1858	61	0
1859	61	0
1860	59	0
1861	59	0
1862	57	0
1863	56	0
1864	55	0
1865	55	0
1866	54	0
1867	53	0
1868	53	0
1869	53	0
1870	53	0
1871	53	0
1872	52	0
1873	53	0
1874	53	0
1875	53	0
1876	53	0
1877	53	0
1878	53	0
1879	52	0
1880	53	0
1881	53	0
1882	53	0
1883	52	0
1884	53	0
1885	52	0
1886	52	0
1887	52	0
1888	53	0
1889	53	0
1890	53	0
1891	53	0
1892	53	0
1893	53	0
1894	53	0
1895	53	0
1896	53	0
1897	53	0
1898	53	0
1899	53	0
1900	53	0
1901	53	0
1902	53	0
1903	53	0
1904	53	0
1905	53	0
1906	53	0
1907	53	0
1908	53	0
1909	53	0
1910	53	0
1911	52	0
1912	53	0
1913	53	0
1914	53	0
1915	52	0
1916	53	0
1917	53	0
1918	53	0
1919	53	0
1920	53	0
1921	53	0
1922	53	0
1923	53	0
1924	52	0
1925	53	0
1926	53	0
1927	53	0
1928	53	0
1929	53	0
1930	53	0
1931	53	0
1932	53	0
1933	53	0
1934	53	0
1935	53	0
1936	53	0
1937	53	0
1938	53	0
1939	53	0
1940	53	0
1941	53	0
1942	53	0
1943	52	0
1944	53	0
1945	53	0
1946	53	0
1947	53	0
1948	53	0
1949	52	0
1950	53	0
1951	53	0
1952	53	0
1953	53	0
1954	53	0
1955	53	0
1956	53	0
1957	53	0
1958	53	0
1959	52	0
1960	53	0
1961	53	0
1962	53	0
1963	53	0
1964	53	0
1965	53	0
1966	53	0
1967	53	0
1968	53	0
1969	53	0
1970	53	0
1971	53	0
1972	53	0
1973	52	0
1974	53	0
1975	53	0
1976	52	0
1977	53	0
1978	53	0
1979	53	0
1980	53	0
1981	53	0
1982	52	0
1983	53	0
1984	53	0
1985	53	0
1986	53	0
1987	53	0
1988	53	0
1989	53	0
1990	53	0
1991	53	0
1992	53	0
1993	52	0
1994	53	0
1995	53	0
1996	52	0
1997	53	0
1998	53	0
1999	53	0
2000	53	0
2001	53	0
2002	53	0
2003	53	0
2004	52	0
2005	53	0
2006	53	0
2007	53	0
2008	53	0
2009	53	0
2010	52	0
2011	52	0
2012	53	0
2013	53	0
2014	53	0
2015	53	0
2016	53	0
2017	53	0
2018	53	0
2019	53	0
2020	53	0
2021	53	0
2022	53	0
2023	53	0
2024	52	0
2025	53	0
2026	53	0
2027	53	0
2028	53	0
2029	53	0
2030	53	0
2031	53	0
2032	53	0
2033	53	0
2034	53	0
2035	53	0
2036	53	0
2037	53	0
2038	53	0
2039	53	0
2040	52	0
2041	53	0
2042	53	0
2043	53	0
2044	53	0
2045	53	0
2046	53	0
2047	53	0
2048	53	0
2049	52	0
2050	53	0
2051	53	0
2052	53	0
2053	53	0
2054	53	0
2055	53	0
2056	53	0
2057	52	0
2058	53	0
2059	53	0
2060	53	0
2061	53	0
2062	52	0
2063	53	0
2064	53	0
2065	53	0
2066	53	0
2067	53	0
2068	53	0
2069	53	0
2070	52	0
2071	53	0
2072	52	0
2073	52	0
2074	53	0
2075	53	0
2076	53	0
2077	53	0
2078	53	0
2079	53	0
2080	53	0
2081	52	0
2082	53	0
2083	53	0
2084	53	0
2085	53	0
2086	53	0
2087	53	0
2088	53	0
2089	53	0
2090	53	0
2091	53	0
2092	53	0
2093	53	0
2094	53	0
2095	53	0
2096	53	0
2097	53	0
2098	53	0
2099	53	0
2100	53	0
2101	53	0
2102	53	0
2103	53	0
2104	53	0
2105	53	0
2106	53	0
2107	53	0
2108	53	0
2109	52	0
2110	53	0
2111	53	0
2112	53	0
2113	53	0
2114	53	0
2115	52	0
2116	53	0
2117	53	0
2118	53	0
2119	53	0
2120	52	0
2121	53	0
2122	53	0
2123	53	0
2124	52	0
2125	53	0
2126	52	0
2127	53	0
2128	53	0
2129	53	0
2130	53	0
2131	53	0
2132	53	0
2133	53	0
2134	53	0
2135	53	0
2136	53	0
2137	53	0
2138	52	0
2139	53	0
2140	52	0
2141	53	0
2142	53	0
2143	53	0
2144	53	0
2145	52	0
2146	53	0
2147	53	0
2148	53	0
2149	53	0
2150	53	0
2151	53	0
2152	53	0
2153	53	0
2154	53	0
2155	53	0
2156	53	0
2157	53	0
2158	53	0
2159	53	0
2160	53	0
2161	53	0
2162	53	0
2163	53	0
2164	53	0
2165	52	0
2166	53	0
2167	52	0
2168	53	0
2169	52	0
2170	53	0
2171	53	0
2172	53	0
2173	53	0
2174	53	0
2175	53	0
2176	53	0
2177	53	0
2178	53	0
2179	53	0
2180	53	0
2181	53	0
2182	53	0
2183	53	0
2184	53	0
2185	53	0
2186	53	0
2187	53	0
2188	53	0
2189	53	0
2190	53	0
2191	53	0
2192	53	0
2193	52	0
2194	52	0
2195	53	0
2196	52	0
2197	53	0
2198	52	0
2199	53	0
2200	53	0
2201	53	0
2202	53	0
2203	53	0
2204	53	0
2205	53	0
2206	53	0
2207	53	0
2208	53	0
2209	53	0
2210	53	0
2211	53	0
2212	53	0
2213	53	0
2214	53	0
2215	53	0
2216	53	0
2217	53	0
2218	52	0
2219	53	0
2220	53	0
2221	53	0
2222	53	0
2223	53	0
2224	53	0
2225	53	0
2226	53	0
2227	53	0
2228	52	0
2229	53	0
2230	53	0
2231	53	0
2232	53	0
2233	53	0
2234	53	0
2235	53	0
2236	53	0
2237	53	0
2238	53	0
2239	53	0
2240	53	0
2241	53	0
2242	53	0
2243	52	0
2244	53	0
2245	52	0
2246	53	0
2247	53	0
2248	53	0
2249	53	0
2250	53	0
2251	53	0
2252	53	0
2253	53	0
2254	53	0
2255	53	0
2256	53	0
2257	52	0
2258	53	0
2259	53	0
2260	53	0
2261	53	0
2262	53	0
2263	52	0
2264	53	0
2265	53	0
2266	53	0
2267	53	0
2268	52	0
2269	53	0
2270	53	0
2271	53	0
2272	53	0
2273	53	0
2274	53	0
2275	53	0
2276	53	0
2277	53	0
2278	53	0
2279	53	0
2280	53	0
2281	53	0
2282	53	0
2283	53	0
2284	53	0
2285	53	0
2286	53	0
2287	53	0
2288	53	0
2289	53	0
2290	53	0
2291	53	0
2292	52	0
2293	53	0
2294	53	0
2295	53	0
2296	53	0
2297	52	0
2298	53	0
2299	53	0
2300	53	0
2301	53	0
2302	53	0
2303	53	0
2304	53	0
2305	53	0
2306	53	0
2307	53	0
2308	53	0
2309	53	0
2310	53	0
2311	53	0
2312	53	0
2313	52	0
2314	53	0
2315	53	0
2316	53	0
2317	52	0
2318	53	0
2319	52	0
2320	53	0
2321	53	0
2322	53	0
2323	53	0
2324	53	0
2325	53	0
2326	53	0
2327	53	0
2328	53	0
2329	53	0
2330	53	0
2331	53	0
2332	53	0
2333	53	0
2334	53	0
2335	52	0
2336	52	0
2337	53	0
2338	53	0
2339	53	0
2340	53	0
2341	53	0
2342	52	0
2343	53	0
2344	53	0
2345	53	0
2346	53	0
2347	53	0
2348	53	0
2349	53	0
2350	53	0
2351	53	0
2352	53	0
2353	53	0
2354	53	0
2355	53	0
2356	53	0
2357	53	0
2358	53	0
2359	53	0
2360	53	0
2361	53	0
2362	53	0
2363	53	0
2364	53	0
2365	53	0
2366	53	0
2367	52	0
2368	53	0
2369	55	0
2370	56	0
2371	57	0
2372	58	0
2373	60	0
2374	61	0
2375	62	0
2376	64	0
2377	63	0
2378	65	0
2379	68	0
2380	70	0
2381	70	0
2382	71	0
2383	72	0
2384	75	0
2385	75	0
2386	77	0
2387	78	0
2388	79	0
2389	81	0
2390	81	0
2391	83	0
2392	83	0
2393	85	0
2394	85	0
2395	88	0
2396	90	0
2397	90	0
2398	91	0
2399	93	0
2400	94	0
2401	97	0
2402	97	0
2403	98	0
2404	99	0
2405	100	0
2406	101	0
2407	102	0
2408	103	0
2409	105	0
2410	105	0
2411	106	0
2412	107	0
2413	109	0
2414	109	0
2415	111	0
2416	113	0
2417	114	0
2418	115	0
2419	115	0
2420	117	0
2421	118	0
2422	119	0
2423	121	0
2424	121	0
2425	123	0
2426	124	0
2427	125	0
2428	127	0
2429	129	0
2430	130	0
2431	132	0
2432	133	0
2433	133	0
2434	133	0
2435	134	0
2436	133	0
2437	134	0
2438	133	0
2439	133	0
2440	133	0
2441	133	0
2442	133	0
2443	133	0
2444	133	0
2445	134	0
2446	133	0
2447	133	0
2448	133	0
2449	134	0
2450	133	0
2451	133	0
2452	133	0
2453	133	0
2454	133	0
2455	134	0
2456	133	0
2457	134	0
2458	133	0
2459	133	0
2460	134	0
2461	133	0
2462	133	0
2463	133	0
2464	133	0
2465	133	0
2466	134	0
2467	133	0
2468	133	0
2469	133	0
2470	133	0
2471	133	0
2472	134	0
2473	133	0
2474	133	0
2475	134	0
2476	134	0
2477	133	0
2478	133	0
2479	133	0
2480	134	0
2481	134	0
2482	134	0
2483	133	0
2484	134	0
2485	133	0
2486	133	0
2487	133	0
2488	133	0
2489	133	0
2490	133	0
2491	133	0
2492	134	0
2493	133	0
2494	133	0
2495	133	0
2496	134	0
2497	133	0
2498	133	0
2499	133	0
2500	133	0
2501	133	0
2502	133	0
2503	134	0
2504	133	0
2505	133	0
2506	133	0
2507	133	0
2508	133	0
2509	133	0
2510	133	0
2511	133	0
2512	133	0
2513	134	0
2514	134	0
2515	133	0
2516	134	0
2517	133	0
2518	133	0
2519	134	0
2520	133	0
2521	133	0
2522	134	0
2523	133	0
2524	133	0
2525	133	0
2526	134	0
2527	134	0
2528	133	0
2529	134	0
2530	133	0
2531	133	0
2532	134	0
2533	133	0
2534	133	0
2535	133	0
2536	133	0
2537	133	0
2538	133	0
2539	134	0
2540	133	0
2541	133	0
2542	133	0
2543	133	0
2544	133	0
2545	133	0
2546	134	0
2547	133	0
2548	133	0
2549	133	0
2550	133	0
2551	134	0
2552	134	0
2553	133	0
2554	133	0
2555	133	0
2556	134	0
2557	133	0
2558	133	0
2559	133	0
2560	133	0
2561	133	0
2562	133	0
2563	133	0
2564	134	0
2565	133	0
2566	133	0
2567	133	0
2568	133	0
2569	133	0
2570	133	0
2571	133	0
2572	133	0
2573	133	0
2574	133	0
2575	133	0
2576	133	0
2577	134	0
2578	134	0
2579	133	0
2580	134	0
2581	133	0
2582	134	0
2583	134	0
2584	133	0
2585	133	0
2586	134	0
2587	133	0
2588	133	0
2589	133	0
2590	133	0
2591	134	0
2592	133	0
2593	134	0
2594	133	0
2595	133	0
2596	134	0
2597	133	0
2598	133	0
2599	133	0
2600	133	0
2601	133	0
2602	133	0
2603	133	0
2604	133	0
2605	133	0
2606	133	0
2607	133	0
2608	133	0
2609	133	0
2610	133	0
2611	133	0
2612	133	0
2613	133	0
2614	134	0
2615	133	0
2616	133	0
2617	134	0
2618	133	0
2619	134	0
2620	133	0
2621	133	0
2622	133	0
2623	133	0
2624	133	0
2625	133	0
2626	134	0
2627	133	0
2628	134	0
2629	133	0
2630	134	0
2631	133	0
2632	133	0
2633	133	0
2634	133	0
2635	133	0
2636	134	0
2637	133	0
2638	133	0
2639	134	0
2640	133	0
2641	133	0
2642	133	0
2643	133	0
2644	133	0
2645	133	0
2646	133	0
2647	133	0
2648	133	0
2649	133	0
2650	134	0
2651	133	0
2652	133	0
2653	133	0
2654	134	0
2655	133	0
2656	134	0
2657	133	0
2658	133	0
2659	133	0
2660	133	0
2661	133	0
2662	133	0
2663	133	0
2664	133	0
2665	133	0
2666	133	0
2667	134	0
2668	133	0
2669	133	0
2670	133	0
2671	133	0
2672	134	0
2673	133	0
2674	133	0
2675	134	0
2676	133	0
2677	134	0
2678	133	0
2679	133	0
2680	133	0
2681	133	0
2682	133	0
2683	134	0
2684	134	0
2685	134	0
2686	134	0
2687	134	0
2688	134	0
2689	135	0
2690	135	0
2691	134	0
2692	136	0
2693	136	0
2694	137	0
2695	135	0
2696	137	0
2697	137	0
2698	138	0
2699	139	0
2700	140	0
2701	140	0
2702	140	0
2703	141	0
2704	141	0
2705	141	0
2706	143	0
2707	143	0
2708	145	0
2709	145	0
2710	145	0
2711	146	0
2712	146	0
2713	147	0
2714	148	0
2715	149	0
2716	151	0
2717	151	0
2718	151	0
2719	152	0
2720	153	0
2721	153	0
2722	153	0
2723	154	0
2724	154	0
2725	156	0
2726	157	0
2727	158	0
2728	158	0
2729	159	0
2730	159	0
2731	159	0
2732	161	0
2733	161	0
2734	162	0
2735	164	0
2736	164	0
2737	165	0
2738	166	0
2739	166	0
2740	167	0
2741	169	0
2742	171	0
2743	171	0
2744	172	0
2745	173	0
2746	173	0
2747	174	0
2748	176	0
2749	177	0
2750	177	0
2751	177	0
2752	179	0
2753	181	0
2754	182	0
2755	183	0
2756	184	0
2757	185	0
2758	186	0
2759	186	0
2760	187	0
2761	189	0
2762	190	0
2763	191	0
2764	193	0
2765	193	0
2766	195	0
2767	195	0
2768	196	0
2769	196	0
2770	198	0
2771	200	0
2772	200	0
2773	202	0
2774	203	0
2775	204	0
2776	206	0
2777	207	0
2778	208	0
2779	209	0
2780	210	0
2781	211	0
2782	212	0
2783	214	0
2784	215	0
2785	216	0
2786	216	0
2787	215	0
2788	216	0
2789	216	0
2790	215	0
2791	216	0
2792	216	0
2793	216	0
2794	216	0
2795	216	0
2796	216	0
2797	216	0
2798	216	0
2799	215	0
2800	216	0
2801	216	0
2802	215	0
2803	216	0
2804	216	0
2805	215	0
2806	216	0
2807	216	0
2808	215	0
2809	217	0
2810	215	0
2811	216	0
2812	215	0
2813	216	0
2814	215	0
2815	216	0
2816	216	0
2817	216	0
2818	216	0
2819	216	0
2820	216	0
2821	216	0
2822	216	0
2823	217	0
2824	215	0
2825	216	0
2826	215	0
2827	215	0
2828	216	0
2829	216	0
2830	216	0
2831	216	0
2832	216	0
2833	215	0
2834	216	0
2835	217	0
2836	215	0
2837	216	0
2838	216	0
2839	215	0
2840	215	0
2841	216	0
2842	215	0
2843	215	0
2844	216	0
2845	215	0
2846	215	0
2847	217	0
2848	216	0
2849	216	0
2850	216	0
2851	217	0
2852	216	0
2853	216	0
2854	217	0
2855	215	0
2856	215	0
2857	215	0
2858	215	0
2859	216	0
2860	216	0
2861	215	0
2862	216	0
2863	216	0
2864	216	0
2865	217	0
2866	216	0
2867	217	0
2868	217	0
2869	215	0
2870	217	0
2871	216	0
2872	216	0
2873	216	0
2874	216	0
2875	216	0
2876	216	0
2877	216	0
2878	215	0
2879	215	0
2880	216	0
2881	216	0
2882	216	0
2883	215	0
2884	216	0
2885	216	0
2886	215	0
2887	216	0
2888	216	0
2889	215	0
2890	216	0
2891	216	0
2892	215	0
2893	215	0
2894	216	0
2895	216	0
2896	216	0
2897	217	0
2898	216	0
2899	216	0
2900	217	0
2901	216	0
2902	216	0
2903	216	0
2904	217	0
2905	216	0
2906	216	0
2907	216	0
2908	216	0
2909	215	0
2910	216	0
2911	216	0
2912	216	0
2913	216	0
2914	215	0
2915	216	0
2916	216	0
2917	216	0
2918	216	0
2919	216	0
2920	216	0
2921	216	0
2922	216	0
2923	216	0
2924	216	0
2925	217	0
2926	216	0
2927	216	0
2928	216	0
2929	216	0
2930	216	0
2931	216	0
2932	216	0
2933	217	0
2934	216	0
2935	215	0
2936	217	0
2937	215	0
2938	215	0
2939	216	0
2940	216	0
2941	216	0
2942	216	0
2943	216	0
2944	216	0
2945	216	0
2946	216	0
2947	216	0
2948	216	0
2949	216	0
2950	216	0
2951	215	0
2952	216	0
2953	216	0
2954	216	0
2955	216	0
2956	216	0
2957	216	0
2958	216	0
2959	216	0
2960	216	0
2961	216	0
2962	216	0
2963	216	0
2964	216	0
2965	215	0
2966	215	0
2967	216	0
2968	217	0
2969	215	0
2970	216	0
2971	215	0
2972	217	0
2973	216	0
2974	215	0
2975	216	0
2976	216	0
2977	216	0
2978	216	0
2979	217	0
2980	215	0
2981	216	0
2982	215	0
2983	216	0
2984	216	0
2985	216	0
2986	216	0
2987	216	0
2988	216	0
2989	216	0
2990	216	0
2991	215	0
2992	215	0
2993	215	0
2994	215	0
2995	216	0
2996	216	0
2997	216	0
2998	216	0
2999	216	0
3000	216	0
3001	217	0
3002	216	0
3003	216	0
3004	217	0
3005	216	0
3006	216	0
3007	216	0
3008	217	0
3009	216	0
3010	216	0
3011	217	0
3012	215	0
3013	216	0
3014	216	0
3015	216	0
3016	217	0
3017	216	0
3018	217	0
3019	215	0
3020	216	0
3021	216	0
3022	216	0
3023	216	0
3024	216	0
3025	216	0
3026	215	0
3027	216	0
3028	216	0
3029	216	0
3030	216	0
3031	217	0
3032	216	0
3033	216	0
3034	216	0
3035	216	0
3036	217	0
3037	217	0
3038	216	0
3039	216	0
3040	215	0
3041	216	0
3042	217	0
3043	216	0
3044	215	0
3045	216	0
3046	216	0
3047	216	0
3048	216	0
3049	216	0
3050	215	0
3051	216	0
3052	216	0
3053	216	0
3054	217	0
3055	217	0
3056	215	0
3057	216	0
3058	216	0
3059	217	0
3060	216	0
3061	215	0
3062	216	0
3063	216	0
3064	216	0
3065	216	0
3066	216	0
3067	216	0
3068	216	0
3069	216	0
3070	216	0
3071	217	0
3072	216	0
3073	216	0
3074	216	0
3075	215	0
3076	216	0
3077	215	0
3078	216	0
3079	216	0
3080	216	0
3081	216	0
3082	216	0
3083	217	0
3084	216	0
3085	216	0
3086	217	0
3087	217	0
3088	217	0
3089	215	0
3090	215	0
3091	217	0
3092	216	0
3093	216	0
3094	216	0
3095	216	0
3096	217	0
3097	216	0
3098	215	0
3099	216	0
3100	217	0
3101	217	0
3102	216	0
3103	216	0
3104	216	0
3105	215	0
3106	216	0
3107	216	0
3108	216	0
3109	216	0
3110	216	0
3111	216	0
3112	216	0
3113	216	0
3114	215	0
3115	216	0
3116	216	0
3117	215	0
3118	217	0
3119	217	0
3120	216	0
3121	216	0
3122	216	0
3123	216	0
3124	216	0
3125	216	0
3126	216	0
3127	216	0
3128	217	0
3129	216	0
3130	216	0
3131	216	0
3132	216	0
3133	216	0
3134	216	0
3135	216	0
3136	216	0
3137	216	0
3138	216	0
3139	216	0
3140	217	0
3141	216	0
3142	216	0
3143	216	0
3144	216	0
3145	217	0
3146	215	0
3147	215	0
3148	216	0
3149	215	0
3150	216	0
3151	216	0
3152	217	0
3153	216	0
3154	216	0
3155	216	0
3156	216	0
3157	216	0
3158	216	0
3159	216	0
3160	216	0
3161	216	0
3162	216	0
3163	216	0
3164	216	0
3165	217	0
3166	216	0
3167	216	0
3168	216	0
3169	216	0
3170	216	0
3171	216	0
3172	217	0
3173	217	0
3174	216	0
3175	216	0
3176	215	0
3177	216	0
3178	216	0
3179	215	0
3180	216	0
3181	217	0
3182	217	0
3183	216	0
3184	216	0
3185	215	0
3186	215	0
3187	216	0
3188	216	0
3189	216	0
3190	215	0
3191	216	0
3192	216	0
3193	217	0
3194	216	0
3195	216	0
3196	216	0
3197	217	0
3198	215	0
3199	215	0
3200	216	0
3201	217	0
3202	217	0
3203	217	0
3204	216	0
3205	216	0
3206	216	0
3207	216	0
3208	216	0
3209	217	0
3210	215	0
3211	216	0
3212	216	0
3213	215	0
3214	217	0
3215	217	0
3216	216	0
3217	216	0
3218	215	0
3219	216	0
3220	216	0
3221	216	0
3222	216	0
3223	215	0
3224	216	0
3225	216	0
3226	215	0
3227	216	0
3228	217	0
3229	216	0
3230	216	0
3231	216	0
3232	216	0
3233	216	0
3234	216	0
3235	216	0
3236	216	0
3237	215	0
3238	216	0
3239	215	0
3240	216	0
3241	217	0
3242	216	0
3243	215	0
3244	215	0
3245	216	0
3246	217	0
3247	215	0
3248	215	0
3249	216	0
3250	216	0
3251	216	0
3252	217	0
3253	216	0
3254	217	0
3255	216	0
3256	215	0
3257	216	0
3258	216	0
3259	216	0
3260	216	0
3261	215	0
3262	216	0
3263	216	0
3264	215	0
3265	216	0
3266	216	0
3267	215	0
3268	215	0
3269	216	0
3270	216	0
3271	216	0
3272	216	0
3273	216	0
3274	216	0
3275	216	0
3276	217	0
3277	216	0
3278	215	0
3279	216	0
3280	217	0
3281	216	0
3282	216	0
3283	216	0
3284	216	0
3285	216	0
3286	216	0
3287	216	0
3288	216	0
3289	216	0
3290	216	0
3291	217	0
3292	216	0
3293	216	0
3294	216	0
3295	217	0
3296	216	0
3297	216	0
3298	217	0
3299	216	0
3300	215	0
3301	215	0
3302	215	0
3303	215	0
3304	216	0
3305	217	0
3306	216	0
3307	215	0
3308	216	0
3309	216	0
3310	216	0
3311	215	0
3312	217	0
3313	216	0
3314	215	0
3315	216	0
3316	215	0
3317	215	0
3318	216	0
3319	216	0
3320	216	0
3321	216	0
3322	215	0
3323	215	0
3324	215	0
3325	216	0
3326	217	0
3327	216	0
3328	216	0
3329	216	0
3330	216	0
3331	215	0
3332	216	0
3333	215	0
3334	216	0
3335	215	0
3336	215	0
3337	216	0
3338	216	0
3339	216	0
3340	216	0
3341	216	0
3342	216	0
3343	216	0
3344	215	0
3345	217	0
3346	215	0
3347	216	0
3348	216	0
3349	216	0
3350	216	0
3351	216	0
3352	216	0
3353	216	0
3354	216	0
3355	216	0
3356	216	0
3357	216	0
3358	216	0
3359	216	0
3360	216	0
3361	216	0
3362	216	0
3363	216	0
3364	216	0
3365	216	0
3366	216	0
3367	216	0
3368	215	0
3369	215	0
3370	216	0
3371	215	0
3372	216	0
3373	217	0
3374	216	0
3375	217	0
3376	216	0
3377	216	0
3378	217	0
3379	217	0
3380	216	0
3381	216	0
3382	216	0
3383	216	0
3384	216	0
3385	217	0
3386	216	0
3387	216	0
3388	216	0
3389	215	0
3390	216	0
3391	215	0
3392	216	0
3393	217	0
3394	216	0
3395	216	0
3396	216	0
3397	217	0
3398	216	0
3399	216	0
3400	217	0
3401	215	0
3402	216	0
3403	216	0
3404	216	0
3405	216	0
3406	215	0
3407	216	0
3408	215	0
3409	216	0
3410	216	0
3411	216	0
3412	216	0
3413	216	0
3414	215	0
3415	216	0
3416	216	0
3417	216	0
3418	216	0
3419	216	0
3420	216	0
3421	216	0
3422	215	0
3423	215	0
3424	217	0
3425	216	0
3426	215	0
3427	216	0
3428	215	0
3429	216	0
3430	215	0
3431	215	0
3432	216	0
3433	216	0
3434	215	0
3435	215	0
3436	216	0
3437	216	0
3438	216	0
3439	216	0
3440	215	0
3441	216	0
3442	215	0
3443	215	0
3444	216	0
3445	215	0
3446	216	0
3447	216	0
3448	216	0
3449	216	0
3450	215	0
3451	216	0
3452	216	0
3453	216	0
3454	217	0
3455	217	0
3456	215	0
3457	215	0
3458	216	0
3459	217	0
3460	216	0
3461	216	0
3462	215	0
3463	212	0
3464	208	0
3465	205	0
3466	201	0
3467	197	0
3468	193	0
3469	189	0
3470	185	0
3471	180	0
3472	176	0
3473	171	0
3474	166	0
3475	161	0
3476	157	0
3477	152	0
3478	146	0
3479	142	0
3480	136	0
3481	133	0
3482	133	0
3483	133	0
3484	133	0
3485	134	0
3486	133	0
3487	133	0
3488	133	0
3489	134	0
3490	133	0
3491	133	0
3492	133	0
3493	133	0
3494	133	0
3495	134	0
3496	134	0
3497	133	0
3498	133	0
3499	134	0
3500	133	0
3501	133	0
3502	133	0
3503	133	0
3504	133	0
3505	134	0
3506	133	0
3507	133	0
3508	134	0
3509	133	0
3510	134	0
3511	133	0
3512	133	0
3513	134	0
3514	133	0
3515	133	0
3516	134	0
3517	133	0
3518	134	0
3519	133	0
3520	133	0
3521	133	0
3522	133	0
3523	134	0
3524	133	0
3525	133	0
3526	134	0
3527	133	0
3528	133	0
3529	133	0
3530	133	0
3531	134	0
3532	133	0
3533	133	0
3534	134	0
3535	133	0
3536	133	0
3537	133	0
3538	133	0
3539	133	0
3540	133	0
3541	133	0
3542	133	0
3543	133	0
3544	134	0
3545	133	0
3546	134	0
3547	133	0
3548	133	0
3549	133	0
3550	133	0
3551	133	0
3552	133	0
3553	133	0
3554	134	0
3555	133	0
3556	133	0
3557	134	0
3558	133	0
3559	133	0
3560	133	0
3561	133	0
3562	133	0
3563	133	0
3564	133	0
3565	133	0
3566	133	0
3567	134	0
3568	133	0
3569	133	0
3570	133	0
3571	134	0
3572	134	0
3573	133	0
3574	133	0
3575	133	0
3576	133	0
3577	133	0
3578	133	0
3579	133	0
3580	134	0
3581	134	0
3582	133	0
3583	133	0
3584	133	0
3585	133	0
3586	133	0
3587	134	0
3588	133	0
3589	133	0
3590	133	0
3591	133	0
3592	134	0
3593	134	0
3594	134	0
3595	133	0
3596	134	0
3597	133	0
3598	133	0
3599	133	0
3600	133	0
3601	133	0
3602	134	0
3603	133	0
3604	134	0
3605	133	0
3606	133	0
3607	134	0
3608	133	0
3609	133	0
3610	133	0
3611	133	0
3612	134	0
3613	134	0
3614	134	0
3615	133	0
3616	133	0
3617	133	0
3618	133	0
3619	133	0
3620	134	0
3621	133	0
3622	133	0
3623	134	0
3624	133	0
3625	133	0
3626	134	0
3627	133	0
3628	133	0
3629	134	0
3630	133	0
3631	133	0
3632	133	0
3633	134	0
3634	133	0
3635	133	0
3636	133	0
3637	133	0
3638	133	0
3639	133	0
3640	133	0
3641	133	0
3642	133	0
3643	133	0
3644	134	0
3645	133	0
3646	134	0
3647	133	0
3648	133	0
3649	134	0
3650	134	0
3651	133	0
3652	133	0
3653	134	0
3654	133	0
3655	133	0
3656	133	0
3657	133	0
3658	133	0
3659	133	0
3660	133	0
3661	133	0
3662	133	0
3663	133	0
3664	134	0
3665	133	0
3666	134	0
3667	133	0
3668	133	0
3669	133	0
3670	134	0
3671	133	0
3672	133	0
3673	133	0
3674	133	0
3675	133	0
3676	133	0
3677	133	0
3678	134	0
3679	134	0
3680	134	0
3681	133	0
3682	133	0
3683	133	0
3684	133	0
3685	133	0
3686	133	0
3687	133	0
3688	134	0
3689	133	0
3690	133	0
3691	133	0
3692	133	0
3693	133	0
3694	133	0
3695	133	0
3696	133	0
3697	133	0
3698	133	0
3699	134	0
3700	133	0
3701	133	0
3702	134	0
3703	133	0
3704	133	0
3705	133	0
3706	134	0
3707	133	0
3708	134	0
3709	133	0
3710	134	0
3711	133	0
3712	133	0
3713	133	0
3714	133	0
3715	134	0
3716	133	0
3717	134	0
3718	134	0
3719	133	0
3720	133	0
3721	133	0
3722	133	0
3723	134	0
3724	133	0
3725	134	0
3726	133	0
3727	133	0
3728	134	0
3729	134	0
3730	133	0
3731	134	0
3732	133	0
3733	133	0
3734	133	0
3735	134	0
3736	133	0
3737	133	0
3738	133	0
3739	133	0
3740	134	0
3741	133	0
3742	134	0
3743	133	0
3744	133	0
3745	133	0
3746	133	0
3747	133	0
3748	133	0
3749	134	0
3750	133	0
3751	133	0
3752	134	0
3753	133	0
3754	133	0
3755	133	0
3756	132	0
3757	131	0
3758	131	0
3759	130	0
3760	129	0
3761	129	0
3762	127	0
3763	129	0
3764	126	0
3765	125	0
3766	125	0
3767	124	0
3768	123	0
3769	122	0
3770	123	0
3771	121	0
3772	121	0
3773	120	0
3774	119	0
3775	119	0
3776	116	0
3777	115	0
3778	117	0
3779	116	0
3780	115	0
3781	115	0
3782	114	0
3783	113	0
3784	113	0
3785	111	0
3786	110	0
3787	109	0
3788	109	0
3789	108	0
3790	108	0
3791	107	0
3792	105	0
3793	105	0
3794	105	0
3795	105	0
3796	104	0
3797	104	0
3798	103	0
3799	103	0
3800	103	0
3801	103	0
3802	103	0
3803	101	0
3804	101	0
3805	101	0
3806	101	0
3807	100	0
3808	101	0
3809	99	0
3810	100	0
3811	100	0
3812	99	0
3813	99	0
3814	99	0
3815	99	0
3816	99	0
3817	98	0
3818	97	0
3819	97	0
3820	97	0
3821	96	0
3822	97	0
3823	96	0
3824	95	0
3825	95	0
3826	94	0
3827	94	0
3828	94	0
3829	93	0
3830	93	0
3831	93	0
3832	92	0
3833	92	0
3834	91	0
3835	91	0
3836	91	0
3837	91	0
3838	91	0
3839	91	0
3840	90	0
3841	90	0
3842	89	0
3843	90	0
3844	89	0
3845	89	0
3846	89	0
3847	89	0
3848	89	0
3849	89	0
3850	89	0
3851	89	0
3852	88	0
3853	88	0
3854	88	0
3855	88	0
3856	88	0
3857	87	0
3858	87	0
3859	87	0
3860	86	0
3861	86	0
3862	86	0
3863	87	0
3864	86	0
3865	86	0
3866	86	0
3867	86	0
3868	85	0
3869	86	0
3870	85	0
3871	85	0
3872	86	0
3873	85	0
3874	85	0
3875	85	0
3876	85	0
3877	84	0
3878	84	0
3879	84	0
3880	84	0
3881	84	0
3882	84	0
3883	85	0
3884	83	0
3885	83	0
3886	83	0
3887	83	0
3888	82	0
3889	82	0
3890	82	0
3891	81	0
3892	81	0
3893	81	0
3894	81	0
3895	81	0
3896	81	0
3897	80	0
3898	81	0
3899	80	0
3900	79	0
3901	79	0
3902	79	0
3903	79	0
3904	79	0
3905	79	0
3906	77	0
3907	77	0
3908	77	0
3909	77	0
3910	77	0
3911	77	0
3912	77	0
3913	77	0
3914	77	0
3915	77	0
3916	77	0
3917	77	0
3918	76	0
3919	75	0
3920	75	0
3921	74	0
3922	73	0
3923	73	0
3924	72	0
3925	72	0
3926	72	0
3927	71	0
3928	71	0
3929	71	0
3930	70	0
3931	70	0
3932	70	0
3933	69	0
3934	69	0
3935	67	0
3936	65	0
3937	65	0
3938	65	0
3939	65	0
3940	65	0
3941	64	0
3942	63	0
3943	63	0
3944	63	0
3945	62	0
3946	61	0
3947	62	0
3948	61	0
3949	61	0
3950	61	0
3951	61	0
3952	60	0
3953	59	0
3954	59	0
3955	59	0
3956	59	0
3957	59	0
3958	59	0
3959	58	0
3960	57	0
3961	57	0
3962	57	0
3963	57	0
3964	57	0
3965	57	0
3966	57	0
3967	57	0
3968	57	0
3969	57	0
3970	56	0
3971	56	0
3972	56	0
3973	56	0
3974	55	0
3975	55	0
3976	55	0
3977	55	0
3978	55	0
3979	54	0
3980	54	0
3981	54	0
3982	53	0
3983	53	0
3984	53	0
3985	53	0
3986	53	0
3987	53	0
3988	53	0
3989	53	0
3990	52	0
3991	53	0
3992	53	0
3993	53	0
3994	53	0
3995	53	0
3996	53	0
3997	52	0
3998	52	0
3999	53	0
4000	53	0
4001	53	0
4002	53	0
4003	53	0
4004	53	0
4005	53	0
4006	53	0
4007	52	0
4008	52	0
4009	53	0
4010	53	0
4011	52	0
4012	53	0
4013	53	0
4014	52	0
4015	53	0
4016	52	0
4017	53	0
4018	53	0
4019	52	0
4020	52	0
4021	53	0
4022	53	0
4023	53	0
4024	53	0
4025	52	0
4026	53	0
4027	53	0
4028	53	0
4029	53	0
4030	53	0
4031	53	0
4032	53	0
4033	53	0
4034	53	0
4035	53	0
4036	53	0
4037	53	0
4038	53	0
4039	53	0
4040	53	0
4041	53	0
4042	53	0
4043	53	0
4044	53	0
4045	53	0
4046	53	0
4047	53	0
4048	52	0
4049	53	0
4050	53	0
4051	53	0
4052	53	0
4053	53	0
4054	53	0
4055	53	0
4056	53	0
4057	53	0
4058	53	0
4059	53	0
4060	53	0
4061	52	0
4062	53	0
4063	52	0
4064	53	0
4065	53	0
4066	53	0
4067	53	0
4068	53	0
4069	53	0
4070	53	0
4071	53	0
4072	53	0
4073	53	0
4074	53	0
4075	53	0
4076	53	0
4077	52	0
4078	53	0
4079	53	0
4080	53	0
4081	53	0
4082	53	0
4083	53	0
4084	53	0
4085	52	0
4086	53	0
4087	53	0
4088	53	0
4089	52	0
4090	52	0
4091	53	0
4092	53	0
4093	53	0
4094	53	0
4095	53	0
4096	53	0
4097	52	0
4098	53	0
4099	53	0
4100	53	0
4101	53	0
4102	53	0
4103	53	0
4104	53	0
4105	52	0
4106	52	0
4107	53	0
4108	53	0
4109	53	0
4110	53	0
4111	53	0
4112	53	0
4113	53	0
4114	53	0
4115	53	0
4116	52	0
4117	53	0
4118	53	0
4119	53	0
4120	53	0
4121	53	0
4122	52	0
4123	53	0
4124	53	0
4125	53	0
4126	53	0
4127	52	0
4128	53	0
4129	53	0
4130	53	0
4131	52	0
4132	53	0
4133	53	0
4134	52	0
4135	53	0
4136	53	0
4137	53	0
4138	52	0
4139	53	0
4140	53	0
4141	53	0
4142	53	0
4143	53	0
4144	53	0
4145	53	0
4146	53	0
4147	52	0
4148	53	0
4149	53	0
4150	53	0
4151	53	0
4152	53	0
4153	53	0
4154	53	0
4155	53	0
4156	52	0
4157	53	0
4158	53	0
4159	52	0
4160	53	0
4161	53	0
4162	53	0
4163	53	0
4164	53	0
4165	52	0
4166	53	0
4167	53	0
4168	53	0
4169	53	0
4170	53	0
4171	52	0
4172	53	0
4173	52	0
4174	53	0
4175	53	0
4176	52	0
4177	53	0
4178	53	0
4179	52	0
4180	53	0
4181	52	0
4182	52	0
4183	53	0
4184	53	0
4185	53	0
4186	53	0
4187	53	0
4188	52	0
4189	53	0
4190	53	0
4191	53	0
4192	53	0
4193	53	0
4194	53	0
4195	53	0
4196	53	0
4197	53	0
4198	52	0
4199	53	0
4200	53	0
4201	52	0
4202	52	0
4203	52	0
4204	52	0
4205	53	0
4206	53	0
4207	53	0
4208	53	0
4209	53	0
4210	53	0
4211	53	0
4212	53	0
4213	53	0
4214	53	0
4215	53	0
4216	53	0
4217	52	0
4218	53	0
4219	52	0
4220	53	0
4221	53	0
4222	53	0
4223	53	0
4224	53	0
4225	53	0
4226	52	0
4227	53	0
4228	53	0
4229	52	0
4230	53	0
4231	53	0
4232	52	0
4233	53	0
4234	53	0
4235	53	0
4236	53	0
4237	53	0
4238	53	0
4239	53	0
4240	53	0
4241	53	0
4242	53	0
4243	52	0
4244	53	0
4245	53	0
4246	53	0
4247	53	0
4248	52	0
4249	53	0
4250	53	0
4251	53	0
4252	53	0
4253	53	0
4254	53	0
4255	53	0
4256	52	0
4257	53	0
4258	53	0
4259	52	0
4260	53	0
4261	53	0
4262	53	0
4263	53	0
4264	53	0
4265	53	0
4266	53	0
4267	53	0
4268	53	0
4269	53	0
4270	53	0
4271	53	0
4272	53	0
4273	53	0
4274	53	0
4275	53	0
4276	53	0
4277	53	0
4278	53	0
4279	53	0
4280	53	0
4281	53	0
4282	53	0
4283	53	0
4284	53	0
4285	53	0
4286	52	0
4287	53	0
4288	53	0
4289	53	0
4290	53	0
4291	53	0
4292	53	0
4293	53	0
4294	52	0
4295	53	0
4296	53	0
4297	53	0
4298	53	0
4299	53	0
4300	53	0
4301	52	0
4302	53	0
4303	53	0
4304	52	0
4305	53	0
4306	53	0
4307	53	0
4308	53	0
4309	53	0
4310	53	0
4311	53	0
4312	53	0
4313	53	0
4314	52	0
4315	52	0
4316	53	0
4317	53	0
4318	53	0
4319	53	0
4320	53	0
4321	53	0
4322	53	0
4323	53	0
4324	53	0
4325	53	0
4326	53	0
4327	53	0
4328	53	0
4329	53	0
4330	53	0
4331	53	0
4332	53	0
4333	53	0
4334	53	0
4335	53	0
4336	53	0
4337	53	0
4338	53	0
4339	53	0
4340	53	0
4341	53	0
4342	53	0
4343	53	0
4344	53	0
4345	53	0
4346	53	0
4347	53	0
4348	53	0
4349	53	0
4350	53	0
4351	53	0
4352	53	0
4353	53	0
4354	53	0
4355	53	0
4356	53	0
4357	53	0
4358	53	0
4359	53	0
4360	52	0
4361	53	0
4362	53	0
4363	53	0
4364	53	0
4365	52	0
4366	53	0
4367	53	0
4368	53	0
4369	53	0
4370	53	0
4371	53	0
4372	53	0
4373	53	0
4374	53	0
4375	53	0
4376	52	0
4377	53	0
4378	53	0
4379	53	0
4380	51	0
4381	53	0
4382	53	0
4383	53	0
4384	53	0
4385	53	0
4386	53	0
4387	53	0
4388	53	0
4389	52	0
4390	53	0
4391	53	0
4392	53	0
4393	53	0
4394	53	0
4395	53	0
4396	53	0
4397	53	0
4398	53	0
4399	53	0
4400	53	0
4401	53	0
4402	53	0
4403	53	0
4404	53	0
4405	53	0
4406	53	0
4407	53	0
4408	53	0
4409	53	0
4410	53	0
4411	53	0
4412	53	0
4413	53	0
4414	52	0
4415	53	0
4416	53	0
4417	53	0
4418	53	0
4419	53	0
4420	52	0
4421	53	0
4422	53	0
4423	52	0
4424	53	0
4425	53	0
4426	53	0
4427	52	0
4428	53	0
4429	52	0
4430	53	0
4431	53	0
4432	53	0
4433	53	0
4434	53	0
4435	53	0
4436	53	0
4437	53	0
4438	53	0
4439	52	0
4440	53	0
4441	53	0
4442	52	0
4443	53	0
4444	52	0
4445	53	0
4446	53	0
4447	53	0
4448	52	0
4449	53	0
4450	53	0
4451	53	0
4452	52	0
4453	53	0
4454	53	0
4455	53	0
4456	53	0
4457	52	0
4458	53	0
4459	53	0
4460	52	0
4461	53	0
4462	53	0
4463	53	0
4464	53	0
4465	53	0
4466	53	0
4467	53	0
4468	53	0
4469	53	0
4470	53	0
4471	53	0
4472	53	0
4473	53	0
4474	53	0
4475	52	0
4476	53	0
4477	53	0
4478	53	0
4479	53	0
4480	53	0
4481	53	0
4482	53	0
4483	53	0
4484	53	0
4485	53	0
4486	53	0
4487	53	0
4488	53	0
4489	53	0
4490	53	0
4491	53	0
4492	53	0
4493	53	0
4494	53	0
4495	53	0
4496	52	0
4497	53	0
4498	53	0
4499	53	0
4500	53	0
4501	53	0
4502	53	0
4503	53	0
4504	53	0
4505	53	0
4506	52	0
4507	53	0
4508	53	0
4509	53	0
4510	52	0
4511	53	0
4512	53	0
4513	53	0
4514	53	0
4515	53	0
4516	53	0
4517	53	0
4518	53	0
4519	53	0
4520	53	0
4521	53	0
4522	53	0
4523	53	0
4524	53	0
4525	52	0
4526	53	0
4527	53	0
4528	53	0
4529	53	0
4530	52	0
4531	53	0
4532	53	0
4533	53	0
4534	53	0
4535	53	0
4536	52	0
4537	53	0
4538	53	0
4539	52	0
4540	53	0
4541	53	0
4542	53	0
4543	53	0
4544	53	0
4545	53	0
4546	53	0
4547	53	0
4548	53	0
4549	53	0
4550	53	0
4551	53	0
4552	53	0
4553	52	0
4554	53	0
4555	53	0
4556	53	0
4557	53	0
4558	53	0
4559	53	0
4560	53	0
4561	53	0
4562	53	0
4563	53	0
4564	53	0
4565	53	0
4566	53	0
4567	53	0
4568	53	0
4569	53	0
4570	53	0
4571	53	0
4572	53	0
4573	53	0
4574	53	0
4575	53	0
4576	53	0
4577	53	0
4578	52	0
4579	53	0
4580	53	0
4581	53	0
4582	53	0
4583	53	0
4584	53	0
4585	53	0
4586	53	0
4587	53	0
4588	53	0
4589	53	0
4590	53	0
4591	53	0
4592	53	0
4593	52	0
4594	53	0
4595	53	0
4596	53	0
4597	52	0
4598	53	0
4599	53	0
4600	53	0
4601	53	0
4602	53	0
4603	53	0
4604	53	0
4605	53	0
4606	53	0
4607	53	0
4608	53	0
4609	52	0
4610	53	0
4611	53	0
4612	53	0
4613	53	0
4614	52	0
4615	53	0
4616	53	0
4617	53	0
4618	52	0
4619	53	0
4620	53	0
4621	53	0
4622	53	0
4623	53	0
4624	53	0
4625	53	0
4626	53	0
4627	53	0
4628	53	0
4629	53	0
4630	52	0
4631	52	0
4632	53	0
4633	53	0
4634	53	0
4635	53	0
4636	53	0
4637	53	0
4638	53	0
4639	53	0
4640	53	0
4641	53	0
4642	53	0
4643	53	0
4644	53	0
4645	53	0
4646	53	0
4647	53	0
4648	52	0
4649	53	0
4650	53	0
4651	53	0
4652	53	0
4653	53	0
4654	53	0
4655	53	0
4656	52	0
4657	53	0
4658	53	0
4659	52	0
4660	53	0
4661	53	0
4662	53	0
4663	53	0
4664	53	0
4665	53	0
4666	53	0
4667	53	0
4668	53	0
4669	53	0
4670	53	0
4671	52	0
4672	53	0
4673	53	0
4674	53	0
4675	53	0
4676	52	0
4677	53	0
4678	53	0
4679	53	0
4680	53	0
4681	53	0
4682	53	0
4683	53	0
4684	53	0
4685	52	0
4686	53	0
4687	52	0
4688	53	0
4689	53	0
4690	53	0
4691	53	0
4692	52	0
4693	53	0
4694	53	0
4695	53	0
4696	53	0
4697	53	0
4698	53	0
4699	53	0
4700	53	0
4701	53	0
4702	53	0
4703	53	0
4704	53	0
4705	53	0
4706	52	0
4707	53	0
4708	53	0
4709	53	0
4710	53	0
4711	53	0
4712	53	0
4713	53	0
4714	53	0
4715	53	0
4716	53	0
4717	53	0
4718	52	0
4719	53	0
4720	53	0
4721	52	0
4722	53	0
4723	53	0
4724	53	0
4725	53	0
4726	53	0
4727	53	0
4728	53	0
4729	53	0
4730	53	0
4731	53	0
4732	53	0
4733	53	0
4734	53	0
4735	53	0
4736	53	0
4737	53	0
4738	53	0
4739	53	0
4740	53	0
4741	53	0
4742	53	0
4743	53	0
4744	53	0
4745	53	0
4746	53	0
4747	53	0
4748	52	0
4749	53	0
4750	53	0
4751	53	0
4752	53	0
4753	53	0
4754	53	0
4755	53	0
4756	53	0
4757	53	0
4758	52	0
4759	52	0
4760	53	0
4761	53	0
4762	53	0
4763	53	0
4764	52	0
4765	53	0
4766	53	0
4767	53	0
4768	53	0
4769	53	0
4770	53	0
4771	53	0
4772	53	0
4773	52	0
4774	53	0
4775	52	0
4776	53	0
4777	52	0
4778	53	0
4779	53	0
4780	53	0
4781	52	0
4782	52	0
4783	53	0
4784	53	0
4785	52	0
4786	53	0
4787	53	0
4788	52	0
4789	53	0
4790	53	0
4791	53	0
4792	53	0
4793	53	0
4794	52	0
4795	53	0
4796	53	0
4797	53	0
4798	53	0
4799	53	0
4800	53	0
4801	53	0
4802	53	0
4803	52	0
4804	52	0
4805	53	0
4806	53	0
4807	53	0
4808	53	0
4809	52	0
4810	53	0
4811	53	0
4812	53	0
4813	53	0
4814	53	0
4815	52	0
4816	52	0
4817	53	0
4818	53	0
4819	53	0
4820	52	0
4821	53	0
4822	52	0
4823	53	0
4824	53	0
4825	53	0
4826	53	0
4827	53	0
4828	53	0
4829	53	0
4830	53	0
4831	53	0
4832	53	0
4833	53	0
4834	53	0
4835	53	0
4836	53	0
4837	53	0
4838	53	0
4839	53	0
4840	52	0
4841	53	0
4842	52	0
4843	53	0
4844	53	0
4845	53	0
4846	53	0
4847	53	0
4848	52	0
4849	53	0
4850	53	0
4851	53	0
4852	53	0
4853	53	0
4854	53	0
4855	53	0
4856	53	0
4857	52	0
4858	53	0
4859	53	0
4860	52	0
4861	53	0
4862	53	0
4863	53	0
4864	53	0
4865	53	0
4866	53	0
4867	53	0
4868	53	0
4869	52	0
4870	53	0
4871	53	0
4872	53	0
4873	53	0
4874	53	0
4875	53	0
4876	53	0
4877	53	0
4878	53	0
4879	53	0
4880	53	0
4881	52	0
4882	53	0
4883	53	0
4884	53	0
4885	53	0
4886	53	0
4887	53	0
4888	53	0
4889	53	0
4890	53	0
4891	53	0
4892	53	0
4893	53	0
4894	53	0
4895	53	0
4896	53	0
4897	53	0
4898	53	0
4899	53	0
4900	53	0
4901	53	0
4902	53	0
4903	53	0
4904	52	0
4905	53	0
4906	52	0
4907	53	0
4908	53	0
4909	53	0
4910	53	0
4911	53	0
4912	53	0
4913	53	0
4914	53	0
4915	53	0
4916	53	0
4917	53	0
4918	53	0
4919	53	0
4920	53	0
4921	54	0
4922	55	0
4923	56	0
4924	57	0
4925	57	0
4926	59	0
4927	60	0
4928	61	0
4929	62	0
4930	63	0
4931	65	0
4932	65	0
4933	66	0
4934	66	0
4935	67	0
4936	69	0
4937	70	0
4938	71	0
4939	71	0
4940	73	0
4941	73	0
4942	75	0
4943	75	0
4944	77	0
4945	78	0
4946	79	0
4947	80	0
4948	81	0
4949	81	0
4950	82	0
4951	83	0
4952	85	0
4953	85	0
4954	87	0
4955	88	0
4956	89	0
4957	89	0
4958	92	0
4959	92	0
4960	93	0
4961	94	0
4962	95	0
4963	97	0
4964	98	0
4965	99	0
4966	100	0
4967	101	0
4968	104	0
4969	105	0
4970	105	0
4971	107	0
4972	107	0
4973	109	0
4974	111	0
4975	111	0
4976	113	0
4977	113	0
4978	115	0
4979	117	0
4980	118	0
4981	119	0
4982	121	0
4983	121	0
4984	122	0
4985	123	0
4986	124	0
4987	127	0
4988	128	0
4989	129	0
4990	131	0
4991	133	0
4992	133	0
4993	133	0
4994	133	0
4995	133	0
4996	134	0
4997	133	0
4998	134	0
4999	133	0
5000	134	0
5001	133	0
5002	134	0
5003	133	0
5004	134	0
5005	134	0
5006	134	0
5007	133	0
5008	134	0
5009	133	0
5010	134	0
5011	133	0
5012	133	0
5013	133	0
5014	133	0
5015	134	0
5016	134	0
5017	133	0
5018	133	0
5019	133	0
5020	133	0
5021	133	0
5022	133	0
5023	134	0
5024	133	0
5025	134	0
5026	133	0
5027	133	0
5028	133	0
5029	133	0
5030	133	0
5031	133	0
5032	134	0
5033	134	0
5034	133	0
5035	134	0
5036	133	0
5037	134	0
5038	134	0
5039	133	0
5040	133	0
5041	133	0
5042	134	0
5043	133	0
5044	133	0
5045	134	0
5046	133	0
5047	133	0
5048	133	0
5049	133	0
5050	134	0
5051	133	0
5052	134	0
5053	134	0
5054	134	0
5055	133	0
5056	133	0
5057	133	0
5058	133	0
5059	133	0
5060	134	0
5061	134	0
5062	133	0
5063	133	0
5064	133	0
5065	133	0
5066	134	0
5067	133	0
5068	134	0
5069	133	0
5070	133	0
5071	133	0
5072	134	0
5073	134	0
5074	133	0
5075	134	0
5076	133	0
5077	133	0
5078	133	0
5079	133	0
5080	134	0
5081	133	0
5082	133	0
5083	133	0
5084	133	0
5085	133	0
5086	133	0
5087	133	0
5088	133	0
5089	133	0
5090	133	0
5091	134	0
5092	133	0
5093	133	0
5094	134	0
5095	133	0
5096	133	0
5097	134	0
5098	133	0
5099	133	0
5100	133	0
5101	133	0
5102	133	0
5103	133	0
5104	133	0
5105	134	0
5106	133	0
5107	133	0
5108	133	0
5109	134	0
5110	134	0
5111	133	0
5112	133	0
5113	133	0
5114	134	0
5115	134	0
5116	133	0
5117	134	0
5118	133	0
5119	134	0
5120	133	0
5121	133	0
5122	133	0
5123	134	0
5124	133	0
5125	133	0
5126	133	0
5127	133	0
5128	133	0
5129	133	0
5130	133	0
5131	134	0
5132	133	0
5133	133	0
5134	133	0
5135	134	0
5136	133	0
5137	133	0
5138	134	0
5139	133	0
5140	133	0
5141	133	0
5142	134	0
5143	133	0
5144	134	0
5145	133	0
5146	134	0
5147	133	0
5148	133	0
5149	134	0
5150	134	0
5151	133	0
5152	133	0
5153	134	0
5154	133	0
5155	133	0
5156	134	0
5157	133	0
5158	133	0
5159	134	0
5160	133	0
5161	133	0
5162	133	0
5163	133	0
5164	133	0
5165	133	0
5166	134	0
5167	133	0
5168	134	0
5169	134	0
5170	133	0
5171	133	0
5172	133	0
5173	133	0
5174	133	0
5175	133	0
5176	133	0
5177	134	0
5178	133	0
5179	133	0
5180	133	0
5181	133	0
5182	134	0
5183	134	0
5184	133	0
5185	134	0
5186	133	0
5187	133	0
5188	134	0
5189	133	0
5190	134	0
5191	134	0
5192	133	0
5193	134	0
5194	133	0
5195	133	0
5196	133	0
5197	133	0
5198	134	0
5199	133	0
5200	133	0
5201	133	0
5202	133	0
5203	134	0
5204	134	0
5205	133	0
5206	133	0
5207	133	0
5208	133	0
5209	133	0
5210	133	0
5211	133	0
5212	133	0
5213	133	0
5214	133	0
5215	134	0
5216	133	0
5217	133	0
5218	134	0
5219	133	0
5220	134	0
5221	133	0
5222	133	0
5223	133	0
5224	134	0
5225	133	0
5226	133	0
5227	133	0
5228	133	0
5229	133	0
5230	134	0
5231	133	0
5232	134	0
5233	133	0
5234	134	0
5235	134	0
5236	134	0
5237	133	0
5238	134	0
5239	134	0
5240	133	0
5241	133	0
5242	134	0
5243	133	0
5244	133	0
5245	133	0
5246	133	0
5247	133	0
5248	134	0
5249	133	0
5250	134	0
5251	133	0
5252	133	0
5253	134	0
5254	134	0
5255	133	0
5256	134	0
5257	134	0
5258	133	0
5259	134	0
5260	135	0
5261	135	0
5262	137	0
5263	137	0
5264	139	0
5265	139	0
5266	141	0
5267	141	0
5268	141	0
5269	142	0
5270	143	0
5271	143	0
5272	144	0
5273	144	0
5274	145	0
5275	145	0
5276	145	0
5277	145	0
5278	145	0
5279	146	0
5280	147	0
5281	147	0
5282	147	0
5283	148	0
5284	147	0
5285	150	0
5286	150	0
5287	150	0
5288	150	0
5289	150	0
5290	151	0
5291	151	0
5292	151	0
5293	151	0
5294	152	0
5295	153	0
5296	153	0
5297	153	0
5298	153	0
5299	153	0
5300	153	0
5301	154	0
5302	155	0
5303	155	0
5304	156	0
5305	157	0
5306	156	0
5307	157	0
5308	157	0
5309	158	0
5310	159	0
5311	158	0
5312	158	0
5313	158	0
5314	159	0
5315	159	0
5316	160	0
5317	160	0
5318	161	0
5319	160	0
5320	161	0
5321	161	0
5322	162	0
5323	163	0
5324	163	0
5325	164	0
5326	165	0
5327	165	0
5328	166	0
5329	167	0
5330	167	0
5331	169	0
5332	169	0
5333	171	0
5334	173	0
5335	173	0
5336	173	0
5337	174	0
5338	175	0
5339	177	0
5340	177	0
5341	179	0
5342	179	0
5343	181	0
5344	182	0
5345	185	0
5346	185	0
5347	186	0
5348	187	0
5349	187	0
5350	189	0
5351	189	0
5352	191	0
5353	192	0
5354	193	0
5355	193	0
5356	195	0
5357	196	0
5358	197	0
5359	198	0
5360	198	0
5361	200	0
5362	201	0
5363	201	0
5364	203	0
5365	203	0
5366	205	0
5367	206	0
5368	207	0
5369	208	0
5370	209	0
5371	209	0
5372	210	0
5373	211	0
5374	212	0
5375	214	0
5376	215	0
5377	215	0
5378	216	0
5379	217	0
5380	216	0
5381	216	0
5382	215	0
5383	215	0
5384	215	0
5385	216	0
5386	215	0
5387	216	0
5388	217	0
5389	216	0
5390	216	0
5391	217	0
5392	217	0
5393	216	0
5394	217	0
5395	216	0
5396	216	0
5397	216	0
5398	216	0
5399	216	0
5400	216	0
5401	216	0
5402	215	0
5403	217	0
5404	216	0
5405	216	0
5406	216	0
5407	216	0
5408	216	0
5409	216	0
5410	215	0
5411	216	0
5412	216	0
5413	217	0
5414	216	0
5415	216	0
5416	216	0
5417	216	0
5418	217	0
5419	216	0
5420	216	0
5421	215	0
5422	217	0
5423	216	0
5424	216	0
5425	216	0
5426	216	0
5427	215	0
5428	216	0
5429	216	0
5430	216	0
5431	216	0
5432	216	0
5433	217	0
5434	215	0
5435	216	0
5436	216	0
5437	217	0
5438	216	0
5439	216	0
5440	216	0
5441	215	0
5442	217	0
5443	215	0
5444	216	0
5445	216	0
5446	215	0
5447	216	0
5448	216	0
5449	216	0
5450	216	0
5451	216	0
5452	216	0
5453	216	0
5454	215	0
5455	217	0
5456	216	0
5457	215	0
5458	217	0
5459	216	0
5460	216	0
5461	216	0
5462	216	0
5463	216	0
5464	216	0
5465	215	0
5466	216	0
5467	216	0
5468	215	0
5469	215	0
5470	215	0
5471	215	0
5472	216	0
5473	216	0
5474	215	0
5475	215	0
5476	216	0
5477	216	0
5478	216	0
5479	217	0
5480	217	0
5481	216	0
5482	215	0
5483	216	0
5484	216	0
5485	216	0
5486	215	0
5487	215	0
5488	217	0
5489	216	0
5490	216	0
5491	216	0
5492	216	0
5493	216	0
5494	216	0
5495	216	0
5496	215	0
5497	215	0
5498	216	0
5499	217	0
5500	216	0
5501	216	0
5502	217	0
5503	217	0
5504	216	0
5505	216	0
5506	216	0
5507	217	0
5508	216	0
5509	216	0
5510	216	0
5511	216	0
5512	216	0
5513	216	0
5514	216	0
5515	216	0
5516	216	0
5517	216	0
5518	216	0
5519	216	0
5520	216	0
5521	216	0
5522	215	0
5523	216	0
5524	216	0
5525	215	0
5526	216	0
5527	215	0
5528	216	0
5529	216	0
5530	215	0
5531	215	0
5532	216	0
5533	216	0
5534	216	0
5535	215	0
5536	216	0
5537	215	0
5538	216	0
5539	217	0
5540	216	0
5541	217	0
5542	217	0
5543	215	0
5544	216	0
5545	216	0
5546	215	0
5547	216	0
5548	216	0
5549	216	0
5550	216	0
5551	216	0
5552	216	0
5553	217	0
5554	216	0
5555	216	0
5556	215	0
5557	216	0
5558	216	0
5559	216	0
5560	216	0
5561	215	0
5562	216	0
5563	216	0
5564	216	0
5565	216	0
5566	215	0
5567	216	0
5568	217	0
5569	216	0
5570	216	0
5571	216	0
5572	217	0
5573	216	0
5574	216	0
5575	215	0
5576	215	0
5577	216	0
5578	216	0
5579	216	0
5580	217	0
5581	216	0
5582	215	0
5583	216	0
5584	216	0
5585	215	0
5586	216	0
5587	216	0
5588	217	0
5589	216	0
5590	217	0
5591	216	0
5592	216	0
5593	217	0
5594	216	0
5595	216	0
5596	216	0
5597	216	0
5598	217	0
5599	216	0
5600	215	0
5601	216	0
5602	215	0
5603	216	0
5604	216	0
5605	216	0
5606	217	0
5607	216	0
5608	216	0
5609	216	0
5610	216	0
5611	216	0
5612	216	0
5613	216	0
5614	216	0
5615	217	0
5616	216	0
5617	216	0
5618	216	0
5619	215	0
5620	216	0
5621	216	0
5622	215	0
5623	216	0
5624	216	0
5625	215	0
5626	215	0
5627	216	0
5628	216	0
5629	216	0
5630	216	0
5631	216	0
5632	216	0
5633	216	0
5634	217	0
5635	216	0
5636	215	0
5637	216	0
5638	216	0
5639	216	0
5640	216	0
5641	216	0
5642	217	0
5643	215	0
5644	215	0
5645	216	0
5646	216	0
5647	216	0
5648	216	0
5649	216	0
5650	216	0
5651	215	0
5652	216	0
5653	216	0
5654	217	0
5655	216	0
5656	217	0
5657	216	0
5658	215	0
5659	216	0
5660	216	0
5661	215	0
5662	216	0
5663	216	0
5664	216	0
5665	216	0
5666	216	0
5667	215	0
5668	216	0
5669	216	0
5670	216	0
5671	215	0
5672	217	0
5673	216	0
5674	216	0
5675	216	0
5676	216	0
5677	215	0
5678	215	0
5679	216	0
5680	216	0
5681	216	0
5682	216	0
5683	216	0
5684	216	0
5685	216	0
5686	215	0
5687	215	0
5688	216	0
5689	215	0
5690	215	0
5691	216	0
5692	216	0
5693	215	0
5694	216	0
5695	216	0
5696	216	0
5697	215	0
5698	216	0
5699	216	0
5700	216	0
5701	215	0
5702	217	0
5703	215	0
5704	217	0
5705	217	0
5706	216	0
5707	216	0
5708	216	0
5709	217	0
5710	216	0
5711	216	0
5712	216	0
5713	215	0
5714	216	0
5715	216	0
5716	215	0
5717	215	0
5718	216	0
5719	216	0
5720	215	0
5721	216	0
5722	216	0
5723	216	0
5724	215	0
5725	216	0
5726	215	0
5727	216	0
5728	215	0
5729	216	0
5730	215	0
5731	215	0
5732	216	0
5733	216	0
5734	215	0
5735	217	0
5736	216	0
5737	216	0
5738	217	0
5739	215	0
5740	215	0
5741	216	0
5742	216	0
5743	216	0
5744	216	0
5745	215	0
5746	216	0
5747	217	0
5748	215	0
5749	216	0
5750	216	0
5751	217	0
5752	216	0
5753	217	0
5754	216	0
5755	216	0
5756	217	0
5757	215	0
5758	215	0
5759	216	0
5760	216	0
5761	216	0
5762	217	0
5763	215	0
5764	216	0
5765	216	0
5766	216	0
5767	216	0
5768	216	0
5769	216	0
5770	216	0
5771	216	0
5772	216	0
5773	217	0
5774	216	0
5775	216	0
5776	216	0
5777	215	0
5778	217	0
5779	216	0
5780	216	0
5781	215	0
5782	216	0
5783	216	0
5784	216	0
5785	216	0
5786	215	0
5787	216	0
5788	217	0
5789	216	0
5790	216	0
5791	215	0
5792	216	0
5793	216	0
5794	215	0
5795	216	0
5796	216	0
5797	216	0
5798	215	0
5799	216	0
5800	215	0
5801	216	0
5802	216	0
5803	215	0
5804	216	0
5805	217	0
5806	216	0
5807	216	0
5808	216	0
5809	216	0
5810	216	0
5811	217	0
5812	215	0
5813	217	0
5814	217	0
5815	216	0
5816	216	0
5817	216	0
5818	216	0
5819	216	0
5820	216	0
5821	217	0
5822	216	0
5823	216	0
5824	216	0
5825	216	0
5826	216	0
5827	216	0
5828	215	0
5829	216	0
5830	216	0
5831	216	0
5832	216	0
5833	216	0
5834	215	0
5835	217	0
5836	216	0
5837	217	0
5838	217	0
5839	216	0
5840	215	0
5841	215	0
5842	215	0
5843	215	0
5844	216	0
5845	217	0
5846	215	0
5847	217	0
5848	217	0
5849	216	0
5850	217	0
5851	216	0
5852	216	0
5853	216	0
5854	216	0
5855	216	0
5856	216	0
5857	215	0
5858	216	0
5859	215	0
5860	216	0
5861	215	0
5862	216	0
5863	215	0
5864	216	0
5865	216	0
5866	217	0
5867	216	0
5868	216	0
5869	215	0
5870	215	0
5871	217	0
5872	216	0
5873	216	0
5874	216	0
5875	216	0
5876	216	0
5877	215	0
5878	216	0
5879	216	0
5880	216	0
5881	216	0
5882	216	0
5883	216	0
5884	216	0
5885	217	0
5886	217	0
5887	215	0
5888	216	0
5889	216	0
5890	216	0
5891	217	0
5892	216	0
5893	216	0
5894	216	0
5895	215	0
5896	216	0
5897	216	0
5898	216	0
5899	215	0
5900	215	0
5901	215	0
5902	215	0
5903	216	0
5904	216	0
5905	217	0
5906	216	0
5907	216	0
5908	217	0
5909	216	0
5910	216	0
5911	216	0
5912	216	0
5913	215	0
5914	216	0
5915	216	0
5916	217	0
5917	216	0
5918	216	0
5919	215	0
5920	217	0
5921	216	0
5922	217	0
5923	215	0
5924	216	0
5925	216	0
5926	216	0
5927	215	0
5928	216	0
5929	216	0
5930	215	0
5931	216	0
5932	217	0
5933	216	0
5934	216	0
5935	215	0
5936	216	0
5937	216	0
5938	216	0
5939	216	0
5940	216	0
5941	215	0
5942	216	0
5943	216	0
5944	216	0
5945	215	0
5946	217	0
5947	216	0
5948	216	0
5949	215	0
5950	216	0
5951	216	0
5952	216	0
5953	215	0
5954	216	0
5955	217	0
5956	216	0
5957	216	0
5958	216	0
5959	215	0
5960	216	0
5961	215	0
5962	215	0
5963	215	0
5964	216	0
5965	216	0
5966	215	0
5967	215	0
5968	216	0
5969	216	0
5970	216	0
5971	216	0
5972	217	0
5973	216	0
5974	216	0
5975	215	0
5976	216	0
5977	216	0
5978	216	0
5979	216	0
5980	216	0
5981	216	0
5982	217	0
5983	215	0
5984	216	0
5985	215	0
5986	216	0
5987	216	0
5988	215	0
5989	216	0
5990	216	0
5991	216	0
5992	216	0
5993	216	0
5994	216	0
5995	217	0
5996	217	0
5997	216	0
5998	216	0
5999	216	0
6000	215	0
6001	215	0
6002	215	0
6003	216	0
6004	216	0
6005	215	0
6006	215	0
6007	215	0
6008	216	0
6009	217	0
6010	216	0
6011	216	0
6012	216	0
6013	216	0
6014	217	0
6015	216	0
6016	216	0
6017	216	0
6018	216	0
6019	216	0
6020	215	0
6021	216	0
6022	216	0
6023	217	0
6024	215	0
6025	215	0
6026	216	0
6027	216	0
6028	216	0
6029	215	0
6030	216	0
6031	215	0
6032	216	0
6033	216	0
6034	216	0
6035	216	0
6036	215	0
6037	216	0
6038	216	0
6039	217	0
6040	217	0
6041	216	0
6042	216	0
6043	216	0
6044	216	0
6045	216	0
6046	217	0
6047	216	0
6048	215	0
6049	215	0
6050	217	0
6051	216	0
6052	216	0
6053	215	0
6054	216	0
6055	216	0
6056	217	0
6057	216	0
6058	216	0
6059	216	0
6060	216	0
6061	215	0
6062	215	0
6063	215	0
6064	216	0
6065	216	0
6066	217	0
6067	215	0
6068	215	0
6069	216	0
6070	215	0
6071	216	0
6072	216	0
6073	216	0
6074	216	0
6075	217	0
6076	216	0
6077	216	0
6078	216	0
6079	216	0
6080	216	0
6081	216	0
6082	215	0
6083	216	0
6084	216	0
6085	216	0
6086	215	0
6087	215	0
6088	215	0
6089	216	0
6090	215	0
6091	215	0
6092	216	0
6093	216	0
6094	215	0
6095	216	0
6096	216	0
6097	216	0
6098	216	0
6099	217	0
6100	215	0
6101	216	0
6102	216	0
6103	216	0
6104	216	0
6105	217	0
6106	216	0
6107	217	0
6108	216	0
6109	216	0
6110	216	0
6111	215	0
6112	216	0
6113	215	0
6114	216	0
6115	215	0
6116	216	0
6117	216	0
6118	216	0
6119	215	0
6120	216	0
6121	216	0
6122	215	0
6123	216	0
6124	216	0
6125	216	0
6126	215	0
6127	216	0
6128	217	0
6129	216	0
6130	216	0
6131	216	0
6132	216	0
6133	216	0
6134	216	0
6135	216	0
6136	215	0
6137	215	0
6138	215	0
6139	216	0
6140	216	0
6141	216	0
6142	216	0
6143	216	0
6144	215	0
6145	215	0
6146	216	0
6147	216	0
6148	216	0
6149	216	0
6150	216	0
6151	216	0
6152	216	0
6153	216	0
6154	216	0
6155	217	0
6156	216	0
6157	216	0
6158	216	0
6159	217	0
6160	216	0
6161	216	0
6162	216	0
6163	215	0
6164	215	0
6165	217	0
6166	217	0
6167	215	0
6168	215	0
6169	216	0
6170	216	0
6171	216	0
6172	217	0
6173	216	0
6174	217	0
6175	215	0
6176	216	0
6177	216	0
6178	216	0
6179	217	0
6180	217	0
6181	215	0
6182	216	0
6183	217	0
6184	217	0
6185	217	0
6186	216	0
6187	216	0
6188	215	0
6189	215	0
6190	217	0
6191	215	0
6192	215	0
6193	216	0
6194	216	0
6195	215	0
6196	216	0
6197	217	0
6198	217	0
6199	216	0
6200	217	0
6201	216	0
6202	216	0
6203	216	0
6204	216	0
6205	215	0
6206	216	0
6207	216	0
6208	216	0
6209	216	0
6210	215	0
6211	216	0
6212	216	0
6213	217	0
6214	217	0
6215	217	0
6216	215	0
6217	217	0
6218	215	0
6219	216	0
6220	216	0
6221	216	0
6222	216	0
6223	217	0
6224	216	0
6225	215	0
6226	216	0
6227	216	0
6228	215	0
6229	216	0
6230	216	0
6231	215	0
6232	216	0
6233	216	0
6234	216	0
6235	215	0
6236	216	0
6237	216	0
6238	216	0
6239	216	0
6240	216	0
6241	215	0
6242	216	0
6243	217	0
6244	216	0
6245	216	0
6246	216	0
6247	216	0
6248	215	0
6249	216	0
6250	216	0
6251	216	0
6252	216	0
6253	215	0
6254	216	0
6255	216	0
6256	216	0
6257	216	0
6258	216	0
6259	215	0
6260	216	0
6261	215	0
6262	216	0
6263	216	0
6264	216	0
6265	216	0
6266	216	0
6267	217	0
6268	216	0
6269	215	0
6270	215	0
6271	216	0
6272	216	0
6273	216	0
6274	216	0
6275	217	0
6276	216	0
6277	216	0
6278	216	0
6279	215	0
6280	216	0
6281	217	0
6282	216	0
6283	216	0
6284	216	0
6285	216	0
6286	216	0
6287	215	0
6288	216	0
6289	216	0
6290	215	0
6291	216	0
6292	217	0
6293	216	0
6294	215	0
6295	216	0
6296	215	0
6297	216	0
6298	217	0
6299	216	0
6300	215	0
6301	216	0
6302	215	0
6303	217	0
6304	216	0
6305	215	0
6306	215	0
6307	216	0
6308	216	0
6309	216	0
6310	216	0
6311	216	0
6312	215	0
6313	216	0
6314	216	0
6315	217	0
6316	216	0
6317	216	0
6318	215	0
6319	216	0
6320	215	0
6321	216	0
6322	216	0
6323	215	0
6324	215	0
6325	216	0
6326	217	0
6327	216	0
6328	216	0
6329	215	0
6330	215	0
6331	216	0
6332	216	0
6333	217	0
6334	216	0
6335	217	0
6336	216	0
6337	216	0
6338	217	0
6339	217	0
6340	217	0
6341	215	0
6342	216	0
6343	217	0
6344	216	0
6345	216	0
6346	216	0
6347	216	0
6348	215	0
6349	216	0
6350	216	0
6351	215	0
6352	216	0
6353	216	0
6354	216	0
6355	216	0
6356	215	0
6357	216	0
6358	216	0
6359	216	0
6360	216	0
6361	217	0
6362	217	0
6363	216	0
6364	216	0
6365	216	0
6366	216	0
6367	217	0
6368	217	0
6369	215	0
6370	217	0
6371	216	0
6372	217	0
6373	216	0
6374	216	0
6375	216	0
6376	216	0
6377	216	0
6378	216	0
6379	216	0
6380	216	0
6381	216	0
6382	217	0
6383	215	0
6384	216	0
6385	216	0
6386	216	0
6387	216	0
6388	216	0
6389	216	0
6390	216	0
6391	216	0
6392	216	0
6393	215	0
6394	215	0
6395	215	0
6396	215	0
6397	216	0
6398	215	0
6399	215	0
6400	215	0
6401	215	0
6402	213	0
6403	213	0
6404	212	0
6405	212	0
6406	211	0
6407	211	0
6408	211	0
6409	210	0
6410	210	0
6411	210	0
6412	209	0
6413	209	0
6414	209	0
6415	209	0
6416	208	0
6417	207	0
6418	207	0
6419	207	0
6420	207	0
6421	205	0
6422	205	0
6423	205	0
6424	204	0
6425	203	0
6426	203	0
6427	202	0
6428	201	0
6429	201	0
6430	201	0
6431	199	0
6432	198	0
6433	197	0
6434	197	0
6435	196	0
6436	194	0
6437	193	0
6438	193	0
6439	192	0
6440	191	0
6441	191	0
6442	189	0
6443	189	0
6444	187	0
6445	186	0
6446	185	0
6447	185	0
6448	182	0
6449	181	0
6450	178	0
6451	177	0
6452	177	0
6453	175	0
6454	173	0
6455	173	0
6456	171	0
6457	171	0
6458	169	0
6459	169	0
6460	166	0
6461	166	0
6462	165	0
6463	163	0
6464	162	0
6465	161	0
6466	161	0
6467	161	0
6468	159	0
6469	159	0
6470	158	0
6471	157	0
6472	157	0
6473	155	0
6474	153	0
6475	152	0
6476	152	0
6477	151	0
6478	149	0
6479	149	0
6480	147	0
6481	147	0
6482	145	0
6483	144	0
6484	142	0
6485	141	0
6486	140	0
6487	139	0
6488	137	0
6489	136	0
6490	135	0
6491	134	0
6492	133	0
6493	134	0
6494	134	0
6495	133	0
6496	133	0
6497	133	0
6498	134	0
6499	133	0
6500	134	0
6501	133	0
6502	133	0
6503	134	0
6504	133	0
6505	133	0
6506	134	0
6507	133	0
6508	134	0
6509	134	0
6510	133	0
6511	133	0
6512	133	0
6513	133	0
6514	133	0
6515	133	0
6516	134	0
6517	133	0
6518	133	0
6519	133	0
6520	133	0
6521	134	0
6522	133	0
6523	133	0
6524	134	0
6525	133	0
6526	133	0
6527	133	0
6528	133	0
6529	133	0
6530	133	0
6531	133	0
6532	134	0
6533	134	0
6534	133	0
6535	133	0
6536	134	0
6537	134	0
6538	133	0
6539	134	0
6540	134	0
6541	133	0
6542	134	0
6543	133	0
6544	133	0
6545	133	0
6546	133	0
6547	133	0
6548	133	0
6549	133	0
6550	134	0
6551	133	0
6552	133	0
6553	133	0
6554	133	0
6555	133	0
6556	133	0
6557	133	0
6558	133	0
6559	133	0
6560	133	0
6561	134	0
6562	133	0
6563	133	0
6564	134	0
6565	133	0
6566	133	0
6567	133	0
6568	134	0
6569	134	0
6570	134	0
6571	133	0
6572	133	0
6573	134	0
6574	133	0
6575	135	0
6576	133	0
6577	133	0
6578	133	0
6579	134	0
6580	133	0
6581	133	0
6582	133	0
6583	134	0
6584	133	0
6585	133	0
6586	133	0
6587	133	0
6588	133	0
6589	134	0
6590	134	0
6591	133	0
6592	133	0
6593	134	0
6594	134	0
6595	134	0
6596	133	0
6597	133	0
6598	133	0
6599	133	0
6600	134	0
6601	133	0
6602	133	0
6603	133	0
6604	134	0
6605	133	0
6606	133	0
6607	133	0
6608	134	0
6609	133	0
6610	133	0
6611	133	0
6612	133	0
6613	133	0
6614	134	0
6615	134	0
6616	133	0
6617	133	0
6618	133	0
6619	133	0
6620	133	0
6621	133	0
6622	133	0
6623	133	0
6624	133	0
6625	133	0
6626	133	0
6627	134	0
6628	133	0
6629	133	0
6630	133	0
6631	133	0
6632	133	0
6633	134	0
6634	134	0
6635	134	0
6636	133	0
6637	133	0
6638	134	0
6639	133	0
6640	133	0
6641	134	0
6642	133	0
6643	134	0
6644	133	0
6645	134	0
6646	134	0
6647	133	0
6648	133	0
6649	133	0
6650	134	0
6651	134	0
6652	134	0
6653	133	0
6654	134	0
6655	133	0
6656	133	0
6657	134	0
6658	133	0
6659	133	0
6660	133	0
6661	134	0
6662	133	0
6663	133	0
6664	133	0
6665	133	0
6666	134	0
6667	134	0
6668	135	0
6669	133	0
6670	134	0
6671	134	0
6672	133	0
6673	133	0
6674	133	0
6675	133	0
6676	133	0
6677	133	0
6678	133	0
6679	133	0
6680	133	0
6681	134	0
6682	133	0
6683	133	0
6684	133	0
6685	133	0
6686	133	0
6687	133	0
6688	133	0
6689	134	0
6690	133	0
6691	133	0
6692	134	0
6693	134	0
6694	133	0
6695	134	0
6696	134	0
6697	133	0
6698	134	0
6699	133	0
6700	133	0
6701	133	0
6702	133	0
6703	133	0
6704	134	0
6705	133	0
6706	133	0
6707	133	0
6708	133	0
6709	133	0
6710	134	0
6711	134	0
6712	133	0
6713	133	0
6714	133	0
6715	134	0
6716	133	0
6717	133	0
6718	133	0
6719	134	0
6720	133	0
6721	133	0
6722	133	0
6723	133	0
6724	133	0
6725	134	0
6726	134	0
6727	133	0
6728	133	0
6729	133	0
6730	133	0
6731	133	0
6732	133	0
6733	134	0
6734	134	0
6735	134	0
6736	134	0
6737	134	0
6738	133	0
6739	133	0
6740	133	0
6741	134	0
6742	133	0
6743	134	0
6744	133	0
6745	133	0
6746	133	0
6747	134	0
6748	133	0
6749	133	0
6750	133	0
6751	133	0
6752	134	0
6753	133	0
6754	133	0
6755	134	0
6756	133	0
6757	133	0
6758	133	0
6759	133	0
6760	133	0
6761	133	0
6762	133	0
6763	133	0
6764	133	0
6765	133	0
6766	134	0
6767	133	0
6768	133	0
6769	133	0
6770	133	0
6771	133	0
6772	133	0
6773	133	0
6774	133	0
6775	133	0
6776	133	0
6777	133	0
6778	133	0
6779	133	0
6780	133	0
6781	133	0
6782	133	0
6783	133	0
6784	133	0
6785	133	0
6786	133	0
6787	134	0
6788	134	0
6789	134	0
6790	133	0
6791	134	0
6792	133	0
6793	134	0
6794	133	0
6795	133	0
6796	134	0
6797	133	0
6798	134	0
6799	133	0
6800	134	0
6801	134	0
6802	133	0
6803	133	0
6804	133	0
6805	133	0
6806	134	0
6807	134	0
6808	133	0
6809	133	0
6810	134	0
6811	133	0
6812	134	0
6813	134	0
6814	133	0
6815	133	0
6816	133	0
6817	133	0
6818	133	0
6819	133	0
6820	133	0
6821	134	0
6822	133	0
6823	133	0
6824	134	0
6825	133	0
6826	133	0
6827	134	0
6828	133	0
6829	134	0
6830	134	0
6831	133	0
6832	133	0
6833	133	0
6834	133	0
6835	133	0
6836	133	0
6837	133	0
6838	133	0
6839	133	0
6840	133	0
6841	133	0
6842	133	0
6843	133	0
6844	133	0
6845	134	0
6846	133	0
6847	133	0
6848	134	0
6849	133	0
6850	133	0
6851	133	0
6852	133	0
6853	133	0
6854	133	0
6855	133	0
6856	133	0
6857	133	0
6858	133	0
6859	134	0
6860	133	0
6861	134	0
6862	133	0
6863	133	0
6864	133	0
6865	133	0
6866	133	0
6867	133	0
6868	133	0
6869	133	0
6870	134	0
6871	134	0
6872	134	0
6873	133	0
6874	133	0
6875	134	0
6876	133	0
6877	133	0
6878	133	0
6879	133	0
6880	133	0
6881	133	0
6882	133	0
6883	133	0
6884	133	0
6885	133	0
6886	133	0
6887	133	0
6888	134	0
6889	133	0
6890	133	0
6891	133	0
6892	133	0
6893	133	0
6894	134	0
6895	134	0
6896	133	0
6897	133	0
6898	133	0
6899	133	0
6900	133	0
6901	133	0
6902	133	0
6903	133	0
6904	133	0
6905	133	0
6906	134	0
6907	133	0
6908	133	0
6909	134	0
6910	134	0
6911	134	0
6912	133	0
6913	133	0
6914	133	0
6915	133	0
6916	133	0
6917	133	0
6918	133	0
6919	133	0
6920	133	0
6921	133	0
6922	133	0
6923	133	0
6924	133	0
6925	133	0
6926	133	0
6927	133	0
6928	133	0
6929	133	0
6930	133	0
6931	134	0
6932	133	0
6933	133	0
6934	134	0
6935	133	0
6936	133	0
6937	134	0
6938	133	0
6939	134	0
6940	133	0
6941	133	0
6942	133	0
6943	133	0
6944	133	0
6945	134	0
6946	133	0
6947	133	0
6948	134	0
6949	133	0
6950	134	0
6951	133	0
6952	133	0
6953	133	0
6954	133	0
6955	133	0
6956	133	0
6957	133	0
6958	134	0
6959	133	0
6960	133	0
6961	133	0
6962	134	0
6963	133	0
6964	134	0
6965	133	0
6966	133	0
6967	133	0
6968	133	0
6969	133	0
6970	133	0
6971	133	0
6972	133	0
6973	134	0
6974	133	0
6975	133	0
6976	133	0
6977	133	0
6978	133	0
6979	133	0
6980	133	0
6981	133	0
6982	133	0
6983	133	0
6984	133	0
6985	133	0
6986	133	0
6987	133	0
6988	133	0
6989	134	0
6990	133	0
6991	134	0
6992	134	0
6993	133	0
6994	133	0
6995	134	0
6996	133	0
6997	133	0
6998	134	0
6999	133	0
7000	133	0
7001	133	0
7002	133	0
7003	134	0
7004	133	0
7005	134	0
7006	133	0
7007	133	0
7008	133	0
7009	133	0
7010	133	0
7011	134	0
7012	133	0
7013	133	0
7014	134	0
7015	134	0
7016	133	0
7017	134	0
7018	133	0
7019	133	0
7020	134	0
7021	133	0
7022	133	0
7023	134	0
7024	133	0
7025	133	0
7026	133	0
7027	133	0
7028	133	0
7029	134	0
7030	133	0
7031	133	0
7032	133	0
7033	133	0
7034	133	0
7035	133	0
7036	133	0
7037	133	0
7038	133	0
7039	133	0
7040	133	0
7041	133	0
7042	133	0
7043	133	0
7044	134	0
7045	134	0
7046	133	0
7047	133	0
7048	133	0
7049	133	0
7050	133	0
7051	133	0
7052	133	0
7053	133	0
7054	134	0
7055	134	0
7056	133	0
7057	133	0
7058	133	0
7059	133	0
7060	133	0
7061	133	0
7062	133	0
7063	133	0
7064	133	0
7065	133	0
7066	134	0
7067	133	0
7068	133	0
7069	133	0
7070	133	0
7071	134	0
7072	133	0
7073	133	0
7074	133	0
7075	133	0
7076	133	0
7077	134	0
7078	134	0
7079	134	0
7080	133	0
7081	133	0
7082	133	0
7083	133	0
7084	133	0
7085	134	0
7086	133	0
7087	133	0
7088	134	0
7089	133	0
7090	133	0
7091	133	0
7092	133	0
7093	133	0
7094	134	0
7095	133	0
7096	133	0
7097	134	0
7098	134	0
7099	133	0
7100	133	0
7101	133	0
7102	134	0
7103	133	0
7104	133	0
7105	133	0
7106	133	0
7107	133	0
7108	133	0
7109	133	0
7110	133	0
7111	134	0
7112	134	0
7113	133	0
7114	133	0
7115	133	0
7116	134	0
7117	133	0
7118	133	0
7119	133	0
7120	134	0
7121	134	0
7122	133	0
7123	134	0
7124	133	0
7125	133	0
7126	134	0
7127	134	0
7128	133	0
7129	134	0
7130	133	0
7131	133	0
7132	134	0
7133	133	0
7134	133	0
7135	133	0
7136	133	0
7137	133	0
7138	134	0
7139	133	0
7140	133	0
7141	133	0
7142	133	0
7143	133	0
7144	133	0
7145	133	0
7146	133	0
7147	133	0
7148	133	0
7149	133	0
7150	134	0
7151	133	0
7152	134	0
7153	133	0
7154	133	0
7155	133	0
7156	133	0
7157	133	0
7158	133	0
7159	133	0
7160	134	0
7161	133	0
7162	134	0
7163	133	0
7164	134	0
7165	133	0
7166	133	0
7167	133	0
7168	133	0
7169	133	0
7170	133	0
7171	133	0
7172	133	0
7173	134	0
7174	133	0
7175	133	0
7176	133	0
7177	133	0
7178	133	0
7179	133	0
7180	133	0
7181	134	0
7182	133	0
7183	133	0
7184	133	0
7185	134	0
7186	134	0
7187	134	0
7188	134	0
7189	133	0
7190	134	0
7191	133	0
7192	133	0
7193	133	0
7194	133	0
7195	133	0
7196	133	0
7197	133	0
7198	133	0
7199	133	0
7200	133	0
7201	133	0
7202	133	0
7203	133	0
7204	133	0
7205	133	0
7206	133	0
7207	133	0
7208	134	0
7209	134	0
7210	133	0
7211	133	0
7212	134	0
7213	134	0
7214	133	0
7215	133	0
7216	133	0
7217	134	0
7218	133	0
7219	133	0
7220	134	0
7221	133	0
7222	133	0
7223	134	0
7224	133	0
7225	134	0
7226	133	0
7227	133	0
7228	134	0
7229	133	0
7230	134	0
7231	133	0
7232	133	0
7233	133	0
7234	133	0
7235	133	0
7236	133	0
7237	134	0
7238	134	0
7239	134	0
7240	134	0
7241	133	0
7242	133	0
7243	134	0
7244	133	0
7245	133	0
7246	133	0
7247	133	0
7248	133	0
7249	133	0
7250	133	0
7251	133	0
7252	133	0
7253	134	0
7254	134	0
7255	134	0
7256	134	0
7257	135	0
7258	136	0
7259	135	0
7260	137	0
7261	137	0
7262	137	0
7263	137	0
7264	138	0
7265	139	0
7266	139	0
7267	139	0
7268	140	0
7269	140	0
7270	141	0
7271	141	0
7272	141	0
7273	142	0
7274	143	0
7275	143	0
7276	144	0
7277	145	0
7278	145	0
7279	145	0
7280	145	0
7281	145	0
7282	146	0
7283	147	0
7284	147	0
7285	148	0
7286	149	0
7287	150	0
7288	150	0
7289	150	0
7290	151	0
7291	152	0
7292	151	0
7293	153	0
7294	154	0
7295	155	0
7296	155	0
7297	157	0
7298	157	0
7299	157	0
7300	158	0
7301	158	0
7302	160	0
7303	160	0
7304	161	0
7305	161	0
7306	163	0
7307	164	0
7308	165	0
7309	165	0
7310	165	0
7311	166	0
7312	168	0
7313	169	0
7314	170	0
7315	171	0
7316	172	0
7317	172	0
7318	173	0
7319	173	0
7320	174	0
7321	176	0
7322	176	0
7323	177	0
7324	177	0
7325	178	0
7326	179	0
7327	179	0
7328	180	0
7329	181	0
7330	182	0
7331	183	0
7332	185	0
7333	185	0
7334	185	0
7335	186	0
7336	186	0
7337	187	0
7338	189	0
7339	189	0
7340	190	0
7341	191	0
7342	191	0
7343	191	0
7344	192	0
7345	193	0
7346	193	0
7347	195	0
7348	196	0
7349	197	0
7350	197	0
7351	197	0
7352	199	0
7353	200	0
7354	200	0
7355	201	0
7356	203	0
7357	203	0
7358	205	0
7359	205	0
7360	206	0
7361	207	0
7362	208	0
7363	209	0
7364	209	0
7365	211	0
7366	211	0
7367	213	0
7368	213	0
7369	214	0
7370	215	0
7371	216	0
7372	215	0
7373	215	0
7374	216	0
7375	216	0
7376	216	0
7377	216	0
7378	215	0
7379	217	0
7380	216	0
7381	215	0
7382	216	0
7383	217	0
7384	216	0
7385	217	0
7386	216	0
7387	215	0
7388	216	0
7389	217	0
7390	216	0
7391	216	0
7392	216	0
7393	216	0
7394	215	0
7395	217	0
7396	216	0
7397	215	0
7398	216	0
7399	217	0
7400	216	0
7401	216	0
7402	216	0
7403	216	0
7404	215	0
7405	216	0
7406	216	0
7407	215	0
7408	216	0
7409	216	0
7410	216	0
7411	216	0
7412	216	0
7413	216	0
7414	216	0
7415	215	0
7416	216	0
7417	216	0
7418	217	0
7419	217	0
7420	216	0
7421	216	0
7422	216	0
7423	216	0
7424	216	0
7425	215	0
7426	216	0
7427	216	0
7428	216	0
7429	216	0
7430	216	0
7431	215	0
7432	217	0
7433	217	0
7434	216	0
7435	215	0
7436	217	0
7437	215	0
7438	215	0
7439	216	0
7440	216	0
7441	217	0
7442	216	0
7443	215	0
7444	216	0
7445	216	0
7446	216	0
7447	217	0
7448	217	0
7449	216	0
7450	216	0
7451	216	0
7452	215	0
7453	216	0
7454	216	0
7455	215	0
7456	216	0
7457	215	0
7458	215	0
7459	216	0
7460	217	0
7461	216	0
7462	216	0
7463	216	0
7464	216	0
7465	215	0
7466	216	0
7467	217	0
7468	217	0
7469	215	0
7470	216	0
7471	215	0
7472	215	0
7473	216	0
7474	217	0
7475	216	0
7476	216	0
7477	216	0
7478	216	0
7479	215	0
7480	216	0
7481	217	0
7482	216	0
7483	216	0
7484	216	0
7485	215	0
7486	215	0
7487	216	0
7488	217	0
7489	215	0
7490	216	0
7491	216	0
7492	215	0
7493	216	0
7494	217	0
7495	216	0
7496	216	0
7497	215	0
7498	216	0
7499	216	0
7500	215	0
7501	217	0
7502	216	0
7503	216	0
7504	216	0
7505	216	0
7506	215	0
7507	217	0
7508	216	0
7509	216	0
7510	216	0
7511	215	0
7512	216	0
7513	217	0
7514	215	0
7515	215	0
7516	216	0
7517	216	0
7518	216	0
7519	215	0
7520	216	0
7521	216	0
7522	216	0
7523	216	0
7524	216	0
7525	216	0
7526	216	0
7527	215	0
7528	216	0
7529	216	0
7530	217	0
7531	216	0
7532	217	0
7533	216	0
7534	216	0
7535	216	0
7536	216	0
7537	216	0
7538	217	0
7539	216	0
7540	215	0
7541	216	0
7542	216	0
7543	216	0
7544	216	0
7545	216	0
7546	217	0
7547	216	0
7548	215	0
7549	216	0
7550	217	0
7551	216	0
7552	216	0
7553	216	0
7554	216	0
7555	215	0
7556	216	0
7557	216	0
7558	216	0
7559	216	0
7560	216	0
7561	215	0
7562	216	0
7563	216	0
7564	216	0
7565	215	0
7566	215	0
7567	216	0
7568	217	0
7569	216	0
7570	216	0
7571	216	0
7572	215	0
7573	216	0
7574	217	0
7575	217	0
7576	216	0
7577	216	0
7578	215	0
7579	216	0
7580	216	0
7581	216	0
7582	215	0
7583	216	0
7584	216	0
7585	216	0
7586	216	0
7587	215	0
7588	217	0
7589	216	0
7590	216	0
7591	216	0
7592	216	0
7593	216	0
7594	216	0
7595	216	0
7596	216	0
7597	216	0
7598	216	0
7599	216	0
7600	216	0
7601	216	0
7602	216	0
7603	216	0
7604	216	0
7605	216	0
7606	216	0
7607	216	0
7608	215	0
7609	215	0
7610	216	0
7611	216	0
7612	216	0
7613	216	0
7614	216	0
7615	216	0
7616	217	0
7617	216	0
7618	216	0
7619	216	0
7620	217	0
7621	217	0
7622	216	0
7623	215	0
7624	216	0
7625	216	0
7626	216	0
7627	217	0
7628	216	0
7629	216	0
7630	216	0
7631	215	0
7632	216	0
7633	216	0
7634	215	0
7635	216	0
7636	216	0
7637	216	0
7638	217	0
7639	216	0
7640	216	0
7641	216	0
7642	216	0
7643	216	0
7644	216	0
7645	217	0
7646	217	0
7647	216	0
7648	216	0
7649	216	0
7650	216	0
7651	216	0
7652	216	0
7653	216	0
7654	217	0
7655	215	0
7656	216	0
7657	215	0
7658	216	0
7659	216	0
7660	216	0
7661	215	0
7662	216	0
7663	215	0
7664	216	0
7665	216	0
7666	216	0
7667	217	0
7668	216	0
7669	215	0
7670	216	0
7671	215	0
7672	216	0
7673	216	0
7674	216	0
7675	215	0
7676	216	0
7677	217	0
7678	217	0
7679	215	0
7680	216	0
7681	217	0
7682	217	0
7683	216	0
7684	215	0
7685	216	0
7686	215	0
7687	216	0
7688	215	0
7689	216	0
7690	215	0
7691	217	0
7692	216	0
7693	216	0
7694	216	0
7695	215	0
7696	216	0
7697	216	0
7698	215	0
7699	216	0
7700	216	0
7701	216	0
7702	217	0
7703	215	0
7704	216	0
7705	216	0
7706	217	0
7707	216	0
7708	216	0
7709	217	0
7710	216	0
7711	215	0
7712	216	0
7713	216	0
7714	216	0
7715	216	0
7716	217	0
7717	216	0
7718	216	0
7719	216	0
7720	216	0
7721	216	0
7722	216	0
7723	216	0
7724	216	0
7725	216	0
7726	215	0
7727	215	0
7728	216	0
7729	216	0
7730	215	0
7731	217	0
7732	217	0
7733	217	0
7734	216	0
7735	216	0
7736	215	0
7737	217	0
7738	216	0
7739	216	0
7740	217	0
7741	216	0
7742	215	0
7743	216	0
7744	215	0
7745	217	0
7746	216	0
7747	216	0
7748	216	0
7749	215	0
7750	215	0
7751	217	0
7752	216	0
7753	215	0
7754	216	0
7755	216	0
7756	216	0
7757	216	0
7758	216	0
7759	217	0
7760	216	0
7761	215	0
7762	216	0
7763	216	0
7764	216	0
7765	216	0
7766	216	0
7767	216	0
7768	216	0
7769	217	0
7770	216	0
7771	216	0
7772	216	0
7773	215	0
7774	215	0
7775	215	0
7776	216	0
7777	216	0
7778	216	0
7779	216	0
7780	216	0
7781	216	0
7782	216	0
7783	215	0
7784	215	0
7785	217	0
7786	214	0
7787	202	0
7788	191	0
7789	177	0
7790	163	0
7791	150	0
7792	137	0
7793	133	0
7794	133	0
7795	133	0
7796	133	0
7797	133	0
7798	133	0
7799	134	0
7800	129	0
7801	121	0
7802	113	0
7803	105	0
7804	93	0
7805	83	0
7806	71	0
7807	59	0
7808	53	0
7809	53	0
7810	53	0
7811	53	0
7812	52	0
7813	53	0
7814	53	0
7815	52	0
7816	53	0
7817	53	0
7818	53	0
7819	53	0
7820	53	0
7821	53	0
7822	52	0
7823	53	0
7824	52	0
7825	53	0
7826	53	0
7827	53	0
7828	53	0
7829	53	0
7830	53	0
7831	53	0
7832	53	0
7833	53	0
7834	53	0
7835	53	0
7836	53	0
7837	53	0
7838	53	0
7839	53	0
7840	53	0
7841	52	0
7842	53	0
7843	53	0
7844	53	0
7845	52	0
7846	53	0
7847	53	0
7848	53	0
7849	53	0
7850	53	0
7851	53	0
7852	53	0
7853	53	0
7854	53	0
7855	53	0
7856	53	0
7857	53	0
7858	53	0
7859	53	0
7860	53	0
7861	52	0
7862	53	0
7863	53	0
7864	53	0
7865	53	0
7866	53	0
7867	53	0
7868	52	0
7869	53	0
7870	53	0
7871	52	0
7872	53	0
7873	53	0
7874	53	0
7875	53	0
7876	52	0
7877	53	0
7878	53	0
7879	53	0
7880	53	0
7881	53	0
7882	53	0
7883	53	0
7884	53	0
7885	53	0
7886	52	0
7887	53	0
7888	53	0
7889	53	0
7890	53	0
7891	53	0
7892	53	0
7893	52	0
7894	53	0
7895	53	0
7896	52	0
7897	53	0
7898	53	0
7899	53	0
7900	53	0
7901	53	0
7902	53	0
7903	53	0
7904	53	0
7905	53	0
7906	52	0
7907	53	0
7908	53	0
7909	53	0
7910	53	0
7911	53	0
7912	53	0
7913	52	0
7914	53	0
7915	53	0
7916	53	0
7917	52	0
7918	53	0
7919	53	0
7920	53	0
7921	53	0
7922	53	0
7923	53	0
7924	53	0
7925	53	0
7926	53	0
7927	53	0
7928	53	0
7929	53	0
7930	53	0
7931	53	0
7932	53	0
7933	52	0
7934	53	0
7935	53	0
7936	53	0
7937	53	0
7938	53	0
7939	53	0
7940	53	0
7941	53	0
7942	53	0
7943	53	0
7944	53	0
7945	53	0
7946	52	0
7947	53	0
7948	52	0
7949	53	0
7950	55	0
7951	65	0
7952	70	0
7953	79	0
7954	87	0
7955	95	0
7956	104	0
7957	112	0
7958	120	0
7959	126	0
7960	133	0
7961	133	0
7962	134	0
7963	133	0
7964	133	0
7965	133	0
7966	134	0
7967	133	0
7968	133	0
7969	133	0
7970	133	0
7971	134	0
7972	133	0
7973	134	0
7974	134	0
7975	133	0
7976	134	0
7977	133	0
7978	133	0
7979	133	0
7980	134	0
7981	133	0
7982	134	0
7983	134	0
7984	133	0
7985	134	0
7986	134	0
7987	133	0
7988	133	0
7989	133	0
7990	133	0
7991	133	0
7992	133	0
7993	133	0
7994	133	0
7995	133	0
7996	133	0
7997	133	0
7998	133	0
7999	133	0
