Oscilloscope data. 
Time step = 1,250 mS
Voltage step = 31,25 mV
Zero level = 52

N 	Smpl.	Trig

0	133	0
1	133	0
2	133	0
3	134	0
4	134	0
5	133	0
6	134	0
7	134	0
8	133	0
9	134	0
10	133	0
11	133	0
12	133	0
13	133	0
14	133	0
15	133	0
16	133	0
17	133	0
18	134	0
19	134	0
20	133	0
21	133	0
22	133	0
23	133	0
24	133	0
25	133	0
26	133	0
27	133	0
28	133	0
29	133	0
30	133	0
31	133	0
32	133	0
33	133	0
34	134	0
35	133	0
36	133	0
37	134	0
38	134	0
39	133	0
40	133	0
41	133	0
42	133	0
43	133	0
44	133	0
45	133	0
46	133	0
47	133	0
48	134	0
49	133	0
50	133	0
51	134	0
52	133	0
53	133	0
54	133	0
55	133	0
56	133	0
57	133	0
58	133	0
59	134	0
60	133	0
61	133	0
62	133	0
63	133	0
64	133	0
65	133	0
66	133	0
67	133	0
68	134	0
69	133	0
70	134	0
71	133	0
72	134	0
73	134	0
74	134	0
75	133	0
76	134	0
77	133	0
78	133	0
79	133	0
80	133	0
81	134	0
82	133	0
83	133	0
84	133	0
85	134	0
86	133	0
87	133	0
88	133	0
89	133	0
90	133	0
91	133	0
92	133	0
93	134	0
94	134	0
95	133	0
96	134	0
97	133	0
98	133	0
99	133	0
100	134	0
101	133	0
102	133	0
103	134	0
104	133	0
105	133	0
106	133	0
107	134	0
108	133	0
109	133	0
110	133	0
111	133	0
112	133	0
113	133	0
114	133	0
115	133	0
116	133	0
117	133	0
118	133	0
119	133	0
120	134	0
121	133	0
122	133	0
123	133	0
124	133	0
125	133	0
126	133	0
127	133	0
128	133	0
129	133	0
130	133	0
131	133	0
132	133	0
133	134	0
134	133	0
135	133	0
136	133	0
137	133	0
138	134	0
139	133	0
140	133	0
141	133	0
142	133	0
143	133	0
144	134	0
145	134	0
146	133	0
147	133	0
148	133	0
149	133	0
150	134	0
151	133	0
152	133	0
153	134	0
154	133	0
155	134	0
156	133	0
157	133	0
158	134	0
159	133	0
160	133	0
161	133	0
162	133	0
163	133	0
164	134	0
165	133	0
166	134	0
167	133	0
168	133	0
169	134	0
170	133	0
171	133	0
172	133	0
173	133	0
174	134	0
175	133	0
176	133	0
177	133	0
178	134	0
179	134	0
180	133	0
181	134	0
182	133	0
183	133	0
184	133	0
185	133	0
186	133	0
187	133	0
188	134	0
189	133	0
190	133	0
191	133	0
192	133	0
193	133	0
194	134	0
195	133	0
196	134	0
197	133	0
198	134	0
199	133	0
200	133	0
201	133	0
202	133	0
203	134	0
204	133	0
205	133	0
206	133	0
207	133	0
208	133	0
209	133	0
210	134	0
211	134	0
212	133	0
213	133	0
214	133	0
215	133	0
216	133	0
217	134	0
218	133	0
219	133	0
220	134	0
221	133	0
222	134	0
223	133	0
224	133	0
225	133	0
226	133	0
227	133	0
228	133	0
229	133	0
230	133	0
231	133	0
232	133	0
233	134	0
234	133	0
235	134	0
236	133	0
237	133	0
238	133	0
239	133	0
240	133	0
241	133	0
242	133	0
243	133	0
244	133	0
245	133	0
246	133	0
247	133	0
248	133	0
249	133	0
250	133	0
251	133	0
252	133	0
253	133	0
254	133	0
255	133	0
256	133	0
257	133	0
258	133	0
259	134	0
260	133	0
261	133	0
262	133	0
263	134	0
264	133	0
265	133	0
266	133	0
267	133	0
268	133	0
269	133	0
270	133	0
271	133	0
272	133	0
273	133	0
274	133	0
275	133	0
276	133	0
277	133	0
278	133	0
279	134	0
280	133	0
281	133	0
282	133	0
283	133	0
284	134	0
285	133	0
286	133	0
287	133	0
288	133	0
289	133	0
290	134	0
291	133	0
292	133	0
293	133	0
294	133	0
295	133	0
296	133	0
297	133	0
298	133	0
299	133	0
300	133	0
301	134	0
302	133	0
303	133	0
304	133	0
305	133	0
306	133	0
307	133	0
308	133	0
309	133	0
310	133	0
311	134	0
312	133	0
313	133	0
314	133	0
315	133	0
316	133	0
317	133	0
318	133	0
319	133	0
320	134	0
321	134	0
322	133	0
323	133	0
324	133	0
325	133	0
326	133	0
327	133	0
328	133	0
329	133	0
330	134	0
331	133	0
332	134	0
333	133	0
334	133	0
335	133	0
336	133	0
337	133	0
338	133	0
339	133	0
340	133	0
341	133	0
342	133	0
343	133	0
344	133	0
345	133	0
346	134	0
347	133	0
348	133	0
349	133	0
350	133	0
351	133	0
352	133	0
353	133	0
354	133	0
355	133	0
356	133	0
357	133	0
358	133	0
359	134	0
360	133	0
361	133	0
362	133	0
363	134	0
364	134	0
365	133	0
366	134	0
367	133	0
368	133	0
369	133	0
370	133	0
371	133	0
372	133	0
373	134	0
374	133	0
375	133	0
376	133	0
377	133	0
378	133	0
379	134	0
380	133	0
381	133	0
382	133	0
383	133	0
384	133	0
385	133	0
386	133	0
387	133	0
388	133	0
389	133	0
390	134	0
391	133	0
392	133	0
393	133	0
394	133	0
395	134	0
396	133	0
397	133	0
398	133	0
399	133	0
400	134	0
401	133	0
402	133	0
403	133	0
404	133	0
405	133	0
406	133	0
407	134	0
408	133	0
409	133	0
410	133	0
411	133	0
412	133	0
413	133	0
414	133	0
415	134	0
416	134	0
417	133	0
418	134	0
419	134	0
420	133	0
421	133	0
422	133	0
423	134	0
424	133	0
425	133	0
426	134	0
427	133	0
428	133	0
429	133	0
430	133	0
431	133	0
432	134	0
433	133	0
434	133	0
435	134	0
436	133	0
437	133	0
438	133	0
439	133	0
440	133	0
441	134	0
442	133	0
443	133	0
444	134	0
445	133	0
446	134	0
447	133	0
448	133	0
449	134	0
450	133	0
451	133	0
452	133	0
453	133	0
454	133	0
455	134	0
456	133	0
457	133	0
458	133	0
459	133	0
460	133	0
461	133	0
462	133	0
463	134	0
464	133	0
465	133	0
466	133	0
467	133	0
468	133	0
469	133	0
470	134	0
471	133	0
472	133	0
473	133	0
474	134	0
475	134	0
476	133	0
477	133	0
478	134	0
479	134	0
480	133	0
481	133	0
482	134	0
483	134	0
484	133	0
485	133	0
486	133	0
487	133	0
488	133	0
489	133	0
490	133	0
491	134	0
492	133	0
493	133	0
494	134	0
495	134	0
496	134	0
497	133	0
498	133	0
499	133	0
500	133	0
501	133	0
502	133	0
503	133	0
504	133	0
505	133	0
506	134	0
507	133	0
508	133	0
509	133	0
510	134	0
511	133	0
512	133	0
513	133	0
514	133	0
515	133	0
516	133	0
517	133	0
518	134	0
519	133	0
520	133	0
521	133	0
522	133	0
523	133	0
524	134	0
525	133	0
526	133	0
527	134	0
528	134	0
529	133	0
530	134	0
531	133	0
532	134	0
533	134	0
534	133	0
535	133	0
536	134	0
537	133	0
538	134	0
539	133	0
540	134	0
541	133	0
542	133	0
543	133	0
544	134	0
545	134	0
546	134	0
547	133	0
548	133	0
549	133	0
550	134	0
551	134	0
552	133	0
553	134	0
554	133	0
555	133	0
556	133	0
557	133	0
558	133	0
559	133	0
560	134	0
561	134	0
562	133	0
563	134	0
564	134	0
565	133	0
566	133	0
567	134	0
568	133	0
569	133	0
570	134	0
571	133	0
572	134	0
573	134	0
574	134	0
575	133	0
576	133	0
577	134	0
578	133	0
579	133	0
580	133	0
581	133	0
582	133	0
583	133	0
584	133	0
585	134	0
586	133	0
587	133	0
588	133	0
589	134	0
590	133	0
591	133	0
592	133	0
593	133	0
594	134	0
595	133	0
596	134	0
597	133	0
598	133	0
599	133	0
600	133	0
601	133	0
602	134	0
603	133	0
604	133	0
605	133	0
606	133	0
607	133	0
608	133	0
609	133	0
610	133	0
611	134	0
612	134	0
613	134	0
614	134	0
615	133	0
616	133	0
617	133	0
618	133	0
619	134	0
620	133	0
621	134	0
622	133	0
623	133	0
624	133	0
625	133	0
626	133	0
627	133	0
628	133	0
629	133	0
630	134	0
631	134	0
632	134	0
633	133	0
634	133	0
635	133	0
636	133	0
637	134	0
638	133	0
639	133	0
640	133	0
641	133	0
642	133	0
643	133	0
644	133	0
645	133	0
646	133	0
647	133	0
648	133	0
649	133	0
650	133	0
651	133	0
652	133	0
653	133	0
654	133	0
655	133	0
656	133	0
657	133	0
658	134	0
659	133	0
660	133	0
661	134	0
662	133	0
663	133	0
664	133	0
665	133	0
666	133	0
667	133	0
668	133	0
669	133	0
670	133	0
671	133	0
672	133	0
673	133	0
674	133	0
675	133	0
676	133	0
677	133	0
678	134	0
679	134	0
680	133	0
681	133	0
682	133	0
683	133	0
684	134	0
685	133	0
686	134	0
687	133	0
688	133	0
689	133	0
690	133	0
691	133	0
692	134	0
693	133	0
694	133	0
695	134	0
696	134	0
697	133	0
698	133	0
699	133	0
700	133	0
701	134	0
702	133	0
703	133	0
704	133	0
705	134	0
706	133	0
707	133	0
708	133	0
709	133	0
710	134	0
711	133	0
712	133	0
713	133	0
714	133	0
715	133	0
716	134	0
717	133	0
718	134	0
719	133	0
720	133	0
721	133	0
722	133	0
723	133	0
724	133	0
725	133	0
726	133	0
727	133	0
728	133	0
729	133	0
730	133	0
731	133	0
732	134	0
733	133	0
734	133	0
735	133	0
736	133	0
737	133	0
738	133	0
739	133	0
740	133	0
741	133	0
742	133	0
743	133	0
744	133	0
745	134	0
746	133	0
747	133	0
748	133	0
749	133	0
750	134	0
751	133	0
752	133	0
753	133	0
754	134	0
755	134	0
756	134	0
757	133	0
758	133	0
759	133	0
760	133	0
761	133	0
762	133	0
763	133	0
764	133	0
765	133	0
766	133	0
767	133	0
768	133	0
769	134	0
770	133	0
771	133	0
772	133	0
773	134	0
774	133	0
775	133	0
776	133	0
777	134	0
778	134	0
779	134	0
780	133	0
781	133	0
782	133	0
783	134	0
784	133	0
785	133	0
786	134	0
787	133	0
788	134	0
789	133	0
790	133	0
791	133	0
792	133	0
793	134	0
794	133	0
795	134	0
796	133	0
797	133	0
798	133	0
799	133	0
800	133	0
801	133	0
802	134	0
803	134	0
804	134	0
805	133	0
806	133	0
807	133	0
808	133	0
809	133	0
810	133	0
811	133	0
812	133	0
813	133	0
814	133	0
815	133	0
816	133	0
817	133	0
818	133	0
819	133	0
820	133	0
821	133	0
822	133	0
823	133	0
824	133	0
825	133	0
826	133	0
827	133	0
828	133	0
829	133	0
830	133	0
831	134	0
832	134	0
833	137	0
834	140	0
835	144	0
836	145	0
837	149	0
838	153	0
839	154	0
840	157	0
841	160	0
842	162	0
843	165	0
844	167	0
845	171	0
846	173	0
847	175	0
848	178	0
849	182	0
850	185	0
851	188	0
852	191	0
853	193	0
854	197	0
855	201	0
856	203	0
857	206	0
858	211	0
859	214	0
860	215	0
861	216	0
862	216	0
863	216	0
864	216	0
865	216	0
866	216	0
867	216	0
868	215	0
869	216	0
870	216	0
871	216	0
872	216	0
873	216	0
874	215	0
875	216	0
876	216	0
877	216	0
878	216	0
879	215	0
880	216	0
881	216	0
882	215	0
883	216	0
884	217	0
885	215	0
886	216	0
887	217	0
888	216	0
889	216	0
890	216	0
891	216	0
892	215	0
893	216	0
894	215	0
895	216	0
896	217	0
897	216	0
898	216	0
899	216	0
900	216	0
901	216	0
902	216	0
903	216	0
904	217	0
905	216	0
906	216	0
907	215	0
908	217	0
909	216	0
910	217	0
911	216	0
912	217	0
913	216	0
914	216	0
915	216	0
916	216	0
917	216	0
918	215	0
919	216	0
920	216	0
921	216	0
922	215	0
923	216	0
924	216	0
925	215	0
926	216	0
927	215	0
928	216	0
929	216	0
930	216	0
931	215	0
932	216	0
933	216	0
934	216	0
935	216	0
936	216	0
937	216	0
938	216	0
939	216	0
940	215	0
941	217	0
942	216	0
943	216	0
944	216	0
945	216	0
946	215	0
947	216	0
948	217	0
949	216	0
950	216	0
951	216	0
952	216	0
953	215	0
954	216	0
955	216	0
956	216	0
957	216	0
958	217	0
959	217	0
960	216	0
961	216	0
962	215	0
963	215	0
964	215	0
965	216	0
966	215	0
967	217	0
968	215	0
969	217	0
970	216	0
971	216	0
972	217	0
973	216	0
974	216	0
975	215	0
976	216	0
977	216	0
978	216	0
979	216	0
980	216	0
981	216	0
982	215	0
983	216	0
984	216	0
985	216	0
986	216	0
987	216	0
988	216	0
989	215	0
990	216	0
991	216	0
992	216	0
993	216	0
994	217	0
995	216	0
996	216	0
997	216	0
998	216	0
999	216	0
1000	217	0
1001	216	0
1002	216	0
1003	216	0
1004	216	0
1005	216	0
1006	217	0
1007	216	0
1008	216	0
1009	216	0
1010	216	0
1011	216	0
1012	215	0
1013	216	0
1014	216	0
1015	216	0
1016	216	0
1017	216	0
1018	216	0
1019	215	0
1020	216	0
1021	216	0
1022	216	0
1023	216	0
1024	216	0
1025	216	0
1026	216	0
1027	216	0
1028	216	0
1029	215	0
1030	216	0
1031	216	0
1032	216	0
1033	215	0
1034	216	0
1035	216	0
1036	216	0
1037	216	0
1038	216	0
1039	215	0
1040	216	0
1041	215	0
1042	216	0
1043	215	0
1044	216	0
1045	217	0
1046	216	0
1047	216	0
1048	216	0
1049	215	0
1050	216	0
1051	216	0
1052	216	0
1053	216	0
1054	216	0
1055	215	0
1056	216	0
1057	215	0
1058	216	0
1059	217	0
1060	215	0
1061	217	0
1062	216	0
1063	217	0
1064	216	0
1065	216	0
1066	216	0
1067	215	0
1068	215	0
1069	216	0
1070	216	0
1071	216	0
1072	215	0
1073	217	0
1074	216	0
1075	215	0
1076	216	0
1077	216	0
1078	216	0
1079	216	0
1080	216	0
1081	216	0
1082	216	0
1083	216	0
1084	216	0
1085	215	0
1086	216	0
1087	215	0
1088	216	0
1089	216	0
1090	217	0
1091	215	0
1092	216	0
1093	215	0
1094	216	0
1095	216	0
1096	215	0
1097	215	0
1098	215	0
1099	215	0
1100	216	0
1101	216	0
1102	215	0
1103	216	0
1104	215	0
1105	216	0
1106	216	0
1107	216	0
1108	216	0
1109	215	0
1110	216	0
1111	215	0
1112	216	0
1113	216	0
1114	216	0
1115	215	0
1116	216	0
1117	215	0
1118	216	0
1119	215	0
1120	216	0
1121	216	0
1122	215	0
1123	215	0
1124	215	0
1125	216	0
1126	216	0
1127	216	0
1128	216	0
1129	217	0
1130	216	0
1131	217	0
1132	215	0
1133	215	0
1134	217	0
1135	216	0
1136	216	0
1137	216	0
1138	216	0
1139	216	0
1140	217	0
1141	215	0
1142	216	0
1143	216	0
1144	216	0
1145	216	0
1146	216	0
1147	216	0
1148	215	0
1149	216	0
1150	216	0
1151	215	0
1152	216	0
1153	216	0
1154	216	0
1155	216	0
1156	217	0
1157	216	0
1158	216	0
1159	216	0
1160	216	0
1161	216	0
1162	216	0
1163	216	0
1164	215	0
1165	216	0
1166	216	0
1167	216	0
1168	215	0
1169	216	0
1170	216	0
1171	215	0
1172	217	0
1173	215	0
1174	216	0
1175	217	0
1176	211	0
1177	203	0
1178	196	0
1179	187	0
1180	177	0
1181	167	0
1182	158	0
1183	147	0
1184	137	0
1185	133	0
1186	134	0
1187	133	0
1188	133	0
1189	133	0
1190	133	0
1191	133	0
1192	134	0
1193	133	0
1194	133	0
1195	133	0
1196	133	0
1197	134	0
1198	133	0
1199	133	0
1200	133	0
1201	134	0
1202	133	0
1203	133	0
1204	133	0
1205	133	0
1206	134	0
1207	133	0
1208	133	0
1209	134	0
1210	133	0
1211	133	0
1212	134	0
1213	133	0
1214	133	0
1215	133	0
1216	133	0
1217	133	0
1218	134	0
1219	133	0
1220	134	0
1221	134	0
1222	133	0
1223	134	0
1224	133	0
1225	133	0
1226	133	0
1227	133	0
1228	134	0
1229	134	0
1230	133	0
1231	133	0
1232	133	0
1233	133	0
1234	133	0
1235	132	0
1236	129	0
1237	129	0
1238	127	0
1239	125	0
1240	124	0
1241	122	0
1242	122	0
1243	120	0
1244	118	0
1245	116	0
1246	115	0
1247	114	0
1248	113	0
1249	110	0
1250	108	0
1251	107	0
1252	105	0
1253	103	0
1254	101	0
1255	99	0
1256	96	0
1257	93	0
1258	91	0
1259	86	0
1260	85	0
1261	81	0
1262	78	0
1263	73	0
1264	71	0
1265	67	0
1266	63	0
1267	58	0
1268	54	0
1269	53	0
1270	53	0
1271	53	0
1272	53	0
1273	53	0
1274	53	0
1275	53	0
1276	53	0
1277	53	0
1278	53	0
1279	53	0
1280	53	0
1281	53	0
1282	52	0
1283	53	0
1284	53	0
1285	53	0
1286	53	0
1287	53	0
1288	53	0
1289	52	0
1290	53	0
1291	53	0
1292	53	0
1293	53	0
1294	53	0
1295	53	0
1296	53	0
1297	53	0
1298	53	0
1299	52	0
1300	53	0
1301	53	0
1302	53	0
1303	52	0
1304	52	0
1305	53	0
1306	53	0
1307	53	0
1308	53	0
1309	53	0
1310	53	0
1311	53	0
1312	53	0
1313	53	0
1314	53	0
1315	53	0
1316	53	0
1317	53	0
1318	53	0
1319	53	0
1320	53	0
1321	53	0
1322	53	0
1323	53	0
1324	53	0
1325	53	0
1326	53	0
1327	53	0
1328	53	0
1329	53	0
1330	53	0
1331	53	0
1332	53	0
1333	53	0
1334	53	0
1335	53	0
1336	53	0
1337	52	0
1338	53	0
1339	53	0
1340	53	0
1341	53	0
1342	53	0
1343	53	0
1344	53	0
1345	53	0
1346	53	0
1347	53	0
1348	53	0
1349	52	0
1350	53	0
1351	53	0
1352	53	0
1353	52	0
1354	53	0
1355	53	0
1356	53	0
1357	53	0
1358	53	0
1359	53	0
1360	53	0
1361	53	0
1362	53	0
1363	53	0
1364	52	0
1365	53	0
1366	53	0
1367	53	0
1368	53	0
1369	53	0
1370	53	0
1371	53	0
1372	53	0
1373	53	0
1374	53	0
1375	53	0
1376	53	0
1377	53	0
1378	53	0
1379	53	0
1380	53	0
1381	53	0
1382	53	0
1383	53	0
1384	53	0
1385	53	0
1386	53	0
1387	53	0
1388	53	0
1389	53	0
1390	53	0
1391	52	0
1392	53	0
1393	53	0
1394	53	0
1395	53	0
1396	53	0
1397	53	0
1398	53	0
1399	53	0
1400	53	0
1401	53	0
1402	53	0
1403	53	0
1404	53	0
1405	53	0
1406	53	0
1407	53	0
1408	53	0
1409	52	0
1410	53	0
1411	53	0
1412	53	0
1413	53	0
1414	53	0
1415	53	0
1416	53	0
1417	53	0
1418	53	0
1419	53	0
1420	54	0
1421	55	0
1422	57	0
1423	58	0
1424	61	0
1425	62	0
1426	63	0
1427	63	0
1428	65	0
1429	65	0
1430	67	0
1431	68	0
1432	69	0
1433	70	0
1434	71	0
1435	70	0
1436	71	0
1437	72	0
1438	71	0
1439	72	0
1440	73	0
1441	73	0
1442	73	0
1443	74	0
1444	75	0
1445	74	0
1446	75	0
1447	75	0
1448	75	0
1449	75	0
1450	75	0
1451	75	0
1452	75	0
1453	75	0
1454	75	0
1455	75	0
1456	75	0
1457	75	0
1458	75	0
1459	75	0
1460	75	0
1461	75	0
1462	75	0
1463	75	0
1464	75	0
1465	75	0
1466	75	0
1467	75	0
1468	75	0
1469	75	0
1470	75	0
1471	75	0
1472	75	0
1473	75	0
1474	75	0
1475	76	0
1476	75	0
1477	75	0
1478	75	0
1479	75	0
1480	75	0
1481	75	0
1482	75	0
1483	75	0
1484	75	0
1485	75	0
1486	75	0
1487	75	0
1488	75	0
1489	75	0
1490	75	0
1491	75	0
1492	75	0
1493	74	0
1494	75	0
1495	75	0
1496	74	0
1497	74	0
1498	75	0
1499	73	0
1500	74	0
1501	75	0
1502	74	0
1503	74	0
1504	74	0
1505	74	0
1506	74	0
1507	73	0
1508	73	0
1509	73	0
1510	73	0
1511	73	0
1512	73	0
1513	73	0
1514	74	0
1515	73	0
1516	73	0
1517	73	0
1518	73	0
1519	73	0
1520	73	0
1521	73	0
1522	73	0
1523	73	0
1524	73	0
1525	73	0
1526	73	0
1527	73	0
1528	73	0
1529	73	0
1530	73	0
1531	72	0
1532	73	0
1533	73	0
1534	72	0
1535	73	0
1536	73	0
1537	73	0
1538	73	0
1539	72	0
1540	73	0
1541	73	0
1542	73	0
1543	73	0
1544	73	0
1545	73	0
1546	73	0
1547	73	0
1548	73	0
1549	73	0
1550	73	0
1551	73	0
1552	73	0
1553	73	0
1554	73	0
1555	72	0
1556	73	0
1557	73	0
1558	73	0
1559	73	0
1560	72	0
1561	73	0
1562	73	0
1563	73	0
1564	73	0
1565	73	0
1566	73	0
1567	72	0
1568	73	0
1569	72	0
1570	73	0
1571	71	0
1572	73	0
1573	73	0
1574	72	0
1575	73	0
1576	73	0
1577	73	0
1578	72	0
1579	73	0
1580	73	0
1581	73	0
1582	72	0
1583	72	0
1584	72	0
1585	72	0
1586	73	0
1587	72	0
1588	72	0
1589	73	0
1590	73	0
1591	72	0
1592	73	0
1593	73	0
1594	72	0
1595	73	0
1596	73	0
1597	72	0
1598	73	0
1599	72	0
1600	72	0
1601	72	0
1602	72	0
1603	73	0
1604	73	0
1605	73	0
1606	73	0
1607	73	0
1608	73	0
1609	73	0
1610	73	0
1611	72	0
1612	72	0
1613	73	0
1614	72	0
1615	73	0
1616	72	0
1617	72	0
1618	72	0
1619	73	0
1620	73	0
1621	71	0
1622	73	0
1623	73	0
1624	73	0
1625	73	0
1626	73	0
1627	73	0
1628	73	0
1629	73	0
1630	73	0
1631	73	0
1632	73	0
1633	73	0
1634	73	0
1635	73	0
1636	73	0
1637	73	0
1638	73	0
1639	73	0
1640	73	0
1641	73	0
1642	72	0
1643	73	0
1644	73	0
1645	74	0
1646	74	0
1647	74	0
1648	75	0
1649	75	0
1650	75	0
1651	75	0
1652	75	0
1653	75	0
1654	77	0
1655	77	0
1656	77	0
1657	79	0
1658	81	0
1659	82	0
1660	83	0
1661	84	0
1662	86	0
1663	89	0
1664	90	0
1665	92	0
1666	94	0
1667	97	0
1668	97	0
1669	99	0
1670	101	0
1671	104	0
1672	105	0
1673	107	0
1674	109	0
1675	111	0
1676	113	0
1677	115	0
1678	116	0
1679	119	0
1680	121	0
1681	122	0
1682	123	0
1683	125	0
1684	127	0
1685	129	0
1686	131	0
1687	133	0
1688	133	0
1689	133	0
1690	133	0
1691	134	0
1692	134	0
1693	133	0
1694	134	0
1695	133	0
1696	134	0
1697	133	0
1698	133	0
1699	133	0
1700	133	0
1701	133	0
1702	133	0
1703	133	0
1704	133	0
1705	133	0
1706	133	0
1707	133	0
1708	133	0
1709	133	0
1710	133	0
1711	133	0
1712	133	0
1713	133	0
1714	134	0
1715	133	0
1716	133	0
1717	134	0
1718	133	0
1719	133	0
1720	133	0
1721	133	0
1722	133	0
1723	133	0
1724	133	0
1725	134	0
1726	133	0
1727	133	0
1728	133	0
1729	133	0
1730	133	0
1731	133	0
1732	133	0
1733	133	0
1734	133	0
1735	133	0
1736	133	0
1737	133	0
1738	133	0
1739	133	0
1740	133	0
1741	133	0
1742	133	0
1743	133	0
1744	133	0
1745	134	0
1746	133	0
1747	134	0
1748	133	0
1749	133	0
1750	133	0
1751	133	0
1752	133	0
1753	134	0
1754	133	0
1755	133	0
1756	134	0
1757	133	0
1758	133	0
1759	133	0
1760	133	0
1761	133	0
1762	133	0
1763	134	0
1764	134	0
1765	134	0
1766	133	0
1767	133	0
1768	134	0
1769	133	0
1770	134	0
1771	133	0
1772	133	0
1773	133	0
1774	133	0
1775	133	0
1776	133	0
1777	134	0
1778	133	0
1779	133	0
1780	133	0
1781	134	0
1782	133	0
1783	134	0
1784	133	0
1785	133	0
1786	133	0
1787	133	0
1788	133	0
1789	133	0
1790	133	0
1791	133	0
1792	133	0
1793	133	0
1794	133	0
1795	133	0
1796	133	0
1797	133	0
1798	134	0
1799	133	0
1800	133	0
1801	133	0
1802	133	0
1803	133	0
1804	133	0
1805	133	0
1806	133	0
1807	134	0
1808	133	0
1809	133	0
1810	134	0
1811	133	0
1812	133	0
1813	133	0
1814	133	0
1815	133	0
1816	133	0
1817	133	0
1818	133	0
1819	134	0
1820	133	0
1821	133	0
1822	133	0
1823	133	0
1824	133	0
1825	134	0
1826	133	0
1827	133	0
1828	133	0
1829	134	0
1830	133	0
1831	133	0
1832	133	0
1833	133	0
1834	133	0
1835	134	0
1836	133	0
1837	133	0
1838	133	0
1839	133	0
1840	133	0
1841	133	0
1842	133	0
1843	133	0
1844	133	0
1845	133	0
1846	133	0
1847	133	0
1848	133	0
1849	133	0
1850	133	0
1851	134	0
1852	133	0
1853	133	0
1854	134	0
1855	133	0
1856	134	0
1857	133	0
1858	134	0
1859	133	0
1860	134	0
1861	133	0
1862	133	0
1863	133	0
1864	133	0
1865	134	0
1866	133	0
1867	134	0
1868	134	0
1869	133	0
1870	133	0
1871	134	0
1872	133	0
1873	133	0
1874	133	0
1875	133	0
1876	133	0
1877	133	0
1878	133	0
1879	133	0
1880	133	0
1881	134	0
1882	133	0
1883	133	0
1884	133	0
1885	133	0
1886	133	0
1887	133	0
1888	133	0
1889	133	0
1890	133	0
1891	133	0
1892	133	0
1893	133	0
1894	133	0
1895	133	0
1896	134	0
1897	133	0
1898	133	0
1899	133	0
1900	133	0
1901	133	0
1902	133	0
1903	133	0
1904	133	0
1905	134	0
1906	133	0
1907	133	0
1908	133	0
1909	133	0
1910	134	0
1911	133	0
1912	133	0
1913	133	0
1914	134	0
1915	134	0
1916	133	0
1917	133	0
1918	134	0
1919	134	0
1920	133	0
1921	133	0
1922	133	0
1923	133	0
1924	133	0
1925	133	0
1926	133	0
1927	133	0
1928	134	0
1929	133	0
1930	133	0
1931	133	0
1932	133	0
1933	133	0
1934	133	0
1935	133	0
1936	134	0
1937	133	0
1938	133	0
1939	133	0
1940	133	0
1941	133	0
1942	133	0
1943	133	0
1944	134	0
1945	133	0
1946	133	0
1947	133	0
1948	133	0
1949	133	0
1950	133	0
1951	134	0
1952	133	0
1953	134	0
1954	133	0
1955	133	0
1956	133	0
1957	133	0
1958	133	0
1959	133	0
1960	133	0
1961	133	0
1962	133	0
1963	133	0
1964	133	0
1965	133	0
1966	133	0
1967	134	0
1968	133	0
1969	133	0
1970	133	0
1971	134	0
1972	134	0
1973	133	0
1974	134	0
1975	134	0
1976	133	0
1977	134	0
1978	133	0
1979	133	0
1980	133	0
1981	133	0
1982	133	0
1983	134	0
1984	133	0
1985	133	0
1986	133	0
1987	133	0
1988	133	0
1989	133	0
1990	133	0
1991	133	0
1992	133	0
1993	132	0
1994	131	0
1995	131	0
1996	131	0
1997	130	0
1998	130	0
1999	129	0
2000	129	0
2001	129	0
2002	129	0
2003	128	0
2004	129	0
2005	128	0
2006	129	0
2007	129	0
2008	127	0
2009	126	0
2010	125	0
2011	125	0
2012	125	0
2013	125	0
2014	123	0
2015	123	0
2016	123	0
2017	123	0
2018	121	0
2019	121	0
2020	121	0
2021	121	0
2022	121	0
2023	119	0
2024	118	0
2025	116	0
2026	117	0
2027	117	0
2028	116	0
2029	115	0
2030	114	0
2031	114	0
2032	113	0
2033	112	0
2034	110	0
2035	109	0
2036	109	0
2037	107	0
2038	107	0
2039	106	0
2040	105	0
2041	105	0
2042	104	0
2043	102	0
2044	101	0
2045	100	0
2046	99	0
2047	99	0
2048	97	0
2049	97	0
2050	96	0
2051	95	0
2052	94	0
2053	94	0
2054	92	0
2055	91	0
2056	90	0
2057	89	0
2058	89	0
2059	87	0
2060	85	0
2061	84	0
2062	85	0
2063	83	0
2064	82	0
2065	81	0
2066	81	0
2067	79	0
2068	78	0
2069	77	0
2070	77	0
2071	76	0
2072	74	0
2073	73	0
2074	73	0
2075	71	0
2076	71	0
2077	70	0
2078	69	0
2079	67	0
2080	66	0
2081	65	0
2082	65	0
2083	63	0
2084	62	0
2085	61	0
2086	60	0
2087	59	0
2088	57	0
2089	57	0
2090	55	0
2091	54	0
2092	53	0
2093	53	0
2094	53	0
2095	53	0
2096	52	0
2097	53	0
2098	53	0
2099	53	0
2100	53	0
2101	53	0
2102	53	0
2103	53	0
2104	53	0
2105	52	0
2106	53	0
2107	53	0
2108	53	0
2109	53	0
2110	52	0
2111	53	0
2112	53	0
2113	53	0
2114	53	0
2115	52	0
2116	53	0
2117	53	0
2118	52	0
2119	53	0
2120	53	0
2121	53	0
2122	53	0
2123	53	0
2124	53	0
2125	53	0
2126	53	0
2127	53	0
2128	53	0
2129	53	0
2130	53	0
2131	53	0
2132	53	0
2133	53	0
2134	53	0
2135	53	0
2136	53	0
2137	52	0
2138	53	0
2139	53	0
2140	52	0
2141	53	0
2142	53	0
2143	53	0
2144	52	0
2145	53	0
2146	53	0
2147	52	0
2148	53	0
2149	53	0
2150	52	0
2151	53	0
2152	53	0
2153	53	0
2154	53	0
2155	53	0
2156	53	0
2157	53	0
2158	53	0
2159	53	0
2160	53	0
2161	53	0
2162	53	0
2163	53	0
2164	53	0
2165	53	0
2166	53	0
2167	53	0
2168	53	0
2169	53	0
2170	53	0
2171	53	0
2172	52	0
2173	53	0
2174	53	0
2175	53	0
2176	53	0
2177	53	0
2178	52	0
2179	53	0
2180	53	0
2181	53	0
2182	53	0
2183	53	0
2184	53	0
2185	53	0
2186	52	0
2187	53	0
2188	53	0
2189	53	0
2190	53	0
2191	52	0
2192	53	0
2193	53	0
2194	53	0
2195	53	0
2196	53	0
2197	53	0
2198	53	0
2199	53	0
2200	53	0
2201	53	0
2202	53	0
2203	53	0
2204	53	0
2205	53	0
2206	53	0
2207	53	0
2208	53	0
2209	53	0
2210	53	0
2211	53	0
2212	53	0
2213	53	0
2214	52	0
2215	53	0
2216	53	0
2217	53	0
2218	53	0
2219	53	0
2220	53	0
2221	52	0
2222	53	0
2223	53	0
2224	53	0
2225	53	0
2226	53	0
2227	52	0
2228	53	0
2229	53	0
2230	53	0
2231	53	0
2232	53	0
2233	53	0
2234	53	0
2235	53	0
2236	53	0
2237	53	0
2238	53	0
2239	53	0
2240	53	0
2241	53	0
2242	53	0
2243	53	0
2244	53	0
2245	53	0
2246	53	0
2247	53	0
2248	52	0
2249	53	0
2250	53	0
2251	53	0
2252	53	0
2253	53	0
2254	53	0
2255	53	0
2256	53	0
2257	53	0
2258	53	0
2259	53	0
2260	53	0
2261	52	0
2262	53	0
2263	52	0
2264	53	0
2265	52	0
2266	52	0
2267	53	0
2268	53	0
2269	52	0
2270	53	0
2271	53	0
2272	53	0
2273	53	0
2274	53	0
2275	53	0
2276	53	0
2277	53	0
2278	53	0
2279	53	0
2280	53	0
2281	53	0
2282	53	0
2283	53	0
2284	53	0
2285	53	0
2286	52	0
2287	52	0
2288	52	0
2289	53	0
2290	53	0
2291	52	0
2292	53	0
2293	53	0
2294	53	0
2295	53	0
2296	53	0
2297	53	0
2298	53	0
2299	53	0
2300	53	0
2301	53	0
2302	53	0
2303	53	0
2304	53	0
2305	52	0
2306	52	0
2307	53	0
2308	53	0
2309	53	0
2310	53	0
2311	52	0
2312	53	0
2313	52	0
2314	53	0
2315	53	0
2316	53	0
2317	52	0
2318	53	0
2319	53	0
2320	53	0
2321	53	0
2322	53	0
2323	53	0
2324	53	0
2325	53	0
2326	53	0
2327	53	0
2328	53	0
2329	53	0
2330	53	0
2331	53	0
2332	53	0
2333	53	0
2334	53	0
2335	53	0
2336	53	0
2337	53	0
2338	53	0
2339	53	0
2340	53	0
2341	53	0
2342	53	0
2343	53	0
2344	53	0
2345	53	0
2346	53	0
2347	53	0
2348	53	0
2349	53	0
2350	52	0
2351	53	0
2352	53	0
2353	52	0
2354	53	0
2355	53	0
2356	53	0
2357	53	0
2358	53	0
2359	53	0
2360	53	0
2361	53	0
2362	53	0
2363	53	0
2364	53	0
2365	53	0
2366	53	0
2367	53	0
2368	53	0
2369	62	0
2370	72	0
2371	84	0
2372	96	0
2373	110	0
2374	123	0
2375	133	0
2376	133	0
2377	133	0
2378	133	0
2379	133	0
2380	133	0
2381	133	0
2382	133	0
2383	137	0
2384	143	0
2385	147	0
2386	153	0
2387	159	0
2388	165	0
2389	173	0
2390	181	0
2391	189	0
2392	197	0
2393	205	0
2394	214	0
2395	216	0
2396	216	0
2397	217	0
2398	217	0
2399	217	0
2400	215	0
2401	216	0
2402	216	0
2403	215	0
2404	216	0
2405	215	0
2406	215	0
2407	216	0
2408	215	0
2409	216	0
2410	216	0
2411	216	0
2412	216	0
2413	217	0
2414	216	0
2415	215	0
2416	216	0
2417	216	0
2418	216	0
2419	215	0
2420	216	0
2421	215	0
2422	215	0
2423	216	0
2424	216	0
2425	216	0
2426	216	0
2427	217	0
2428	216	0
2429	216	0
2430	216	0
2431	216	0
2432	216	0
2433	216	0
2434	215	0
2435	216	0
2436	215	0
2437	216	0
2438	215	0
2439	216	0
2440	216	0
2441	215	0
2442	216	0
2443	215	0
2444	216	0
2445	216	0
2446	216	0
2447	216	0
2448	215	0
2449	216	0
2450	216	0
2451	216	0
2452	216	0
2453	215	0
2454	217	0
2455	216	0
2456	215	0
2457	215	0
2458	216	0
2459	216	0
2460	216	0
2461	216	0
2462	216	0
2463	215	0
2464	216	0
2465	216	0
2466	216	0
2467	215	0
2468	216	0
2469	216	0
2470	217	0
2471	216	0
2472	216	0
2473	216	0
2474	216	0
2475	216	0
2476	216	0
2477	215	0
2478	215	0
2479	217	0
2480	216	0
2481	216	0
2482	216	0
2483	215	0
2484	216	0
2485	216	0
2486	216	0
2487	216	0
2488	216	0
2489	215	0
2490	216	0
2491	216	0
2492	216	0
2493	216	0
2494	215	0
2495	217	0
2496	215	0
2497	216	0
2498	215	0
2499	217	0
2500	216	0
2501	216	0
2502	216	0
2503	216	0
2504	216	0
2505	216	0
2506	216	0
2507	216	0
2508	217	0
2509	215	0
2510	216	0
2511	216	0
2512	217	0
2513	215	0
2514	215	0
2515	215	0
2516	215	0
2517	215	0
2518	216	0
2519	216	0
2520	216	0
2521	216	0
2522	217	0
2523	215	0
2524	216	0
2525	217	0
2526	216	0
2527	216	0
2528	215	0
2529	216	0
2530	216	0
2531	216	0
2532	216	0
2533	216	0
2534	216	0
2535	216	0
2536	216	0
2537	217	0
2538	217	0
2539	217	0
2540	216	0
2541	216	0
2542	215	0
2543	216	0
2544	216	0
2545	216	0
2546	216	0
2547	216	0
2548	216	0
2549	215	0
2550	216	0
2551	215	0
2552	216	0
2553	215	0
2554	215	0
2555	216	0
2556	215	0
2557	215	0
2558	216	0
2559	216	0
2560	216	0
2561	217	0
2562	216	0
2563	215	0
2564	207	0
2565	199	0
2566	191	0
2567	182	0
2568	172	0
2569	162	0
2570	153	0
2571	143	0
2572	134	0
2573	133	0
2574	133	0
2575	133	0
2576	134	0
2577	133	0
2578	133	0
2579	133	0
2580	133	0
2581	134	0
2582	133	0
2583	133	0
2584	133	0
2585	133	0
2586	133	0
2587	133	0
2588	133	0
2589	133	0
2590	133	0
2591	133	0
2592	133	0
2593	134	0
2594	133	0
2595	133	0
2596	133	0
2597	133	0
2598	134	0
2599	133	0
2600	133	0
2601	133	0
2602	133	0
2603	133	0
2604	134	0
2605	133	0
2606	133	0
2607	133	0
2608	133	0
2609	133	0
2610	133	0
2611	133	0
2612	133	0
2613	133	0
2614	133	0
2615	133	0
2616	134	0
2617	133	0
2618	133	0
2619	133	0
2620	134	0
2621	134	0
2622	133	0
2623	133	0
2624	133	0
2625	133	0
2626	133	0
2627	133	0
2628	133	0
2629	133	0
2630	133	0
2631	133	0
2632	133	0
2633	133	0
2634	133	0
2635	133	0
2636	133	0
2637	134	0
2638	133	0
2639	133	0
2640	133	0
2641	133	0
2642	133	0
2643	133	0
2644	133	0
2645	134	0
2646	133	0
2647	133	0
2648	133	0
2649	133	0
2650	133	0
2651	133	0
2652	133	0
2653	133	0
2654	133	0
2655	133	0
2656	133	0
2657	133	0
2658	133	0
2659	133	0
2660	133	0
2661	133	0
2662	133	0
2663	133	0
2664	133	0
2665	134	0
2666	133	0
2667	133	0
2668	134	0
2669	134	0
2670	134	0
2671	134	0
2672	133	0
2673	134	0
2674	133	0
2675	132	0
2676	133	0
2677	133	0
2678	133	0
2679	133	0
2680	133	0
2681	134	0
2682	134	0
2683	134	0
2684	133	0
2685	133	0
2686	134	0
2687	133	0
2688	133	0
2689	133	0
2690	134	0
2691	134	0
2692	134	0
2693	133	0
2694	133	0
2695	133	0
2696	133	0
2697	134	0
2698	133	0
2699	133	0
2700	133	0
2701	133	0
2702	133	0
2703	133	0
2704	133	0
2705	134	0
2706	134	0
2707	133	0
2708	133	0
2709	133	0
2710	133	0
2711	133	0
2712	134	0
2713	133	0
2714	133	0
2715	133	0
2716	133	0
2717	134	0
2718	133	0
2719	134	0
2720	133	0
2721	134	0
2722	133	0
2723	133	0
2724	133	0
2725	133	0
2726	133	0
2727	133	0
2728	133	0
2729	133	0
2730	133	0
2731	134	0
2732	133	0
2733	133	0
2734	134	0
2735	134	0
2736	134	0
2737	133	0
2738	134	0
2739	133	0
2740	133	0
2741	133	0
2742	133	0
2743	133	0
2744	133	0
2745	133	0
2746	134	0
2747	134	0
2748	134	0
2749	134	0
2750	133	0
2751	134	0
2752	133	0
2753	133	0
2754	133	0
2755	133	0
2756	134	0
2757	133	0
2758	133	0
2759	133	0
2760	133	0
2761	133	0
2762	133	0
2763	133	0
2764	133	0
2765	133	0
2766	133	0
2767	134	0
2768	133	0
2769	133	0
2770	133	0
2771	134	0
2772	134	0
2773	133	0
2774	133	0
2775	133	0
2776	133	0
2777	133	0
2778	133	0
2779	133	0
2780	133	0
2781	133	0
2782	133	0
2783	133	0
2784	134	0
2785	133	0
2786	134	0
2787	133	0
2788	133	0
2789	133	0
2790	133	0
2791	133	0
2792	133	0
2793	134	0
2794	133	0
2795	133	0
2796	134	0
2797	133	0
2798	133	0
2799	133	0
2800	133	0
2801	134	0
2802	134	0
2803	133	0
2804	134	0
2805	133	0
2806	133	0
2807	133	0
2808	133	0
2809	133	0
2810	133	0
2811	133	0
2812	134	0
2813	133	0
2814	133	0
2815	134	0
2816	133	0
2817	133	0
2818	134	0
2819	133	0
2820	133	0
2821	133	0
2822	133	0
2823	133	0
2824	134	0
2825	133	0
2826	133	0
2827	133	0
2828	134	0
2829	133	0
2830	133	0
2831	133	0
2832	133	0
2833	133	0
2834	134	0
2835	133	0
2836	133	0
2837	133	0
2838	133	0
2839	133	0
2840	134	0
2841	134	0
2842	134	0
2843	133	0
2844	133	0
2845	133	0
2846	133	0
2847	133	0
2848	133	0
2849	134	0
2850	133	0
2851	133	0
2852	134	0
2853	133	0
2854	133	0
2855	133	0
2856	134	0
2857	134	0
2858	134	0
2859	133	0
2860	133	0
2861	133	0
2862	133	0
2863	133	0
2864	133	0
2865	134	0
2866	133	0
2867	134	0
2868	133	0
2869	133	0
2870	133	0
2871	133	0
2872	133	0
2873	133	0
2874	134	0
2875	133	0
2876	133	0
2877	133	0
2878	133	0
2879	134	0
2880	133	0
2881	134	0
2882	133	0
2883	133	0
2884	134	0
2885	133	0
2886	133	0
2887	133	0
2888	133	0
2889	133	0
2890	133	0
2891	134	0
2892	133	0
2893	134	0
2894	133	0
2895	133	0
2896	133	0
2897	133	0
2898	133	0
2899	133	0
2900	133	0
2901	134	0
2902	134	0
2903	134	0
2904	133	0
2905	133	0
2906	133	0
2907	133	0
2908	133	0
2909	133	0
2910	134	0
2911	133	0
2912	133	0
2913	133	0
2914	133	0
2915	134	0
2916	133	0
2917	133	0
2918	133	0
2919	133	0
2920	133	0
2921	133	0
2922	133	0
2923	133	0
2924	133	0
2925	133	0
2926	133	0
2927	133	0
2928	133	0
2929	133	0
2930	133	0
2931	134	0
2932	133	0
2933	133	0
2934	133	0
2935	133	0
2936	134	0
2937	134	0
2938	133	0
2939	133	0
2940	133	0
2941	133	0
2942	133	0
2943	133	0
2944	133	0
2945	133	0
2946	133	0
2947	133	0
2948	133	0
2949	134	0
2950	133	0
2951	133	0
2952	134	0
2953	134	0
2954	133	0
2955	133	0
2956	133	0
2957	133	0
2958	133	0
2959	133	0
2960	133	0
2961	133	0
2962	133	0
2963	133	0
2964	133	0
2965	133	0
2966	133	0
2967	134	0
2968	133	0
2969	134	0
2970	134	0
2971	133	0
2972	133	0
2973	133	0
2974	133	0
2975	133	0
2976	133	0
2977	134	0
2978	133	0
2979	133	0
2980	133	0
2981	133	0
2982	133	0
2983	133	0
2984	133	0
2985	133	0
2986	133	0
2987	133	0
2988	134	0
2989	134	0
2990	133	0
2991	133	0
2992	133	0
2993	133	0
2994	133	0
2995	133	0
2996	133	0
2997	133	0
2998	133	0
2999	133	0
3000	133	0
3001	133	0
3002	133	0
3003	133	0
3004	134	0
3005	133	0
3006	134	0
3007	134	0
3008	134	0
3009	134	0
3010	133	0
3011	133	0
3012	134	0
3013	133	0
3014	133	0
3015	133	0
3016	134	0
3017	133	0
3018	133	0
3019	133	0
3020	133	0
3021	133	0
3022	134	0
3023	133	0
3024	134	0
3025	133	0
3026	133	0
3027	133	0
3028	134	0
3029	133	0
3030	134	0
3031	133	0
3032	133	0
3033	133	0
3034	133	0
3035	133	0
3036	134	0
3037	134	0
3038	134	0
3039	133	0
3040	133	0
3041	133	0
3042	133	0
3043	133	0
3044	133	0
3045	133	0
3046	133	0
3047	133	0
3048	133	0
3049	134	0
3050	133	0
3051	133	0
3052	134	0
3053	133	0
3054	134	0
3055	133	0
3056	134	0
3057	133	0
3058	133	0
3059	133	0
3060	133	0
3061	133	0
3062	133	0
3063	133	0
3064	133	0
3065	133	0
3066	133	0
3067	134	0
3068	134	0
3069	133	0
3070	134	0
3071	133	0
3072	133	0
3073	133	0
3074	133	0
3075	133	0
3076	133	0
3077	134	0
3078	133	0
3079	133	0
3080	133	0
3081	133	0
3082	133	0
3083	134	0
3084	134	0
3085	133	0
3086	134	0
3087	133	0
3088	134	0
3089	133	0
3090	133	0
3091	133	0
3092	133	0
3093	133	0
3094	133	0
3095	134	0
3096	133	0
3097	133	0
3098	133	0
3099	134	0
3100	133	0
3101	134	0
3102	134	0
3103	133	0
3104	134	0
3105	133	0
3106	133	0
3107	133	0
3108	133	0
3109	134	0
3110	134	0
3111	133	0
3112	133	0
3113	133	0
3114	133	0
3115	133	0
3116	134	0
3117	133	0
3118	133	0
3119	133	0
3120	134	0
3121	133	0
3122	134	0
3123	133	0
3124	134	0
3125	133	0
3126	133	0
3127	133	0
3128	133	0
3129	134	0
3130	134	0
3131	133	0
3132	134	0
3133	134	0
3134	133	0
3135	133	0
3136	133	0
3137	134	0
3138	133	0
3139	133	0
3140	133	0
3141	133	0
3142	133	0
3143	134	0
3144	133	0
3145	134	0
3146	133	0
3147	133	0
3148	133	0
3149	133	0
3150	133	0
3151	133	0
3152	133	0
3153	133	0
3154	133	0
3155	133	0
3156	134	0
3157	133	0
3158	133	0
3159	133	0
3160	134	0
3161	133	0
3162	134	0
3163	133	0
3164	133	0
3165	133	0
3166	134	0
3167	133	0
3168	134	0
3169	134	0
3170	133	0
3171	133	0
3172	133	0
3173	133	0
3174	134	0
3175	133	0
3176	133	0
3177	133	0
3178	133	0
3179	133	0
3180	133	0
3181	133	0
3182	133	0
3183	133	0
3184	133	0
3185	133	0
3186	133	0
3187	133	0
3188	133	0
3189	133	0
3190	133	0
3191	133	0
3192	134	0
3193	133	0
3194	133	0
3195	134	0
3196	133	0
3197	134	0
3198	133	0
3199	133	0
3200	133	0
3201	133	0
3202	133	0
3203	133	0
3204	133	0
3205	134	0
3206	133	0
3207	133	0
3208	134	0
3209	133	0
3210	133	0
3211	133	0
3212	133	0
3213	134	0
3214	133	0
3215	133	0
3216	134	0
3217	134	0
3218	134	0
3219	135	0
3220	135	0
3221	137	0
3222	137	0
3223	137	0
3224	138	0
3225	139	0
3226	139	0
3227	140	0
3228	140	0
3229	141	0
3230	141	0
3231	141	0
3232	141	0
3233	142	0
3234	143	0
3235	143	0
3236	144	0
3237	143	0
3238	145	0
3239	145	0
3240	145	0
3241	145	0
3242	146	0
3243	146	0
3244	148	0
3245	149	0
3246	150	0
3247	150	0
3248	151	0
3249	151	0
3250	152	0
3251	152	0
3252	153	0
3253	153	0
3254	154	0
3255	155	0
3256	155	0
3257	156	0
3258	157	0
3259	157	0
3260	158	0
3261	158	0
3262	158	0
3263	159	0
3264	159	0
3265	159	0
3266	160	0
3267	160	0
3268	161	0
3269	161	0
3270	161	0
3271	161	0
3272	162	0
3273	162	0
3274	163	0
3275	163	0
3276	164	0
3277	164	0
3278	165	0
3279	165	0
3280	165	0
3281	165	0
3282	165	0
3283	166	0
3284	166	0
3285	166	0
3286	167	0
3287	167	0
3288	167	0
3289	168	0
3290	168	0
3291	169	0
3292	169	0
3293	169	0
3294	169	0
3295	169	0
3296	170	0
3297	170	0
3298	171	0
3299	171	0
3300	171	0
3301	172	0
3302	171	0
3303	172	0
3304	173	0
3305	172	0
3306	173	0
3307	173	0
3308	173	0
3309	174	0
3310	174	0
3311	175	0
3312	176	0
3313	176	0
3314	176	0
3315	176	0
3316	177	0
3317	177	0
3318	177	0
3319	178	0
3320	178	0
3321	179	0
3322	179	0
3323	180	0
3324	181	0
3325	181	0
3326	181	0
3327	182	0
3328	182	0
3329	183	0
3330	184	0
3331	185	0
3332	184	0
3333	185	0
3334	185	0
3335	185	0
3336	185	0
3337	185	0
3338	185	0
3339	187	0
3340	186	0
3341	186	0
3342	186	0
3343	186	0
3344	187	0
3345	187	0
3346	187	0
3347	188	0
3348	187	0
3349	189	0
3350	189	0
3351	189	0
3352	189	0
3353	189	0
3354	190	0
3355	190	0
3356	190	0
3357	190	0
3358	190	0
3359	191	0
3360	191	0
3361	191	0
3362	191	0
3363	192	0
3364	191	0
3365	191	0
3366	192	0
3367	192	0
3368	191	0
3369	191	0
3370	191	0
3371	193	0
3372	192	0
3373	192	0
3374	192	0
3375	192	0
3376	193	0
3377	193	0
3378	193	0
3379	193	0
3380	193	0
3381	193	0
3382	194	0
3383	195	0
3384	195	0
3385	195	0
3386	195	0
3387	197	0
3388	197	0
3389	197	0
3390	197	0
3391	198	0
3392	199	0
3393	201	0
3394	201	0
3395	201	0
3396	201	0
3397	203	0
3398	203	0
3399	204	0
3400	205	0
3401	206	0
3402	206	0
3403	207	0
3404	208	0
3405	209	0
3406	209	0
3407	210	0
3408	211	0
3409	211	0
3410	211	0
3411	212	0
3412	213	0
3413	214	0
3414	214	0
3415	215	0
3416	215	0
3417	217	0
3418	216	0
3419	216	0
3420	215	0
3421	217	0
3422	215	0
3423	216	0
3424	216	0
3425	216	0
3426	216	0
3427	216	0
3428	216	0
3429	215	0
3430	216	0
3431	216	0
3432	216	0
3433	216	0
3434	216	0
3435	216	0
3436	216	0
3437	215	0
3438	217	0
3439	216	0
3440	216	0
3441	215	0
3442	215	0
3443	216	0
3444	216	0
3445	216	0
3446	215	0
3447	216	0
3448	216	0
3449	215	0
3450	216	0
3451	216	0
3452	216	0
3453	215	0
3454	216	0
3455	216	0
3456	216	0
3457	216	0
3458	216	0
3459	216	0
3460	216	0
3461	216	0
3462	216	0
3463	215	0
3464	216	0
3465	217	0
3466	216	0
3467	216	0
3468	216	0
3469	216	0
3470	216	0
3471	216	0
3472	216	0
3473	216	0
3474	216	0
3475	215	0
3476	216	0
3477	216	0
3478	215	0
3479	216	0
3480	216	0
3481	216	0
3482	215	0
3483	215	0
3484	216	0
3485	216	0
3486	215	0
3487	216	0
3488	216	0
3489	216	0
3490	216	0
3491	216	0
3492	216	0
3493	216	0
3494	215	0
3495	216	0
3496	216	0
3497	216	0
3498	215	0
3499	215	0
3500	216	0
3501	216	0
3502	216	0
3503	216	0
3504	216	0
3505	216	0
3506	216	0
3507	216	0
3508	216	0
3509	215	0
3510	216	0
3511	216	0
3512	215	0
3513	216	0
3514	216	0
3515	215	0
3516	215	0
3517	216	0
3518	215	0
3519	215	0
3520	216	0
3521	216	0
3522	216	0
3523	215	0
3524	216	0
3525	215	0
3526	216	0
3527	216	0
3528	216	0
3529	215	0
3530	216	0
3531	217	0
3532	215	0
3533	215	0
3534	216	0
3535	216	0
3536	216	0
3537	215	0
3538	216	0
3539	216	0
3540	215	0
3541	216	0
3542	216	0
3543	215	0
3544	216	0
3545	217	0
3546	215	0
3547	216	0
3548	216	0
3549	215	0
3550	216	0
3551	216	0
3552	215	0
3553	216	0
3554	216	0
3555	216	0
3556	216	0
3557	216	0
3558	216	0
3559	215	0
3560	216	0
3561	216	0
3562	216	0
3563	215	0
3564	216	0
3565	216	0
3566	215	0
3567	216	0
3568	215	0
3569	216	0
3570	216	0
3571	216	0
3572	215	0
3573	216	0
3574	216	0
3575	216	0
3576	215	0
3577	217	0
3578	216	0
3579	216	0
3580	215	0
3581	216	0
3582	216	0
3583	216	0
3584	216	0
3585	216	0
3586	216	0
3587	216	0
3588	216	0
3589	216	0
3590	216	0
3591	215	0
3592	216	0
3593	216	0
3594	215	0
3595	216	0
3596	216	0
3597	216	0
3598	216	0
3599	215	0
3600	216	0
3601	216	0
3602	215	0
3603	216	0
3604	216	0
3605	216	0
3606	215	0
3607	216	0
3608	216	0
3609	217	0
3610	216	0
3611	215	0
3612	215	0
3613	216	0
3614	216	0
3615	216	0
3616	216	0
3617	216	0
3618	215	0
3619	217	0
3620	215	0
3621	216	0
3622	215	0
3623	216	0
3624	217	0
3625	216	0
3626	215	0
3627	216	0
3628	216	0
3629	216	0
3630	216	0
3631	216	0
3632	215	0
3633	215	0
3634	216	0
3635	215	0
3636	216	0
3637	216	0
3638	216	0
3639	215	0
3640	215	0
3641	216	0
3642	216	0
3643	216	0
3644	216	0
3645	215	0
3646	215	0
3647	216	0
3648	216	0
3649	216	0
3650	216	0
3651	215	0
3652	215	0
3653	216	0
3654	216	0
3655	216	0
3656	217	0
3657	216	0
3658	216	0
3659	217	0
3660	217	0
3661	217	0
3662	216	0
3663	216	0
3664	217	0
3665	215	0
3666	216	0
3667	216	0
3668	216	0
3669	216	0
3670	216	0
3671	216	0
3672	216	0
3673	216	0
3674	215	0
3675	216	0
3676	217	0
3677	215	0
3678	215	0
3679	216	0
3680	215	0
3681	216	0
3682	217	0
3683	216	0
3684	215	0
3685	216	0
3686	216	0
3687	217	0
3688	216	0
3689	217	0
3690	216	0
3691	216	0
3692	217	0
3693	215	0
3694	216	0
3695	216	0
3696	216	0
3697	216	0
3698	217	0
3699	217	0
3700	216	0
3701	217	0
3702	215	0
3703	215	0
3704	215	0
3705	216	0
3706	216	0
3707	216	0
3708	215	0
3709	215	0
3710	216	0
3711	216	0
3712	216	0
3713	216	0
3714	216	0
3715	215	0
3716	216	0
3717	216	0
3718	216	0
3719	216	0
3720	216	0
3721	216	0
3722	216	0
3723	217	0
3724	217	0
3725	216	0
3726	216	0
3727	216	0
3728	216	0
3729	216	0
3730	216	0
3731	216	0
3732	215	0
3733	217	0
3734	216	0
3735	215	0
3736	216	0
3737	216	0
3738	216	0
3739	216	0
3740	215	0
3741	216	0
3742	217	0
3743	216	0
3744	216	0
3745	216	0
3746	216	0
3747	215	0
3748	216	0
3749	216	0
3750	216	0
3751	216	0
3752	216	0
3753	216	0
3754	216	0
3755	215	0
3756	216	0
3757	216	0
3758	216	0
3759	215	0
3760	216	0
3761	215	0
3762	215	0
3763	215	0
3764	216	0
3765	215	0
3766	216	0
3767	216	0
3768	216	0
3769	216	0
3770	216	0
3771	216	0
3772	215	0
3773	216	0
3774	215	0
3775	217	0
3776	216	0
3777	216	0
3778	216	0
3779	216	0
3780	216	0
3781	216	0
3782	216	0
3783	216	0
3784	216	0
3785	216	0
3786	216	0
3787	216	0
3788	216	0
3789	216	0
3790	217	0
3791	216	0
3792	216	0
3793	216	0
3794	216	0
3795	215	0
3796	216	0
3797	217	0
3798	215	0
3799	216	0
3800	217	0
3801	216	0
3802	215	0
3803	216	0
3804	216	0
3805	215	0
3806	216	0
3807	216	0
3808	216	0
3809	216	0
3810	215	0
3811	215	0
3812	217	0
3813	216	0
3814	216	0
3815	216	0
3816	216	0
3817	216	0
3818	216	0
3819	216	0
3820	215	0
3821	216	0
3822	216	0
3823	216	0
3824	216	0
3825	216	0
3826	217	0
3827	216	0
3828	216	0
3829	216	0
3830	216	0
3831	216	0
3832	216	0
3833	215	0
3834	215	0
3835	216	0
3836	216	0
3837	216	0
3838	216	0
3839	217	0
3840	217	0
3841	216	0
3842	216	0
3843	216	0
3844	215	0
3845	216	0
3846	217	0
3847	216	0
3848	215	0
3849	216	0
3850	216	0
3851	216	0
3852	216	0
3853	216	0
3854	216	0
3855	216	0
3856	216	0
3857	215	0
3858	216	0
3859	216	0
3860	216	0
3861	216	0
3862	216	0
3863	216	0
3864	215	0
3865	217	0
3866	216	0
3867	216	0
3868	216	0
3869	216	0
3870	216	0
3871	216	0
3872	215	0
3873	216	0
3874	216	0
3875	215	0
3876	215	0
3877	216	0
3878	215	0
3879	217	0
3880	215	0
3881	216	0
3882	215	0
3883	216	0
3884	216	0
3885	215	0
3886	216	0
3887	216	0
3888	215	0
3889	216	0
3890	216	0
3891	216	0
3892	215	0
3893	216	0
3894	216	0
3895	216	0
3896	215	0
3897	216	0
3898	215	0
3899	216	0
3900	216	0
3901	216	0
3902	216	0
3903	216	0
3904	216	0
3905	215	0
3906	216	0
3907	216	0
3908	216	0
3909	216	0
3910	216	0
3911	215	0
3912	216	0
3913	217	0
3914	216	0
3915	216	0
3916	215	0
3917	216	0
3918	216	0
3919	215	0
3920	217	0
3921	216	0
3922	216	0
3923	216	0
3924	216	0
3925	217	0
3926	215	0
3927	216	0
3928	215	0
3929	216	0
3930	215	0
3931	216	0
3932	216	0
3933	216	0
3934	216	0
3935	216	0
3936	215	0
3937	215	0
3938	217	0
3939	217	0
3940	216	0
3941	216	0
3942	216	0
3943	215	0
3944	215	0
3945	215	0
3946	216	0
3947	216	0
3948	216	0
3949	217	0
3950	216	0
3951	216	0
3952	216	0
3953	216	0
3954	216	0
3955	216	0
3956	216	0
3957	216	0
3958	216	0
3959	217	0
3960	216	0
3961	215	0
3962	216	0
3963	216	0
3964	216	0
3965	216	0
3966	216	0
3967	216	0
3968	216	0
3969	216	0
3970	216	0
3971	216	0
3972	216	0
3973	216	0
3974	216	0
3975	216	0
3976	216	0
3977	216	0
3978	216	0
3979	216	0
3980	216	0
3981	216	0
3982	217	0
3983	215	0
3984	216	0
3985	215	0
3986	215	0
3987	216	0
3988	215	0
3989	216	0
3990	216	0
3991	216	0
3992	216	0
3993	216	0
3994	215	0
3995	216	0
3996	216	0
3997	216	0
3998	215	0
3999	217	0
4000	216	0
4001	217	0
4002	216	0
4003	216	0
4004	216	0
4005	216	0
4006	215	0
4007	216	0
4008	216	0
4009	216	0
4010	217	0
4011	215	0
4012	216	0
4013	216	0
4014	216	0
4015	216	0
4016	217	0
4017	216	0
4018	216	0
4019	215	0
4020	216	0
4021	216	0
4022	216	0
4023	216	0
4024	215	0
4025	216	0
4026	217	0
4027	215	0
4028	215	0
4029	217	0
4030	216	0
4031	216	0
4032	217	0
4033	215	0
4034	215	0
4035	216	0
4036	216	0
4037	216	0
4038	216	0
4039	215	0
4040	217	0
4041	216	0
4042	216	0
4043	216	0
4044	216	0
4045	217	0
4046	215	0
4047	215	0
4048	216	0
4049	216	0
4050	216	0
4051	216	0
4052	216	0
4053	217	0
4054	216	0
4055	216	0
4056	215	0
4057	215	0
4058	217	0
4059	217	0
4060	216	0
4061	215	0
4062	216	0
4063	216	0
4064	216	0
4065	216	0
4066	215	0
4067	216	0
4068	216	0
4069	216	0
4070	216	0
4071	216	0
4072	216	0
4073	216	0
4074	216	0
4075	216	0
4076	216	0
4077	216	0
4078	217	0
4079	216	0
4080	215	0
4081	216	0
4082	216	0
4083	216	0
4084	216	0
4085	216	0
4086	216	0
4087	216	0
4088	217	0
4089	216	0
4090	216	0
4091	215	0
4092	216	0
4093	215	0
4094	216	0
4095	215	0
4096	216	0
4097	215	0
4098	217	0
4099	215	0
4100	216	0
4101	216	0
4102	216	0
4103	216	0
4104	216	0
4105	216	0
4106	216	0
4107	216	0
4108	216	0
4109	216	0
4110	216	0
4111	216	0
4112	216	0
4113	216	0
4114	216	0
4115	215	0
4116	216	0
4117	216	0
4118	216	0
4119	215	0
4120	216	0
4121	215	0
4122	216	0
4123	216	0
4124	216	0
4125	215	0
4126	216	0
4127	215	0
4128	216	0
4129	215	0
4130	216	0
4131	216	0
4132	216	0
4133	216	0
4134	216	0
4135	216	0
4136	217	0
4137	217	0
4138	216	0
4139	216	0
4140	216	0
4141	217	0
4142	215	0
4143	216	0
4144	216	0
4145	215	0
4146	217	0
4147	215	0
4148	216	0
4149	216	0
4150	216	0
4151	215	0
4152	215	0
4153	216	0
4154	215	0
4155	215	0
4156	215	0
4157	216	0
4158	216	0
4159	216	0
4160	216	0
4161	216	0
4162	215	0
4163	217	0
4164	216	0
4165	217	0
4166	217	0
4167	216	0
4168	216	0
4169	216	0
4170	216	0
4171	216	0
4172	216	0
4173	215	0
4174	216	0
4175	216	0
4176	216	0
4177	215	0
4178	216	0
4179	216	0
4180	215	0
4181	216	0
4182	216	0
4183	216	0
4184	215	0
4185	216	0
4186	216	0
4187	216	0
4188	216	0
4189	216	0
4190	216	0
4191	216	0
4192	215	0
4193	216	0
4194	216	0
4195	216	0
4196	216	0
4197	215	0
4198	215	0
4199	215	0
4200	215	0
4201	216	0
4202	216	0
4203	215	0
4204	216	0
4205	217	0
4206	216	0
4207	216	0
4208	216	0
4209	217	0
4210	216	0
4211	215	0
4212	215	0
4213	217	0
4214	216	0
4215	216	0
4216	216	0
4217	216	0
4218	216	0
4219	216	0
4220	216	0
4221	216	0
4222	216	0
4223	216	0
4224	216	0
4225	217	0
4226	215	0
4227	216	0
4228	216	0
4229	216	0
4230	217	0
4231	215	0
4232	216	0
4233	216	0
4234	216	0
4235	216	0
4236	216	0
4237	216	0
4238	216	0
4239	215	0
4240	215	0
4241	216	0
4242	216	0
4243	216	0
4244	215	0
4245	216	0
4246	217	0
4247	216	0
4248	215	0
4249	215	0
4250	215	0
4251	215	0
4252	216	0
4253	216	0
4254	215	0
4255	215	0
4256	216	0
4257	216	0
4258	215	0
4259	215	0
4260	216	0
4261	217	0
4262	216	0
4263	217	0
4264	217	0
4265	216	0
4266	215	0
4267	217	0
4268	216	0
4269	215	0
4270	216	0
4271	217	0
4272	216	0
4273	217	0
4274	215	0
4275	216	0
4276	216	0
4277	215	0
4278	217	0
4279	217	0
4280	216	0
4281	216	0
4282	216	0
4283	215	0
4284	216	0
4285	216	0
4286	216	0
4287	216	0
4288	216	0
4289	215	0
4290	215	0
4291	216	0
4292	215	0
4293	216	0
4294	217	0
4295	216	0
4296	215	0
4297	215	0
4298	215	0
4299	216	0
4300	215	0
4301	216	0
4302	216	0
4303	216	0
4304	216	0
4305	217	0
4306	216	0
4307	216	0
4308	215	0
4309	215	0
4310	216	0
4311	216	0
4312	217	0
4313	216	0
4314	216	0
4315	216	0
4316	216	0
4317	215	0
4318	215	0
4319	216	0
4320	215	0
4321	216	0
4322	216	0
4323	216	0
4324	217	0
4325	215	0
4326	215	0
4327	216	0
4328	215	0
4329	216	0
4330	217	0
4331	216	0
4332	215	0
4333	217	0
4334	215	0
4335	216	0
4336	216	0
4337	216	0
4338	216	0
4339	215	0
4340	215	0
4341	216	0
4342	215	0
4343	216	0
4344	216	0
4345	216	0
4346	216	0
4347	217	0
4348	216	0
4349	215	0
4350	216	0
4351	216	0
4352	216	0
4353	216	0
4354	216	0
4355	216	0
4356	217	0
4357	216	0
4358	216	0
4359	216	0
4360	217	0
4361	215	0
4362	216	0
4363	216	0
4364	216	0
4365	217	0
4366	215	0
4367	216	0
4368	216	0
4369	217	0
4370	216	0
4371	216	0
4372	217	0
4373	215	0
4374	215	0
4375	215	0
4376	216	0
4377	216	0
4378	216	0
4379	216	0
4380	215	0
4381	215	0
4382	216	0
4383	216	0
4384	216	0
4385	216	0
4386	216	0
4387	216	0
4388	216	0
4389	216	0
4390	216	0
4391	215	0
4392	216	0
4393	216	0
4394	215	0
4395	216	0
4396	217	0
4397	216	0
4398	216	0
4399	216	0
4400	216	0
4401	215	0
4402	216	0
4403	216	0
4404	215	0
4405	216	0
4406	215	0
4407	216	0
4408	216	0
4409	215	0
4410	216	0
4411	216	0
4412	216	0
4413	215	0
4414	215	0
4415	216	0
4416	216	0
4417	216	0
4418	215	0
4419	216	0
4420	216	0
4421	215	0
4422	215	0
4423	216	0
4424	216	0
4425	216	0
4426	215	0
4427	216	0
4428	215	0
4429	215	0
4430	216	0
4431	215	0
4432	217	0
4433	216	0
4434	216	0
4435	215	0
4436	216	0
4437	215	0
4438	216	0
4439	216	0
4440	215	0
4441	215	0
4442	215	0
4443	216	0
4444	217	0
4445	216	0
4446	216	0
4447	216	0
4448	216	0
4449	216	0
4450	216	0
4451	215	0
4452	215	0
4453	216	0
4454	215	0
4455	217	0
4456	216	0
4457	216	0
4458	216	0
4459	216	0
4460	215	0
4461	216	0
4462	217	0
4463	217	0
4464	215	0
4465	215	0
4466	216	0
4467	216	0
4468	216	0
4469	216	0
4470	217	0
4471	216	0
4472	217	0
4473	216	0
4474	216	0
4475	216	0
4476	216	0
4477	216	0
4478	216	0
4479	217	0
4480	215	0
4481	216	0
4482	216	0
4483	217	0
4484	217	0
4485	217	0
4486	216	0
4487	216	0
4488	216	0
4489	215	0
4490	216	0
4491	216	0
4492	216	0
4493	216	0
4494	216	0
4495	216	0
4496	216	0
4497	215	0
4498	215	0
4499	215	0
4500	216	0
4501	215	0
4502	216	0
4503	216	0
4504	216	0
4505	216	0
4506	215	0
4507	215	0
4508	217	0
4509	216	0
4510	216	0
4511	217	0
4512	215	0
4513	216	0
4514	216	0
4515	216	0
4516	216	0
4517	215	0
4518	216	0
4519	216	0
4520	215	0
4521	215	0
4522	215	0
4523	216	0
4524	215	0
4525	216	0
4526	216	0
4527	216	0
4528	216	0
4529	216	0
4530	216	0
4531	217	0
4532	216	0
4533	216	0
4534	215	0
4535	215	0
4536	217	0
4537	215	0
4538	215	0
4539	216	0
4540	215	0
4541	215	0
4542	215	0
4543	215	0
4544	215	0
4545	214	0
4546	213	0
4547	213	0
4548	212	0
4549	212	0
4550	212	0
4551	211	0
4552	211	0
4553	211	0
4554	210	0
4555	210	0
4556	210	0
4557	209	0
4558	209	0
4559	209	0
4560	209	0
4561	208	0
4562	208	0
4563	207	0
4564	207	0
4565	207	0
4566	207	0
4567	207	0
4568	206	0
4569	206	0
4570	205	0
4571	205	0
4572	205	0
4573	205	0
4574	203	0
4575	203	0
4576	203	0
4577	202	0
4578	202	0
4579	201	0
4580	201	0
4581	201	0
4582	200	0
4583	199	0
4584	199	0
4585	197	0
4586	197	0
4587	197	0
4588	197	0
4589	196	0
4590	195	0
4591	194	0
4592	193	0
4593	192	0
4594	193	0
4595	192	0
4596	191	0
4597	190	0
4598	189	0
4599	189	0
4600	188	0
4601	187	0
4602	187	0
4603	185	0
4604	185	0
4605	184	0
4606	183	0
4607	181	0
4608	181	0
4609	179	0
4610	178	0
4611	177	0
4612	177	0
4613	177	0
4614	175	0
4615	173	0
4616	173	0
4617	172	0
4618	171	0
4619	170	0
4620	169	0
4621	167	0
4622	166	0
4623	165	0
4624	163	0
4625	162	0
4626	161	0
4627	161	0
4628	159	0
4629	158	0
4630	157	0
4631	156	0
4632	154	0
4633	153	0
4634	152	0
4635	151	0
4636	151	0
4637	149	0
4638	146	0
4639	145	0
4640	145	0
4641	145	0
4642	143	0
4643	141	0
4644	140	0
4645	139	0
4646	137	0
4647	136	0
4648	134	0
4649	133	0
4650	134	0
4651	133	0
4652	134	0
4653	133	0
4654	133	0
4655	133	0
4656	134	0
4657	133	0
4658	134	0
4659	133	0
4660	133	0
4661	133	0
4662	133	0
4663	133	0
4664	134	0
4665	134	0
4666	134	0
4667	133	0
4668	133	0
4669	133	0
4670	133	0
4671	133	0
4672	134	0
4673	133	0
4674	134	0
4675	133	0
4676	133	0
4677	133	0
4678	133	0
4679	133	0
4680	133	0
4681	133	0
4682	133	0
4683	133	0
4684	135	0
4685	133	0
4686	133	0
4687	134	0
4688	133	0
4689	133	0
4690	133	0
4691	133	0
4692	133	0
4693	133	0
4694	133	0
4695	133	0
4696	133	0
4697	133	0
4698	133	0
4699	134	0
4700	134	0
4701	133	0
4702	134	0
4703	133	0
4704	133	0
4705	133	0
4706	133	0
4707	133	0
4708	133	0
4709	133	0
4710	133	0
4711	133	0
4712	133	0
4713	133	0
4714	133	0
4715	133	0
4716	133	0
4717	133	0
4718	133	0
4719	133	0
4720	134	0
4721	133	0
4722	133	0
4723	133	0
4724	133	0
4725	133	0
4726	133	0
4727	133	0
4728	133	0
4729	133	0
4730	133	0
4731	133	0
4732	133	0
4733	133	0
4734	133	0
4735	133	0
4736	133	0
4737	133	0
4738	133	0
4739	133	0
4740	134	0
4741	133	0
4742	133	0
4743	134	0
4744	133	0
4745	133	0
4746	133	0
4747	133	0
4748	133	0
4749	133	0
4750	133	0
4751	133	0
4752	133	0
4753	133	0
4754	133	0
4755	133	0
4756	133	0
4757	133	0
4758	133	0
4759	134	0
4760	133	0
4761	133	0
4762	133	0
4763	134	0
4764	133	0
4765	133	0
4766	133	0
4767	133	0
4768	133	0
4769	133	0
4770	133	0
4771	133	0
4772	133	0
4773	133	0
4774	133	0
4775	133	0
4776	133	0
4777	134	0
4778	133	0
4779	133	0
4780	133	0
4781	133	0
4782	134	0
4783	133	0
4784	133	0
4785	134	0
4786	133	0
4787	134	0
4788	133	0
4789	133	0
4790	133	0
4791	134	0
4792	133	0
4793	133	0
4794	133	0
4795	133	0
4796	133	0
4797	133	0
4798	133	0
4799	134	0
4800	133	0
4801	134	0
4802	133	0
4803	133	0
4804	133	0
4805	133	0
4806	133	0
4807	133	0
4808	133	0
4809	133	0
4810	133	0
4811	133	0
4812	134	0
4813	133	0
4814	133	0
4815	133	0
4816	133	0
4817	133	0
4818	133	0
4819	133	0
4820	133	0
4821	134	0
4822	133	0
4823	133	0
4824	133	0
4825	133	0
4826	133	0
4827	133	0
4828	133	0
4829	133	0
4830	133	0
4831	133	0
4832	133	0
4833	133	0
4834	133	0
4835	133	0
4836	133	0
4837	133	0
4838	133	0
4839	134	0
4840	133	0
4841	133	0
4842	133	0
4843	133	0
4844	133	0
4845	133	0
4846	133	0
4847	133	0
4848	133	0
4849	133	0
4850	134	0
4851	133	0
4852	133	0
4853	134	0
4854	133	0
4855	133	0
4856	133	0
4857	134	0
4858	133	0
4859	133	0
4860	133	0
4861	133	0
4862	133	0
4863	133	0
4864	133	0
4865	133	0
4866	133	0
4867	133	0
4868	133	0
4869	133	0
4870	133	0
4871	133	0
4872	134	0
4873	133	0
4874	133	0
4875	134	0
4876	133	0
4877	133	0
4878	134	0
4879	133	0
4880	133	0
4881	133	0
4882	134	0
4883	133	0
4884	133	0
4885	133	0
4886	133	0
4887	133	0
4888	133	0
4889	133	0
4890	130	0
4891	128	0
4892	125	0
4893	123	0
4894	121	0
4895	119	0
4896	117	0
4897	115	0
4898	113	0
4899	109	0
4900	106	0
4901	103	0
4902	100	0
4903	97	0
4904	93	0
4905	90	0
4906	85	0
4907	81	0
4908	77	0
4909	73	0
4910	69	0
4911	64	0
4912	61	0
4913	55	0
4914	53	0
4915	52	0
4916	53	0
4917	53	0
4918	52	0
4919	52	0
4920	53	0
4921	52	0
4922	53	0
4923	53	0
4924	53	0
4925	53	0
4926	53	0
4927	53	0
4928	53	0
4929	53	0
4930	53	0
4931	53	0
4932	53	0
4933	53	0
4934	53	0
4935	53	0
4936	53	0
4937	53	0
4938	53	0
4939	53	0
4940	53	0
4941	53	0
4942	53	0
4943	53	0
4944	53	0
4945	53	0
4946	53	0
4947	53	0
4948	53	0
4949	53	0
4950	53	0
4951	53	0
4952	53	0
4953	53	0
4954	52	0
4955	52	0
4956	53	0
4957	52	0
4958	53	0
4959	53	0
4960	53	0
4961	52	0
4962	53	0
4963	53	0
4964	53	0
4965	53	0
4966	53	0
4967	53	0
4968	53	0
4969	53	0
4970	52	0
4971	53	0
4972	52	0
4973	53	0
4974	53	0
4975	53	0
4976	53	0
4977	53	0
4978	53	0
4979	53	0
4980	52	0
4981	52	0
4982	52	0
4983	52	0
4984	52	0
4985	53	0
4986	53	0
4987	53	0
4988	53	0
4989	53	0
4990	53	0
4991	53	0
4992	53	0
4993	53	0
4994	53	0
4995	53	0
4996	52	0
4997	53	0
4998	53	0
4999	53	0
5000	53	0
5001	53	0
5002	53	0
5003	52	0
5004	53	0
5005	53	0
5006	52	0
5007	53	0
5008	53	0
5009	53	0
5010	53	0
5011	52	0
5012	53	0
5013	53	0
5014	53	0
5015	52	0
5016	53	0
5017	53	0
5018	53	0
5019	53	0
5020	53	0
5021	53	0
5022	53	0
5023	52	0
5024	53	0
5025	53	0
5026	53	0
5027	53	0
5028	53	0
5029	52	0
5030	53	0
5031	53	0
5032	53	0
5033	53	0
5034	53	0
5035	53	0
5036	53	0
5037	53	0
5038	53	0
5039	53	0
5040	53	0
5041	53	0
5042	53	0
5043	53	0
5044	53	0
5045	52	0
5046	53	0
5047	55	0
5048	57	0
5049	61	0
5050	65	0
5051	66	0
5052	70	0
5053	73	0
5054	75	0
5055	77	0
5056	81	0
5057	83	0
5058	85	0
5059	89	0
5060	91	0
5061	94	0
5062	97	0
5063	99	0
5064	102	0
5065	104	0
5066	106	0
5067	109	0
5068	111	0
5069	114	0
5070	117	0
5071	117	0
5072	121	0
5073	122	0
5074	123	0
5075	125	0
5076	127	0
5077	129	0
5078	130	0
5079	132	0
5080	133	0
5081	133	0
5082	134	0
5083	133	0
5084	133	0
5085	134	0
5086	134	0
5087	133	0
5088	133	0
5089	133	0
5090	133	0
5091	134	0
5092	134	0
5093	134	0
5094	133	0
5095	133	0
5096	133	0
5097	133	0
5098	133	0
5099	133	0
5100	133	0
5101	134	0
5102	133	0
5103	133	0
5104	133	0
5105	133	0
5106	134	0
5107	133	0
5108	134	0
5109	134	0
5110	133	0
5111	133	0
5112	133	0
5113	134	0
5114	133	0
5115	133	0
5116	134	0
5117	133	0
5118	133	0
5119	133	0
5120	133	0
5121	133	0
5122	133	0
5123	133	0
5124	133	0
5125	133	0
5126	133	0
5127	133	0
5128	133	0
5129	133	0
5130	133	0
5131	133	0
5132	134	0
5133	133	0
5134	133	0
5135	134	0
5136	134	0
5137	133	0
5138	134	0
5139	133	0
5140	133	0
5141	133	0
5142	133	0
5143	133	0
5144	133	0
5145	133	0
5146	133	0
5147	133	0
5148	133	0
5149	134	0
5150	133	0
5151	134	0
5152	133	0
5153	133	0
5154	133	0
5155	133	0
5156	133	0
5157	133	0
5158	133	0
5159	133	0
5160	133	0
5161	134	0
5162	133	0
5163	133	0
5164	133	0
5165	133	0
5166	133	0
5167	134	0
5168	133	0
5169	133	0
5170	133	0
5171	133	0
5172	134	0
5173	134	0
5174	133	0
5175	133	0
5176	133	0
5177	133	0
5178	133	0
5179	133	0
5180	133	0
5181	133	0
5182	133	0
5183	133	0
5184	133	0
5185	133	0
5186	133	0
5187	133	0
5188	133	0
5189	133	0
5190	133	0
5191	133	0
5192	133	0
5193	133	0
5194	133	0
5195	133	0
5196	133	0
5197	133	0
5198	133	0
5199	133	0
5200	133	0
5201	133	0
5202	133	0
5203	133	0
5204	133	0
5205	133	0
5206	133	0
5207	134	0
5208	133	0
5209	133	0
5210	134	0
5211	133	0
5212	134	0
5213	133	0
5214	134	0
5215	133	0
5216	133	0
5217	134	0
5218	133	0
5219	134	0
5220	134	0
5221	133	0
5222	134	0
5223	133	0
5224	133	0
5225	134	0
5226	133	0
5227	134	0
5228	133	0
5229	133	0
5230	133	0
5231	133	0
5232	133	0
5233	133	0
5234	133	0
5235	133	0
5236	133	0
5237	133	0
5238	133	0
5239	133	0
5240	133	0
5241	133	0
5242	133	0
5243	133	0
5244	133	0
5245	133	0
5246	133	0
5247	133	0
5248	133	0
5249	133	0
5250	133	0
5251	133	0
5252	133	0
5253	133	0
5254	134	0
5255	133	0
5256	134	0
5257	134	0
5258	133	0
5259	133	0
5260	133	0
5261	134	0
5262	133	0
5263	133	0
5264	133	0
5265	133	0
5266	133	0
5267	133	0
5268	133	0
5269	134	0
5270	133	0
5271	133	0
5272	133	0
5273	134	0
5274	133	0
5275	133	0
5276	133	0
5277	133	0
5278	133	0
5279	133	0
5280	133	0
5281	133	0
5282	133	0
5283	133	0
5284	133	0
5285	133	0
5286	134	0
5287	133	0
5288	133	0
5289	133	0
5290	133	0
5291	133	0
5292	133	0
5293	134	0
5294	134	0
5295	133	0
5296	133	0
5297	134	0
5298	133	0
5299	134	0
5300	133	0
5301	133	0
5302	133	0
5303	133	0
5304	133	0
5305	133	0
5306	133	0
5307	133	0
5308	133	0
5309	133	0
5310	133	0
5311	133	0
5312	134	0
5313	133	0
5314	133	0
5315	134	0
5316	133	0
5317	133	0
5318	133	0
5319	133	0
5320	133	0
5321	133	0
5322	133	0
5323	133	0
5324	133	0
5325	133	0
5326	133	0
5327	134	0
5328	133	0
5329	133	0
5330	133	0
5331	134	0
5332	134	0
5333	133	0
5334	133	0
5335	133	0
5336	133	0
5337	133	0
5338	134	0
5339	133	0
5340	133	0
5341	134	0
5342	133	0
5343	133	0
5344	133	0
5345	133	0
5346	133	0
5347	133	0
5348	133	0
5349	133	0
5350	134	0
5351	134	0
5352	133	0
5353	133	0
5354	133	0
5355	133	0
5356	133	0
5357	133	0
5358	133	0
5359	133	0
5360	134	0
5361	133	0
5362	133	0
5363	133	0
5364	134	0
5365	134	0
5366	133	0
5367	134	0
5368	133	0
5369	133	0
5370	134	0
5371	134	0
5372	133	0
5373	134	0
5374	133	0
5375	133	0
5376	133	0
5377	133	0
5378	133	0
5379	133	0
5380	133	0
5381	133	0
5382	133	0
5383	133	0
5384	133	0
5385	134	0
5386	133	0
5387	133	0
5388	133	0
5389	133	0
5390	133	0
5391	133	0
5392	133	0
5393	133	0
5394	134	0
5395	133	0
5396	133	0
5397	133	0
5398	133	0
5399	133	0
5400	133	0
5401	133	0
5402	133	0
5403	133	0
5404	133	0
5405	134	0
5406	133	0
5407	133	0
5408	133	0
5409	133	0
5410	134	0
5411	133	0
5412	133	0
5413	133	0
5414	134	0
5415	133	0
5416	134	0
5417	133	0
5418	133	0
5419	134	0
5420	133	0
5421	133	0
5422	133	0
5423	133	0
5424	133	0
5425	133	0
5426	133	0
5427	133	0
5428	133	0
5429	133	0
5430	133	0
5431	133	0
5432	133	0
5433	133	0
5434	133	0
5435	134	0
5436	134	0
5437	133	0
5438	133	0
5439	133	0
5440	133	0
5441	133	0
5442	133	0
5443	133	0
5444	133	0
5445	133	0
5446	134	0
5447	133	0
5448	133	0
5449	133	0
5450	134	0
5451	133	0
5452	133	0
5453	133	0
5454	134	0
5455	134	0
5456	133	0
5457	134	0
5458	133	0
5459	133	0
5460	133	0
5461	133	0
5462	133	0
5463	133	0
5464	134	0
5465	133	0
5466	134	0
5467	133	0
5468	133	0
5469	133	0
5470	133	0
5471	134	0
5472	133	0
5473	134	0
5474	133	0
5475	133	0
5476	133	0
5477	134	0
5478	133	0
5479	133	0
5480	133	0
5481	133	0
5482	133	0
5483	133	0
5484	133	0
5485	133	0
5486	134	0
5487	133	0
5488	133	0
5489	133	0
5490	133	0
5491	133	0
5492	134	0
5493	133	0
5494	133	0
5495	133	0
5496	133	0
5497	133	0
5498	133	0
5499	133	0
5500	133	0
5501	134	0
5502	134	0
5503	134	0
5504	133	0
5505	133	0
5506	133	0
5507	133	0
5508	133	0
5509	133	0
5510	134	0
5511	133	0
5512	133	0
5513	133	0
5514	134	0
5515	133	0
5516	134	0
5517	133	0
5518	133	0
5519	133	0
5520	133	0
5521	134	0
5522	133	0
5523	133	0
5524	133	0
5525	133	0
5526	134	0
5527	134	0
5528	134	0
5529	133	0
5530	133	0
5531	133	0
5532	133	0
5533	133	0
5534	133	0
5535	134	0
5536	133	0
5537	133	0
5538	133	0
5539	133	0
5540	133	0
5541	134	0
5542	133	0
5543	133	0
5544	133	0
5545	133	0
5546	133	0
5547	134	0
5548	133	0
5549	133	0
5550	133	0
5551	134	0
5552	133	0
5553	133	0
5554	133	0
5555	133	0
5556	133	0
5557	133	0
5558	134	0
5559	133	0
5560	133	0
5561	134	0
5562	133	0
5563	133	0
5564	133	0
5565	133	0
5566	133	0
5567	134	0
5568	133	0
5569	133	0
5570	133	0
5571	133	0
5572	133	0
5573	133	0
5574	134	0
5575	133	0
5576	133	0
5577	133	0
5578	133	0
5579	133	0
5580	133	0
5581	133	0
5582	134	0
5583	133	0
5584	133	0
5585	133	0
5586	133	0
5587	133	0
5588	134	0
5589	133	0
5590	133	0
5591	133	0
5592	134	0
5593	133	0
5594	133	0
5595	133	0
5596	133	0
5597	133	0
5598	133	0
5599	133	0
5600	133	0
5601	133	0
5602	133	0
5603	133	0
5604	133	0
5605	133	0
5606	133	0
5607	133	0
5608	133	0
5609	133	0
5610	132	0
5611	131	0
5612	131	0
5613	131	0
5614	131	0
5615	131	0
5616	131	0
5617	130	0
5618	131	0
5619	129	0
5620	129	0
5621	129	0
5622	129	0
5623	129	0
5624	129	0
5625	129	0
5626	128	0
5627	128	0
5628	128	0
5629	127	0
5630	127	0
5631	127	0
5632	127	0
5633	127	0
5634	127	0
5635	125	0
5636	126	0
5637	125	0
5638	125	0
5639	126	0
5640	125	0
5641	125	0
5642	125	0
5643	125	0
5644	125	0
5645	125	0
5646	124	0
5647	124	0
5648	124	0
5649	124	0
5650	124	0
5651	123	0
5652	123	0
5653	123	0
5654	123	0
5655	123	0
5656	123	0
5657	123	0
5658	123	0
5659	122	0
5660	122	0
5661	122	0
5662	122	0
5663	123	0
5664	122	0
5665	122	0
5666	122	0
5667	123	0
5668	121	0
5669	121	0
5670	122	0
5671	121	0
5672	121	0
5673	121	0
5674	121	0
5675	121	0
5676	121	0
5677	121	0
5678	120	0
5679	119	0
5680	118	0
5681	118	0
5682	118	0
5683	117	0
5684	117	0
5685	117	0
5686	117	0
5687	117	0
5688	116	0
5689	116	0
5690	116	0
5691	116	0
5692	115	0
5693	116	0
5694	115	0
5695	115	0
5696	115	0
5697	115	0
5698	114	0
5699	115	0
5700	113	0
5701	113	0
5702	113	0
5703	112	0
5704	111	0
5705	111	0
5706	109	0
5707	109	0
5708	109	0
5709	108	0
5710	107	0
5711	107	0
5712	106	0
5713	106	0
5714	105	0
5715	105	0
5716	105	0
5717	103	0
5718	103	0
5719	102	0
5720	101	0
5721	101	0
5722	100	0
5723	99	0
5724	98	0
5725	98	0
5726	97	0
5727	97	0
5728	97	0
5729	95	0
5730	95	0
5731	95	0
5732	94	0
5733	94	0
5734	93	0
5735	93	0
5736	91	0
5737	91	0
5738	91	0
5739	89	0
5740	90	0
5741	89	0
5742	89	0
5743	88	0
5744	87	0
5745	86	0
5746	85	0
5747	85	0
5748	84	0
5749	84	0
5750	83	0
5751	83	0
5752	83	0
5753	81	0
5754	81	0
5755	81	0
5756	80	0
5757	79	0
5758	79	0
5759	79	0
5760	78	0
5761	77	0
5762	77	0
5763	77	0
5764	76	0
5765	76	0
5766	75	0
5767	75	0
5768	73	0
5769	73	0
5770	73	0
5771	72	0
5772	73	0
5773	71	0
5774	72	0
5775	72	0
5776	71	0
5777	71	0
5778	71	0
5779	70	0
5780	71	0
5781	70	0
5782	71	0
5783	70	0
5784	71	0
5785	70	0
5786	70	0
5787	70	0
5788	70	0
5789	70	0
5790	69	0
5791	70	0
5792	70	0
5793	70	0
5794	70	0
5795	70	0
5796	70	0
5797	70	0
5798	70	0
5799	70	0
5800	69	0
5801	70	0
5802	70	0
5803	70	0
5804	70	0
5805	70	0
5806	70	0
5807	70	0
5808	69	0
5809	70	0
5810	70	0
5811	70	0
5812	70	0
5813	69	0
5814	70	0
5815	70	0
5816	70	0
5817	70	0
5818	69	0
5819	70	0
5820	70	0
5821	70	0
5822	70	0
5823	70	0
5824	70	0
5825	70	0
5826	70	0
5827	70	0
5828	70	0
5829	70	0
5830	70	0
5831	70	0
5832	70	0
5833	70	0
5834	70	0
5835	70	0
5836	70	0
5837	70	0
5838	70	0
5839	70	0
5840	70	0
5841	70	0
5842	70	0
5843	70	0
5844	69	0
5845	70	0
5846	70	0
5847	69	0
5848	70	0
5849	70	0
5850	70	0
5851	70	0
5852	70	0
5853	69	0
5854	70	0
5855	69	0
5856	70	0
5857	69	0
5858	69	0
5859	69	0
5860	69	0
5861	69	0
5862	69	0
5863	69	0
5864	69	0
5865	67	0
5866	67	0
5867	67	0
5868	66	0
5869	65	0
5870	65	0
5871	64	0
5872	63	0
5873	63	0
5874	63	0
5875	62	0
5876	61	0
5877	61	0
5878	61	0
5879	60	0
5880	59	0
5881	58	0
5882	57	0
5883	57	0
5884	57	0
5885	57	0
5886	57	0
5887	55	0
5888	55	0
5889	55	0
5890	55	0
5891	55	0
5892	54	0
5893	54	0
5894	54	0
5895	54	0
5896	54	0
5897	53	0
5898	53	0
5899	53	0
5900	53	0
5901	52	0
5902	53	0
5903	53	0
5904	53	0
5905	53	0
5906	53	0
5907	53	0
5908	53	0
5909	53	0
5910	53	0
5911	53	0
5912	53	0
5913	53	0
5914	53	0
5915	53	0
5916	52	0
5917	53	0
5918	53	0
5919	53	0
5920	53	0
5921	53	0
5922	53	0
5923	53	0
5924	53	0
5925	53	0
5926	53	0
5927	52	0
5928	53	0
5929	53	0
5930	53	0
5931	53	0
5932	53	0
5933	53	0
5934	53	0
5935	52	0
5936	53	0
5937	52	0
5938	53	0
5939	53	0
5940	53	0
5941	53	0
5942	52	0
5943	53	0
5944	53	0
5945	53	0
5946	53	0
5947	52	0
5948	53	0
5949	53	0
5950	53	0
5951	53	0
5952	52	0
5953	53	0
5954	53	0
5955	53	0
5956	53	0
5957	53	0
5958	53	0
5959	53	0
5960	53	0
5961	53	0
5962	53	0
5963	53	0
5964	53	0
5965	53	0
5966	53	0
5967	53	0
5968	53	0
5969	53	0
5970	53	0
5971	53	0
5972	53	0
5973	53	0
5974	53	0
5975	53	0
5976	53	0
5977	53	0
5978	53	0
5979	53	0
5980	53	0
5981	53	0
5982	53	0
5983	53	0
5984	53	0
5985	53	0
5986	53	0
5987	53	0
5988	53	0
5989	53	0
5990	52	0
5991	53	0
5992	53	0
5993	53	0
5994	53	0
5995	53	0
5996	53	0
5997	53	0
5998	53	0
5999	52	0
6000	52	0
6001	53	0
6002	52	0
6003	53	0
6004	53	0
6005	53	0
6006	53	0
6007	52	0
6008	53	0
6009	53	0
6010	53	0
6011	53	0
6012	53	0
6013	53	0
6014	53	0
6015	52	0
6016	53	0
6017	53	0
6018	53	0
6019	53	0
6020	53	0
6021	53	0
6022	53	0
6023	53	0
6024	53	0
6025	53	0
6026	53	0
6027	53	0
6028	52	0
6029	52	0
6030	53	0
6031	53	0
6032	53	0
6033	53	0
6034	53	0
6035	53	0
6036	53	0
6037	52	0
6038	53	0
6039	53	0
6040	52	0
6041	53	0
6042	53	0
6043	53	0
6044	52	0
6045	53	0
6046	53	0
6047	53	0
6048	53	0
6049	53	0
6050	53	0
6051	53	0
6052	53	0
6053	53	0
6054	53	0
6055	53	0
6056	53	0
6057	53	0
6058	53	0
6059	53	0
6060	53	0
6061	53	0
6062	52	0
6063	53	0
6064	53	0
6065	53	0
6066	53	0
6067	53	0
6068	52	0
6069	53	0
6070	53	0
6071	53	0
6072	53	0
6073	53	0
6074	53	0
6075	53	0
6076	53	0
6077	53	0
6078	53	0
6079	53	0
6080	53	0
6081	53	0
6082	53	0
6083	53	0
6084	53	0
6085	53	0
6086	52	0
6087	53	0
6088	52	0
6089	53	0
6090	53	0
6091	53	0
6092	52	0
6093	53	0
6094	53	0
6095	53	0
6096	53	0
6097	53	0
6098	53	0
6099	53	0
6100	53	0
6101	53	0
6102	53	0
6103	53	0
6104	52	0
6105	52	0
6106	53	0
6107	53	0
6108	53	0
6109	53	0
6110	53	0
6111	52	0
6112	52	0
6113	52	0
6114	53	0
6115	53	0
6116	53	0
6117	53	0
6118	52	0
6119	53	0
6120	53	0
6121	53	0
6122	52	0
6123	52	0
6124	53	0
6125	53	0
6126	53	0
6127	53	0
6128	53	0
6129	53	0
6130	53	0
6131	52	0
6132	53	0
6133	52	0
6134	53	0
6135	53	0
6136	53	0
6137	53	0
6138	53	0
6139	53	0
6140	53	0
6141	53	0
6142	53	0
6143	53	0
6144	53	0
6145	53	0
6146	52	0
6147	53	0
6148	53	0
6149	53	0
6150	53	0
6151	53	0
6152	53	0
6153	53	0
6154	53	0
6155	52	0
6156	53	0
6157	53	0
6158	53	0
6159	53	0
6160	52	0
6161	53	0
6162	53	0
6163	53	0
6164	53	0
6165	53	0
6166	53	0
6167	53	0
6168	53	0
6169	53	0
6170	53	0
6171	53	0
6172	53	0
6173	53	0
6174	53	0
6175	53	0
6176	53	0
6177	53	0
6178	53	0
6179	53	0
6180	53	0
6181	53	0
6182	53	0
6183	53	0
6184	52	0
6185	52	0
6186	53	0
6187	52	0
6188	53	0
6189	53	0
6190	53	0
6191	52	0
6192	53	0
6193	52	0
6194	53	0
6195	53	0
6196	52	0
6197	53	0
6198	53	0
6199	53	0
6200	52	0
6201	53	0
6202	53	0
6203	52	0
6204	53	0
6205	53	0
6206	53	0
6207	53	0
6208	53	0
6209	53	0
6210	53	0
6211	53	0
6212	53	0
6213	53	0
6214	53	0
6215	53	0
6216	53	0
6217	52	0
6218	53	0
6219	53	0
6220	53	0
6221	53	0
6222	53	0
6223	53	0
6224	53	0
6225	53	0
6226	52	0
6227	53	0
6228	53	0
6229	53	0
6230	52	0
6231	53	0
6232	53	0
6233	53	0
6234	53	0
6235	52	0
6236	53	0
6237	53	0
6238	53	0
6239	53	0
6240	53	0
6241	53	0
6242	53	0
6243	53	0
6244	53	0
6245	53	0
6246	53	0
6247	53	0
6248	52	0
6249	53	0
6250	53	0
6251	53	0
6252	53	0
6253	52	0
6254	53	0
6255	53	0
6256	53	0
6257	53	0
6258	53	0
6259	53	0
6260	53	0
6261	53	0
6262	53	0
6263	53	0
6264	52	0
6265	53	0
6266	53	0
6267	53	0
6268	53	0
6269	53	0
6270	53	0
6271	53	0
6272	53	0
6273	52	0
6274	53	0
6275	53	0
6276	53	0
6277	53	0
6278	53	0
6279	53	0
6280	52	0
6281	53	0
6282	52	0
6283	53	0
6284	53	0
6285	53	0
6286	53	0
6287	53	0
6288	52	0
6289	52	0
6290	53	0
6291	53	0
6292	53	0
6293	53	0
6294	53	0
6295	52	0
6296	53	0
6297	53	0
6298	53	0
6299	53	0
6300	53	0
6301	53	0
6302	53	0
6303	53	0
6304	53	0
6305	53	0
6306	52	0
6307	53	0
6308	53	0
6309	52	0
6310	53	0
6311	53	0
6312	53	0
6313	53	0
6314	53	0
6315	52	0
6316	53	0
6317	52	0
6318	52	0
6319	53	0
6320	53	0
6321	53	0
6322	53	0
6323	53	0
6324	53	0
6325	53	0
6326	53	0
6327	52	0
6328	52	0
6329	53	0
6330	53	0
6331	53	0
6332	53	0
6333	53	0
6334	53	0
6335	53	0
6336	53	0
6337	53	0
6338	53	0
6339	53	0
6340	53	0
6341	53	0
6342	53	0
6343	53	0
6344	53	0
6345	53	0
6346	53	0
6347	53	0
6348	53	0
6349	52	0
6350	53	0
6351	53	0
6352	53	0
6353	53	0
6354	53	0
6355	53	0
6356	53	0
6357	53	0
6358	53	0
6359	53	0
6360	53	0
6361	52	0
6362	52	0
6363	52	0
6364	53	0
6365	53	0
6366	53	0
6367	52	0
6368	53	0
6369	53	0
6370	53	0
6371	53	0
6372	53	0
6373	53	0
6374	53	0
6375	53	0
6376	53	0
6377	53	0
6378	53	0
6379	53	0
6380	53	0
6381	53	0
6382	53	0
6383	53	0
6384	53	0
6385	53	0
6386	53	0
6387	53	0
6388	53	0
6389	53	0
6390	53	0
6391	53	0
6392	53	0
6393	53	0
6394	53	0
6395	53	0
6396	53	0
6397	53	0
6398	53	0
6399	53	0
6400	53	0
6401	53	0
6402	53	0
6403	53	0
6404	53	0
6405	53	0
6406	53	0
6407	53	0
6408	53	0
6409	53	0
6410	53	0
6411	53	0
6412	52	0
6413	53	0
6414	53	0
6415	53	0
6416	53	0
6417	53	0
6418	53	0
6419	53	0
6420	53	0
6421	53	0
6422	53	0
6423	53	0
6424	53	0
6425	53	0
6426	53	0
6427	53	0
6428	53	0
6429	52	0
6430	53	0
6431	53	0
6432	53	0
6433	53	0
6434	53	0
6435	53	0
6436	53	0
6437	52	0
6438	53	0
6439	53	0
6440	53	0
6441	53	0
6442	53	0
6443	53	0
6444	53	0
6445	53	0
6446	53	0
6447	52	0
6448	53	0
6449	53	0
6450	53	0
6451	53	0
6452	53	0
6453	53	0
6454	52	0
6455	53	0
6456	52	0
6457	53	0
6458	52	0
6459	53	0
6460	53	0
6461	53	0
6462	52	0
6463	53	0
6464	53	0
6465	52	0
6466	53	0
6467	53	0
6468	53	0
6469	53	0
6470	53	0
6471	53	0
6472	53	0
6473	53	0
6474	53	0
6475	52	0
6476	53	0
6477	53	0
6478	53	0
6479	53	0
6480	53	0
6481	53	0
6482	53	0
6483	52	0
6484	53	0
6485	53	0
6486	53	0
6487	52	0
6488	53	0
6489	53	0
6490	53	0
6491	52	0
6492	52	0
6493	52	0
6494	52	0
6495	53	0
6496	53	0
6497	53	0
6498	53	0
6499	53	0
6500	52	0
6501	53	0
6502	53	0
6503	52	0
6504	53	0
6505	53	0
6506	52	0
6507	53	0
6508	53	0
6509	53	0
6510	53	0
6511	53	0
6512	52	0
6513	52	0
6514	53	0
6515	53	0
6516	53	0
6517	53	0
6518	53	0
6519	53	0
6520	53	0
6521	53	0
6522	53	0
6523	53	0
6524	53	0
6525	52	0
6526	53	0
6527	53	0
6528	53	0
6529	53	0
6530	53	0
6531	53	0
6532	53	0
6533	52	0
6534	52	0
6535	53	0
6536	53	0
6537	53	0
6538	53	0
6539	53	0
6540	53	0
6541	53	0
6542	53	0
6543	53	0
6544	53	0
6545	53	0
6546	53	0
6547	53	0
6548	53	0
6549	52	0
6550	53	0
6551	53	0
6552	53	0
6553	53	0
6554	52	0
6555	53	0
6556	53	0
6557	53	0
6558	53	0
6559	53	0
6560	53	0
6561	53	0
6562	53	0
6563	53	0
6564	52	0
6565	53	0
6566	53	0
6567	53	0
6568	53	0
6569	53	0
6570	53	0
6571	53	0
6572	52	0
6573	53	0
6574	53	0
6575	53	0
6576	53	0
6577	53	0
6578	53	0
6579	53	0
6580	53	0
6581	53	0
6582	53	0
6583	53	0
6584	53	0
6585	52	0
6586	53	0
6587	53	0
6588	53	0
6589	53	0
6590	53	0
6591	53	0
6592	53	0
6593	53	0
6594	53	0
6595	53	0
6596	52	0
6597	53	0
6598	52	0
6599	53	0
6600	53	0
6601	53	0
6602	53	0
6603	53	0
6604	53	0
6605	53	0
6606	52	0
6607	52	0
6608	53	0
6609	52	0
6610	52	0
6611	53	0
6612	52	0
6613	52	0
6614	53	0
6615	53	0
6616	53	0
6617	53	0
6618	53	0
6619	53	0
6620	52	0
6621	53	0
6622	53	0
6623	53	0
6624	53	0
6625	53	0
6626	52	0
6627	53	0
6628	53	0
6629	52	0
6630	53	0
6631	53	0
6632	53	0
6633	53	0
6634	52	0
6635	53	0
6636	53	0
6637	52	0
6638	53	0
6639	53	0
6640	53	0
6641	53	0
6642	53	0
6643	53	0
6644	52	0
6645	53	0
6646	53	0
6647	53	0
6648	53	0
6649	53	0
6650	53	0
6651	53	0
6652	54	0
6653	55	0
6654	56	0
6655	57	0
6656	59	0
6657	61	0
6658	61	0
6659	62	0
6660	64	0
6661	65	0
6662	66	0
6663	67	0
6664	69	0
6665	71	0
6666	72	0
6667	73	0
6668	74	0
6669	76	0
6670	77	0
6671	79	0
6672	81	0
6673	84	0
6674	84	0
6675	86	0
6676	89	0
6677	91	0
6678	91	0
6679	94	0
6680	95	0
6681	97	0
6682	99	0
6683	101	0
6684	102	0
6685	105	0
6686	105	0
6687	109	0
6688	111	0
6689	113	0
6690	115	0
6691	117	0
6692	117	0
6693	121	0
6694	122	0
6695	123	0
6696	125	0
6697	128	0
6698	130	0
6699	133	0
6700	133	0
6701	133	0
6702	133	0
6703	133	0
6704	133	0
6705	134	0
6706	133	0
6707	133	0
6708	134	0
6709	133	0
6710	134	0
6711	133	0
6712	134	0
6713	133	0
6714	133	0
6715	133	0
6716	133	0
6717	134	0
6718	133	0
6719	134	0
6720	134	0
6721	133	0
6722	133	0
6723	133	0
6724	133	0
6725	133	0
6726	134	0
6727	134	0
6728	133	0
6729	133	0
6730	133	0
6731	133	0
6732	134	0
6733	133	0
6734	133	0
6735	133	0
6736	133	0
6737	134	0
6738	133	0
6739	133	0
6740	133	0
6741	133	0
6742	133	0
6743	133	0
6744	133	0
6745	133	0
6746	133	0
6747	133	0
6748	133	0
6749	134	0
6750	134	0
6751	134	0
6752	133	0
6753	134	0
6754	133	0
6755	133	0
6756	133	0
6757	133	0
6758	133	0
6759	133	0
6760	133	0
6761	133	0
6762	134	0
6763	133	0
6764	133	0
6765	134	0
6766	133	0
6767	134	0
6768	133	0
6769	133	0
6770	133	0
6771	133	0
6772	133	0
6773	133	0
6774	133	0
6775	133	0
6776	133	0
6777	133	0
6778	133	0
6779	133	0
6780	133	0
6781	133	0
6782	133	0
6783	133	0
6784	133	0
6785	133	0
6786	133	0
6787	133	0
6788	134	0
6789	133	0
6790	133	0
6791	133	0
6792	133	0
6793	133	0
6794	133	0
6795	134	0
6796	134	0
6797	133	0
6798	133	0
6799	133	0
6800	133	0
6801	133	0
6802	133	0
6803	133	0
6804	133	0
6805	133	0
6806	133	0
6807	134	0
6808	133	0
6809	133	0
6810	133	0
6811	133	0
6812	133	0
6813	133	0
6814	133	0
6815	134	0
6816	133	0
6817	133	0
6818	133	0
6819	134	0
6820	133	0
6821	134	0
6822	133	0
6823	133	0
6824	133	0
6825	133	0
6826	133	0
6827	133	0
6828	133	0
6829	133	0
6830	133	0
6831	134	0
6832	134	0
6833	133	0
6834	133	0
6835	133	0
6836	133	0
6837	133	0
6838	133	0
6839	133	0
6840	133	0
6841	133	0
6842	133	0
6843	133	0
6844	134	0
6845	133	0
6846	134	0
6847	134	0
6848	133	0
6849	133	0
6850	133	0
6851	133	0
6852	133	0
6853	133	0
6854	133	0
6855	133	0
6856	133	0
6857	133	0
6858	133	0
6859	134	0
6860	133	0
6861	133	0
6862	133	0
6863	133	0
6864	133	0
6865	134	0
6866	133	0
6867	133	0
6868	133	0
6869	133	0
6870	133	0
6871	133	0
6872	133	0
6873	133	0
6874	133	0
6875	133	0
6876	133	0
6877	133	0
6878	133	0
6879	134	0
6880	133	0
6881	133	0
6882	133	0
6883	133	0
6884	133	0
6885	133	0
6886	132	0
6887	131	0
6888	129	0
6889	129	0
6890	129	0
6891	129	0
6892	126	0
6893	125	0
6894	125	0
6895	123	0
6896	122	0
6897	122	0
6898	121	0
6899	121	0
6900	119	0
6901	118	0
6902	117	0
6903	116	0
6904	115	0
6905	115	0
6906	114	0
6907	113	0
6908	111	0
6909	109	0
6910	108	0
6911	107	0
6912	105	0
6913	105	0
6914	103	0
6915	102	0
6916	100	0
6917	99	0
6918	97	0
6919	96	0
6920	95	0
6921	94	0
6922	93	0
6923	91	0
6924	89	0
6925	89	0
6926	87	0
6927	85	0
6928	84	0
6929	82	0
6930	81	0
6931	79	0
6932	77	0
6933	77	0
6934	75	0
6935	73	0
6936	71	0
6937	71	0
6938	70	0
6939	68	0
6940	67	0
6941	65	0
6942	63	0
6943	62	0
6944	62	0
6945	59	0
6946	58	0
6947	57	0
6948	55	0
6949	54	0
6950	53	0
6951	53	0
6952	53	0
6953	53	0
6954	53	0
6955	53	0
6956	53	0
6957	53	0
6958	53	0
6959	53	0
6960	53	0
6961	53	0
6962	53	0
6963	53	0
6964	53	0
6965	53	0
6966	52	0
6967	53	0
6968	53	0
6969	53	0
6970	53	0
6971	53	0
6972	53	0
6973	53	0
6974	53	0
6975	53	0
6976	53	0
6977	53	0
6978	53	0
6979	53	0
6980	53	0
6981	53	0
6982	53	0
6983	53	0
6984	53	0
6985	52	0
6986	53	0
6987	53	0
6988	53	0
6989	53	0
6990	53	0
6991	53	0
6992	53	0
6993	53	0
6994	53	0
6995	53	0
6996	53	0
6997	53	0
6998	53	0
6999	53	0
7000	53	0
7001	53	0
7002	53	0
7003	53	0
7004	53	0
7005	53	0
7006	53	0
7007	53	0
7008	53	0
7009	53	0
7010	53	0
7011	53	0
7012	53	0
7013	52	0
7014	53	0
7015	53	0
7016	53	0
7017	53	0
7018	53	0
7019	53	0
7020	52	0
7021	53	0
7022	53	0
7023	53	0
7024	53	0
7025	52	0
7026	53	0
7027	53	0
7028	53	0
7029	53	0
7030	53	0
7031	53	0
7032	53	0
7033	53	0
7034	53	0
7035	53	0
7036	53	0
7037	53	0
7038	53	0
7039	53	0
7040	53	0
7041	52	0
7042	53	0
7043	53	0
7044	53	0
7045	53	0
7046	53	0
7047	53	0
7048	53	0
7049	53	0
7050	53	0
7051	53	0
7052	53	0
7053	53	0
7054	53	0
7055	53	0
7056	53	0
7057	53	0
7058	52	0
7059	53	0
7060	53	0
7061	53	0
7062	53	0
7063	53	0
7064	52	0
7065	53	0
7066	53	0
7067	52	0
7068	53	0
7069	53	0
7070	53	0
7071	53	0
7072	53	0
7073	53	0
7074	53	0
7075	53	0
7076	53	0
7077	53	0
7078	53	0
7079	53	0
7080	53	0
7081	53	0
7082	53	0
7083	53	0
7084	53	0
7085	53	0
7086	53	0
7087	53	0
7088	53	0
7089	53	0
7090	52	0
7091	52	0
7092	53	0
7093	53	0
7094	53	0
7095	53	0
7096	52	0
7097	53	0
7098	53	0
7099	53	0
7100	53	0
7101	53	0
7102	53	0
7103	52	0
7104	53	0
7105	53	0
7106	53	0
7107	53	0
7108	53	0
7109	53	0
7110	53	0
7111	53	0
7112	53	0
7113	53	0
7114	53	0
7115	52	0
7116	53	0
7117	53	0
7118	53	0
7119	53	0
7120	53	0
7121	53	0
7122	53	0
7123	53	0
7124	53	0
7125	53	0
7126	53	0
7127	53	0
7128	52	0
7129	53	0
7130	53	0
7131	53	0
7132	53	0
7133	53	0
7134	53	0
7135	53	0
7136	52	0
7137	53	0
7138	53	0
7139	53	0
7140	53	0
7141	53	0
7142	53	0
7143	53	0
7144	52	0
7145	52	0
7146	53	0
7147	52	0
7148	53	0
7149	53	0
7150	53	0
7151	53	0
7152	53	0
7153	53	0
7154	53	0
7155	53	0
7156	53	0
7157	53	0
7158	53	0
7159	53	0
7160	53	0
7161	53	0
7162	53	0
7163	52	0
7164	53	0
7165	53	0
7166	53	0
7167	53	0
7168	53	0
7169	52	0
7170	53	0
7171	53	0
7172	53	0
7173	53	0
7174	52	0
7175	53	0
7176	53	0
7177	53	0
7178	53	0
7179	53	0
7180	53	0
7181	53	0
7182	52	0
7183	53	0
7184	53	0
7185	53	0
7186	52	0
7187	53	0
7188	53	0
7189	53	0
7190	53	0
7191	53	0
7192	53	0
7193	53	0
7194	53	0
7195	53	0
7196	52	0
7197	53	0
7198	53	0
7199	53	0
7200	53	0
7201	53	0
7202	53	0
7203	52	0
7204	53	0
7205	53	0
7206	53	0
7207	53	0
7208	52	0
7209	54	0
7210	52	0
7211	53	0
7212	53	0
7213	53	0
7214	53	0
7215	53	0
7216	53	0
7217	53	0
7218	53	0
7219	53	0
7220	53	0
7221	53	0
7222	53	0
7223	53	0
7224	52	0
7225	53	0
7226	53	0
7227	53	0
7228	53	0
7229	53	0
7230	52	0
7231	53	0
7232	53	0
7233	53	0
7234	53	0
7235	53	0
7236	53	0
7237	53	0
7238	53	0
7239	53	0
7240	52	0
7241	53	0
7242	53	0
7243	52	0
7244	52	0
7245	53	0
7246	53	0
7247	53	0
7248	53	0
7249	53	0
7250	53	0
7251	53	0
7252	53	0
7253	53	0
7254	53	0
7255	53	0
7256	53	0
7257	53	0
7258	53	0
7259	53	0
7260	53	0
7261	52	0
7262	53	0
7263	53	0
7264	53	0
7265	53	0
7266	53	0
7267	53	0
7268	53	0
7269	52	0
7270	53	0
7271	53	0
7272	52	0
7273	53	0
7274	53	0
7275	53	0
7276	53	0
7277	53	0
7278	53	0
7279	53	0
7280	53	0
7281	53	0
7282	53	0
7283	53	0
7284	53	0
7285	53	0
7286	53	0
7287	53	0
7288	53	0
7289	53	0
7290	53	0
7291	53	0
7292	53	0
7293	53	0
7294	52	0
7295	53	0
7296	53	0
7297	53	0
7298	52	0
7299	53	0
7300	53	0
7301	53	0
7302	53	0
7303	53	0
7304	52	0
7305	52	0
7306	53	0
7307	53	0
7308	53	0
7309	53	0
7310	53	0
7311	53	0
7312	53	0
7313	53	0
7314	52	0
7315	53	0
7316	53	0
7317	53	0
7318	53	0
7319	53	0
7320	53	0
7321	53	0
7322	53	0
7323	53	0
7324	53	0
7325	53	0
7326	53	0
7327	53	0
7328	53	0
7329	53	0
7330	53	0
7331	52	0
7332	53	0
7333	53	0
7334	52	0
7335	53	0
7336	53	0
7337	53	0
7338	53	0
7339	53	0
7340	53	0
7341	53	0
7342	53	0
7343	52	0
7344	53	0
7345	52	0
7346	53	0
7347	53	0
7348	53	0
7349	53	0
7350	53	0
7351	53	0
7352	53	0
7353	52	0
7354	53	0
7355	52	0
7356	53	0
7357	53	0
7358	53	0
7359	53	0
7360	52	0
7361	53	0
7362	53	0
7363	53	0
7364	53	0
7365	53	0
7366	53	0
7367	52	0
7368	53	0
7369	53	0
7370	53	0
7371	53	0
7372	53	0
7373	53	0
7374	53	0
7375	53	0
7376	53	0
7377	53	0
7378	53	0
7379	53	0
7380	53	0
7381	53	0
7382	53	0
7383	53	0
7384	53	0
7385	53	0
7386	52	0
7387	53	0
7388	52	0
7389	53	0
7390	53	0
7391	53	0
7392	53	0
7393	53	0
7394	52	0
7395	52	0
7396	53	0
7397	52	0
7398	52	0
7399	52	0
7400	53	0
7401	53	0
7402	53	0
7403	53	0
7404	52	0
7405	53	0
7406	53	0
7407	53	0
7408	53	0
7409	53	0
7410	53	0
7411	53	0
7412	53	0
7413	53	0
7414	53	0
7415	53	0
7416	52	0
7417	53	0
7418	53	0
7419	53	0
7420	53	0
7421	52	0
7422	53	0
7423	53	0
7424	53	0
7425	52	0
7426	53	0
7427	53	0
7428	53	0
7429	53	0
7430	53	0
7431	53	0
7432	53	0
7433	53	0
7434	53	0
7435	53	0
7436	53	0
7437	53	0
7438	53	0
7439	53	0
7440	53	0
7441	53	0
7442	53	0
7443	53	0
7444	53	0
7445	53	0
7446	53	0
7447	53	0
7448	53	0
7449	53	0
7450	53	0
7451	53	0
7452	53	0
7453	53	0
7454	53	0
7455	53	0
7456	53	0
7457	53	0
7458	53	0
7459	53	0
7460	53	0
7461	53	0
7462	52	0
7463	53	0
7464	53	0
7465	52	0
7466	53	0
7467	53	0
7468	53	0
7469	53	0
7470	53	0
7471	53	0
7472	53	0
7473	53	0
7474	53	0
7475	53	0
7476	53	0
7477	53	0
7478	53	0
7479	53	0
7480	53	0
7481	53	0
7482	53	0
7483	52	0
7484	53	0
7485	53	0
7486	53	0
7487	53	0
7488	53	0
7489	53	0
7490	52	0
7491	53	0
7492	53	0
7493	52	0
7494	52	0
7495	53	0
7496	53	0
7497	53	0
7498	53	0
7499	53	0
7500	53	0
7501	53	0
7502	53	0
7503	53	0
7504	52	0
7505	53	0
7506	53	0
7507	53	0
7508	53	0
7509	53	0
7510	52	0
7511	53	0
7512	53	0
7513	53	0
7514	53	0
7515	53	0
7516	53	0
7517	53	0
7518	53	0
7519	53	0
7520	53	0
7521	53	0
7522	53	0
7523	53	0
7524	51	0
7525	53	0
7526	53	0
7527	53	0
7528	53	0
7529	53	0
7530	53	0
7531	53	0
7532	53	0
7533	53	0
7534	53	0
7535	53	0
7536	53	0
7537	53	0
7538	53	0
7539	52	0
7540	53	0
7541	53	0
7542	53	0
7543	53	0
7544	52	0
7545	53	0
7546	53	0
7547	53	0
7548	53	0
7549	52	0
7550	53	0
7551	53	0
7552	53	0
7553	53	0
7554	53	0
7555	53	0
7556	53	0
7557	53	0
7558	52	0
7559	53	0
7560	53	0
7561	52	0
7562	53	0
7563	53	0
7564	53	0
7565	53	0
7566	52	0
7567	53	0
7568	52	0
7569	53	0
7570	53	0
7571	53	0
7572	53	0
7573	53	0
7574	53	0
7575	53	0
7576	53	0
7577	53	0
7578	53	0
7579	53	0
7580	53	0
7581	53	0
7582	53	0
7583	53	0
7584	53	0
7585	53	0
7586	52	0
7587	53	0
7588	53	0
7589	53	0
7590	53	0
7591	52	0
7592	53	0
7593	52	0
7594	53	0
7595	53	0
7596	53	0
7597	53	0
7598	52	0
7599	53	0
7600	53	0
7601	52	0
7602	53	0
7603	53	0
7604	53	0
7605	52	0
7606	53	0
7607	53	0
7608	52	0
7609	53	0
7610	53	0
7611	53	0
7612	53	0
7613	53	0
7614	53	0
7615	53	0
7616	52	0
7617	53	0
7618	53	0
7619	53	0
7620	53	0
7621	53	0
7622	53	0
7623	53	0
7624	53	0
7625	53	0
7626	53	0
7627	53	0
7628	53	0
7629	52	0
7630	53	0
7631	52	0
7632	53	0
7633	53	0
7634	53	0
7635	52	0
7636	53	0
7637	53	0
7638	53	0
7639	53	0
7640	53	0
7641	53	0
7642	52	0
7643	53	0
7644	53	0
7645	53	0
7646	53	0
7647	53	0
7648	53	0
7649	53	0
7650	53	0
7651	53	0
7652	53	0
7653	53	0
7654	53	0
7655	53	0
7656	53	0
7657	53	0
7658	53	0
7659	52	0
7660	53	0
7661	53	0
7662	52	0
7663	53	0
7664	53	0
7665	53	0
7666	53	0
7667	53	0
7668	53	0
7669	53	0
7670	53	0
7671	53	0
7672	53	0
7673	53	0
7674	53	0
7675	53	0
7676	53	0
7677	53	0
7678	53	0
7679	53	0
7680	53	0
7681	53	0
7682	53	0
7683	53	0
7684	53	0
7685	53	0
7686	53	0
7687	53	0
7688	53	0
7689	52	0
7690	53	0
7691	53	0
7692	53	0
7693	53	0
7694	52	0
7695	53	0
7696	52	0
7697	53	0
7698	53	0
7699	53	0
7700	53	0
7701	53	0
7702	53	0
7703	53	0
7704	53	0
7705	53	0
7706	53	0
7707	53	0
7708	53	0
7709	53	0
7710	53	0
7711	53	0
7712	53	0
7713	52	0
7714	53	0
7715	53	0
7716	53	0
7717	53	0
7718	53	0
7719	53	0
7720	53	0
7721	53	0
7722	53	0
7723	53	0
7724	53	0
7725	53	0
7726	52	0
7727	53	0
7728	53	0
7729	53	0
7730	53	0
7731	53	0
7732	53	0
7733	53	0
7734	53	0
7735	53	0
7736	52	0
7737	53	0
7738	52	0
7739	53	0
7740	53	0
7741	53	0
7742	53	0
7743	53	0
7744	53	0
7745	53	0
7746	53	0
7747	52	0
7748	53	0
7749	53	0
7750	53	0
7751	52	0
7752	52	0
7753	53	0
7754	53	0
7755	53	0
7756	53	0
7757	53	0
7758	53	0
7759	53	0
7760	52	0
7761	52	0
7762	53	0
7763	53	0
7764	53	0
7765	53	0
7766	53	0
7767	53	0
7768	53	0
7769	53	0
7770	53	0
7771	52	0
7772	53	0
7773	53	0
7774	53	0
7775	53	0
7776	53	0
7777	53	0
7778	53	0
7779	52	0
7780	53	0
7781	53	0
7782	53	0
7783	53	0
7784	53	0
7785	53	0
7786	53	0
7787	53	0
7788	53	0
7789	53	0
7790	53	0
7791	53	0
7792	53	0
7793	53	0
7794	53	0
7795	53	0
7796	52	0
7797	53	0
7798	55	0
7799	58	0
7800	62	0
7801	65	0
7802	69	0
7803	73	0
7804	77	0
7805	81	0
7806	86	0
7807	91	0
7808	97	0
7809	102	0
7810	107	0
7811	115	0
7812	121	0
7813	126	0
7814	133	0
7815	133	0
7816	133	0
7817	133	0
7818	133	0
7819	134	0
7820	133	0
7821	133	0
7822	133	0
7823	133	0
7824	133	0
7825	133	0
7826	134	0
7827	133	0
7828	133	0
7829	134	0
7830	133	0
7831	133	0
7832	133	0
7833	133	0
7834	133	0
7835	133	0
7836	133	0
7837	133	0
7838	134	0
7839	133	0
7840	133	0
7841	134	0
7842	134	0
7843	139	0
7844	145	0
7845	152	0
7846	158	0
7847	165	0
7848	172	0
7849	177	0
7850	185	0
7851	193	0
7852	201	0
7853	210	0
7854	216	0
7855	216	0
7856	217	0
7857	216	0
7858	215	0
7859	215	0
7860	216	0
7861	216	0
7862	216	0
7863	216	0
7864	215	0
7865	215	0
7866	216	0
7867	216	0
7868	216	0
7869	216	0
7870	216	0
7871	216	0
7872	216	0
7873	215	0
7874	216	0
7875	216	0
7876	216	0
7877	216	0
7878	215	0
7879	215	0
7880	216	0
7881	216	0
7882	216	0
7883	216	0
7884	215	0
7885	216	0
7886	215	0
7887	216	0
7888	216	0
7889	216	0
7890	216	0
7891	216	0
7892	216	0
7893	216	0
7894	216	0
7895	217	0
7896	216	0
7897	215	0
7898	216	0
7899	216	0
7900	216	0
7901	216	0
7902	216	0
7903	216	0
7904	216	0
7905	216	0
7906	216	0
7907	217	0
7908	216	0
7909	215	0
7910	216	0
7911	216	0
7912	216	0
7913	217	0
7914	216	0
7915	215	0
7916	216	0
7917	216	0
7918	215	0
7919	216	0
7920	215	0
7921	216	0
7922	216	0
7923	216	0
7924	216	0
7925	215	0
7926	217	0
7927	215	0
7928	216	0
7929	216	0
7930	215	0
7931	216	0
7932	217	0
7933	216	0
7934	217	0
7935	216	0
7936	217	0
7937	215	0
7938	215	0
7939	216	0
7940	216	0
7941	216	0
7942	216	0
7943	215	0
7944	216	0
7945	216	0
7946	216	0
7947	216	0
7948	216	0
7949	216	0
7950	216	0
7951	217	0
7952	217	0
7953	216	0
7954	215	0
7955	216	0
7956	216	0
7957	216	0
7958	216	0
7959	216	0
7960	216	0
7961	216	0
7962	216	0
7963	216	0
7964	216	0
7965	215	0
7966	216	0
7967	216	0
7968	216	0
7969	215	0
7970	215	0
7971	216	0
7972	216	0
7973	216	0
7974	217	0
7975	217	0
7976	216	0
7977	217	0
7978	215	0
7979	216	0
7980	215	0
7981	217	0
7982	216	0
7983	216	0
7984	216	0
7985	216	0
7986	216	0
7987	217	0
7988	216	0
7989	216	0
7990	215	0
7991	216	0
7992	216	0
7993	216	0
7994	215	0
7995	216	0
7996	216	0
7997	215	0
7998	217	0
7999	216	0
