Oscilloscope data. 
Time step = 1,250 mS
Voltage step = 31,25 mV
Zero level = 52

N 	Smpl.	Trig

0	133	0
1	133	0
2	133	0
3	133	0
4	133	0
5	133	0
6	133	0
7	133	0
8	133	0
9	133	0
10	133	0
11	133	0
12	133	0
13	133	0
14	133	0
15	133	0
16	133	0
17	133	0
18	133	0
19	133	0
20	133	0
21	133	0
22	133	0
23	133	0
24	133	0
25	133	0
26	133	0
27	133	0
28	133	0
29	133	0
30	133	0
31	133	0
32	133	0
33	133	0
34	133	0
35	133	0
36	133	0
37	133	0
38	133	0
39	133	0
40	133	0
41	133	0
42	133	0
43	133	0
44	133	0
45	133	0
46	133	0
47	133	0
48	133	0
49	133	0
50	133	0
51	133	0
52	133	0
53	133	0
54	133	0
55	133	0
56	133	0
57	133	0
58	133	0
59	133	0
60	133	0
61	133	0
62	133	0
63	133	0
64	133	0
65	133	0
66	133	0
67	133	0
68	133	0
69	133	0
70	133	0
71	133	0
72	133	0
73	133	0
74	133	0
75	133	0
76	133	0
77	133	0
78	133	0
79	133	0
80	133	0
81	133	0
82	133	0
83	133	0
84	133	0
85	133	0
86	133	0
87	133	0
88	133	0
89	133	0
90	133	0
91	133	0
92	133	0
93	133	0
94	133	0
95	133	0
96	133	0
97	133	0
98	133	0
99	133	0
100	133	0
101	133	0
102	133	0
103	133	0
104	133	0
105	133	0
106	133	0
107	133	0
108	133	0
109	133	0
110	133	0
111	133	0
112	133	0
113	133	0
114	133	0
115	133	0
116	133	0
117	133	0
118	133	0
119	133	0
120	133	0
121	133	0
122	133	0
123	133	0
124	133	0
125	133	0
126	133	0
127	133	0
128	133	0
129	133	0
130	133	0
131	133	0
132	133	0
133	133	0
134	133	0
135	133	0
136	133	0
137	133	0
138	133	0
139	133	0
140	133	0
141	133	0
142	133	0
143	133	0
144	133	0
145	132	0
146	133	0
147	133	0
148	133	0
149	133	0
150	133	0
151	133	0
152	133	0
153	133	0
154	133	0
155	133	0
156	133	0
157	133	0
158	133	0
159	133	0
160	133	0
161	133	0
162	133	0
163	133	0
164	133	0
165	133	0
166	133	0
167	133	0
168	133	0
169	133	0
170	133	0
171	133	0
172	133	0
173	133	0
174	133	0
175	133	0
176	133	0
177	133	0
178	133	0
179	133	0
180	133	0
181	133	0
182	133	0
183	133	0
184	133	0
185	133	0
186	133	0
187	133	0
188	133	0
189	133	0
190	133	0
191	133	0
192	133	0
193	133	0
194	133	0
195	133	0
196	133	0
197	133	0
198	133	0
199	133	0
200	133	0
201	133	0
202	133	0
203	133	0
204	133	0
205	133	0
206	133	0
207	133	0
208	133	0
209	133	0
210	133	0
211	133	0
212	133	0
213	133	0
214	133	0
215	133	0
216	133	0
217	133	0
218	132	0
219	133	0
220	133	0
221	133	0
222	133	0
223	133	0
224	133	0
225	133	0
226	133	0
227	133	0
228	133	0
229	133	0
230	133	0
231	133	0
232	133	0
233	133	0
234	133	0
235	133	0
236	133	0
237	133	0
238	133	0
239	133	0
240	133	0
241	133	0
242	133	0
243	133	0
244	133	0
245	133	0
246	133	0
247	133	0
248	133	0
249	133	0
250	133	0
251	133	0
252	133	0
253	133	0
254	133	0
255	133	0
256	133	0
257	133	0
258	133	0
259	133	0
260	133	0
261	133	0
262	133	0
263	133	0
264	133	0
265	133	0
266	133	0
267	133	0
268	133	0
269	133	0
270	133	0
271	133	0
272	133	0
273	133	0
274	133	0
275	133	0
276	133	0
277	133	0
278	133	0
279	133	0
280	133	0
281	133	0
282	133	0
283	133	0
284	133	0
285	133	0
286	133	0
287	133	0
288	133	0
289	133	0
290	133	0
291	133	0
292	133	0
293	133	0
294	133	0
295	133	0
296	133	0
297	133	0
298	133	0
299	133	0
300	133	0
301	133	0
302	133	0
303	133	0
304	133	0
305	133	0
306	133	0
307	133	0
308	133	0
309	133	0
310	133	0
311	133	0
312	133	0
313	133	0
314	133	0
315	133	0
316	133	0
317	133	0
318	133	0
319	133	0
320	133	0
321	133	0
322	133	0
323	133	0
324	133	0
325	133	0
326	133	0
327	133	0
328	133	0
329	133	0
330	133	0
331	133	0
332	133	0
333	133	0
334	133	0
335	133	0
336	133	0
337	133	0
338	133	0
339	133	0
340	133	0
341	133	0
342	133	0
343	133	0
344	133	0
345	133	0
346	133	0
347	133	0
348	133	0
349	133	0
350	133	0
351	133	0
352	133	0
353	133	0
354	133	0
355	133	0
356	133	0
357	133	0
358	133	0
359	133	0
360	133	0
361	132	0
362	133	0
363	133	0
364	133	0
365	133	0
366	133	0
367	133	0
368	133	0
369	133	0
370	133	0
371	133	0
372	133	0
373	133	0
374	133	0
375	133	0
376	133	0
377	133	0
378	133	0
379	133	0
380	133	0
381	133	0
382	133	0
383	133	0
384	133	0
385	133	0
386	133	0
387	133	0
388	133	0
389	133	0
390	133	0
391	133	0
392	133	0
393	133	0
394	133	0
395	133	0
396	133	0
397	133	0
398	133	0
399	133	0
400	133	0
401	133	0
402	133	0
403	133	0
404	133	0
405	133	0
406	133	0
407	133	0
408	133	0
409	133	0
410	133	0
411	133	0
412	133	0
413	133	0
414	133	0
415	133	0
416	133	0
417	133	0
418	133	0
419	133	0
420	133	0
421	133	0
422	133	0
423	133	0
424	133	0
425	133	0
426	133	0
427	133	0
428	133	0
429	133	0
430	133	0
431	133	0
432	133	0
433	133	0
434	133	0
435	133	0
436	133	0
437	133	0
438	133	0
439	133	0
440	133	0
441	133	0
442	133	0
443	133	0
444	133	0
445	133	0
446	133	0
447	133	0
448	133	0
449	133	0
450	133	0
451	133	0
452	133	0
453	133	0
454	133	0
455	133	0
456	133	0
457	133	0
458	133	0
459	133	0
460	133	0
461	133	0
462	133	0
463	133	0
464	133	0
465	133	0
466	133	0
467	133	0
468	133	0
469	133	0
470	133	0
471	133	0
472	133	0
473	133	0
474	133	0
475	133	0
476	133	0
477	133	0
478	133	0
479	133	0
480	133	0
481	133	0
482	133	0
483	133	0
484	133	0
485	133	0
486	133	0
487	133	0
488	133	0
489	133	0
490	133	0
491	133	0
492	133	0
493	133	0
494	133	0
495	133	0
496	133	0
497	133	0
498	133	0
499	133	0
500	133	0
501	133	0
502	133	0
503	133	0
504	133	0
505	133	0
506	133	0
507	133	0
508	133	0
509	133	0
510	133	0
511	133	0
512	133	0
513	133	0
514	133	0
515	133	0
516	133	0
517	133	0
518	133	0
519	133	0
520	133	0
521	133	0
522	133	0
523	133	0
524	133	0
525	133	0
526	133	0
527	133	0
528	133	0
529	133	0
530	133	0
531	133	0
532	133	0
533	133	0
534	133	0
535	133	0
536	133	0
537	133	0
538	133	0
539	133	0
540	133	0
541	133	0
542	133	0
543	133	0
544	133	0
545	133	0
546	133	0
547	133	0
548	133	0
549	133	0
550	133	0
551	133	0
552	133	0
553	133	0
554	133	0
555	133	0
556	133	0
557	133	0
558	133	0
559	133	0
560	133	0
561	133	0
562	133	0
563	133	0
564	133	0
565	133	0
566	133	0
567	133	0
568	133	0
569	133	0
570	133	0
571	133	0
572	133	0
573	133	0
574	133	0
575	133	0
576	133	0
577	133	0
578	133	0
579	133	0
580	133	0
581	133	0
582	133	0
583	133	0
584	133	0
585	133	0
586	133	0
587	133	0
588	133	0
589	133	0
590	133	0
591	133	0
592	133	0
593	133	0
594	133	0
595	133	0
596	133	0
597	133	0
598	133	0
599	133	0
600	133	0
601	133	0
602	133	0
603	133	0
604	133	0
605	133	0
606	133	0
607	133	0
608	133	0
609	133	0
610	133	0
611	133	0
612	133	0
613	133	0
614	133	0
615	133	0
616	133	0
617	133	0
618	133	0
619	133	0
620	133	0
621	133	0
622	133	0
623	133	0
624	133	0
625	133	0
626	133	0
627	133	0
628	133	0
629	133	0
630	133	0
631	133	0
632	133	0
633	133	0
634	133	0
635	133	0
636	133	0
637	133	0
638	133	0
639	133	0
640	133	0
641	133	0
642	133	0
643	133	0
644	133	0
645	133	0
646	133	0
647	133	0
648	133	0
649	133	0
650	133	0
651	133	0
652	133	0
653	133	0
654	133	0
655	133	0
656	133	0
657	133	0
658	133	0
659	133	0
660	133	0
661	133	0
662	133	0
663	133	0
664	133	0
665	133	0
666	133	0
667	133	0
668	133	0
669	133	0
670	133	0
671	133	0
672	133	0
673	133	0
674	133	0
675	133	0
676	133	0
677	133	0
678	133	0
679	133	0
680	133	0
681	133	0
682	133	0
683	133	0
684	133	0
685	133	0
686	133	0
687	133	0
688	133	0
689	133	0
690	133	0
691	133	0
692	133	0
693	133	0
694	133	0
695	133	0
696	133	0
697	133	0
698	133	0
699	133	0
700	133	0
701	133	0
702	133	0
703	133	0
704	133	0
705	133	0
706	133	0
707	133	0
708	133	0
709	133	0
710	133	0
711	133	0
712	133	0
713	133	0
714	133	0
715	133	0
716	133	0
717	133	0
718	133	0
719	133	0
720	133	0
721	133	0
722	133	0
723	133	0
724	133	0
725	133	0
726	133	0
727	133	0
728	133	0
729	133	0
730	133	0
731	133	0
732	133	0
733	133	0
734	133	0
735	133	0
736	133	0
737	133	0
738	133	0
739	133	0
740	133	0
741	133	0
742	133	0
743	133	0
744	133	0
745	133	0
746	133	0
747	133	0
748	133	0
749	133	0
750	133	0
751	133	0
752	133	0
753	133	0
754	133	0
755	133	0
756	133	0
757	133	0
758	133	0
759	133	0
760	133	0
761	133	0
762	133	0
763	133	0
764	133	0
765	133	0
766	133	0
767	133	0
768	133	0
769	133	0
770	133	0
771	133	0
772	133	0
773	133	0
774	133	0
775	133	0
776	133	0
777	133	0
778	133	0
779	133	0
780	133	0
781	133	0
782	133	0
783	133	0
784	133	0
785	133	0
786	133	0
787	133	0
788	133	0
789	133	0
790	133	0
791	133	0
792	133	0
793	133	0
794	133	0
795	133	0
796	133	0
797	133	0
798	133	0
799	133	0
800	133	0
801	133	0
802	133	0
803	133	0
804	133	0
805	133	0
806	133	0
807	133	0
808	133	0
809	133	0
810	133	0
811	133	0
812	133	0
813	133	0
814	133	0
815	133	0
816	133	0
817	133	0
818	133	0
819	133	0
820	133	0
821	133	0
822	133	0
823	133	0
824	133	0
825	133	0
826	133	0
827	133	0
828	133	0
829	133	0
830	133	0
831	133	0
832	133	0
833	133	0
834	133	0
835	133	0
836	133	0
837	133	0
838	133	0
839	133	0
840	133	0
841	133	0
842	133	0
843	133	0
844	133	0
845	133	0
846	133	0
847	133	0
848	133	0
849	133	0
850	133	0
851	133	0
852	133	0
853	133	0
854	133	0
855	133	0
856	133	0
857	133	0
858	133	0
859	133	0
860	133	0
861	133	0
862	133	0
863	133	0
864	133	0
865	133	0
866	133	0
867	133	0
868	133	0
869	133	0
870	133	0
871	133	0
872	133	0
873	133	0
874	133	0
875	133	0
876	133	0
877	132	0
878	133	0
879	133	0
880	133	0
881	133	0
882	133	0
883	133	0
884	133	0
885	133	0
886	133	0
887	133	0
888	133	0
889	133	0
890	133	0
891	133	0
892	133	0
893	133	0
894	133	0
895	133	0
896	133	0
897	133	0
898	133	0
899	133	0
900	133	0
901	133	0
902	133	0
903	133	0
904	133	0
905	133	0
906	133	0
907	133	0
908	133	0
909	133	0
910	133	0
911	133	0
912	133	0
913	133	0
914	133	0
915	133	0
916	133	0
917	133	0
918	133	0
919	133	0
920	133	0
921	133	0
922	133	0
923	133	0
924	133	0
925	133	0
926	133	0
927	133	0
928	133	0
929	133	0
930	133	0
931	133	0
932	133	0
933	133	0
934	133	0
935	133	0
936	133	0
937	133	0
938	133	0
939	133	0
940	133	0
941	133	0
942	133	0
943	133	0
944	133	0
945	133	0
946	133	0
947	133	0
948	133	0
949	133	0
950	133	0
951	133	0
952	132	0
953	133	0
954	133	0
955	133	0
956	133	0
957	133	0
958	133	0
959	133	0
960	133	0
961	133	0
962	133	0
963	133	0
964	133	0
965	133	0
966	133	0
967	133	0
968	133	0
969	133	0
970	133	0
971	133	0
972	133	0
973	133	0
974	133	0
975	133	0
976	133	0
977	133	0
978	133	0
979	133	0
980	133	0
981	133	0
982	133	0
983	133	0
984	133	0
985	133	0
986	133	0
987	133	0
988	133	0
989	133	0
990	133	0
991	133	0
992	133	0
993	133	0
994	133	0
995	133	0
996	133	0
997	133	0
998	133	0
999	133	0
1000	133	0
1001	133	0
1002	133	0
1003	133	0
1004	133	0
1005	133	0
1006	133	0
1007	133	0
1008	133	0
1009	133	0
1010	133	0
1011	133	0
1012	133	0
1013	133	0
1014	133	0
1015	133	0
1016	133	0
1017	133	0
1018	133	0
1019	133	0
1020	133	0
1021	133	0
1022	133	0
1023	133	0
1024	133	0
1025	133	0
1026	133	0
1027	133	0
1028	133	0
1029	133	0
1030	133	0
1031	133	0
1032	133	0
1033	133	0
1034	133	0
1035	133	0
1036	133	0
1037	133	0
1038	133	0
1039	133	0
1040	133	0
1041	133	0
1042	133	0
1043	133	0
1044	133	0
1045	133	0
1046	133	0
1047	133	0
1048	133	0
1049	133	0
1050	133	0
1051	133	0
1052	133	0
1053	133	0
1054	133	0
1055	133	0
1056	133	0
1057	133	0
1058	133	0
1059	133	0
1060	133	0
1061	133	0
1062	133	0
1063	133	0
1064	133	0
1065	133	0
1066	133	0
1067	133	0
1068	133	0
1069	133	0
1070	133	0
1071	133	0
1072	133	0
1073	133	0
1074	133	0
1075	133	0
1076	133	0
1077	133	0
1078	133	0
1079	133	0
1080	133	0
1081	133	0
1082	133	0
1083	133	0
1084	133	0
1085	133	0
1086	133	0
1087	133	0
1088	133	0
1089	133	0
1090	133	0
1091	133	0
1092	133	0
1093	133	0
1094	133	0
1095	133	0
1096	133	0
1097	133	0
1098	133	0
1099	133	0
1100	133	0
1101	133	0
1102	133	0
1103	133	0
1104	133	0
1105	133	0
1106	133	0
1107	133	0
1108	133	0
1109	133	0
1110	133	0
1111	133	0
1112	133	0
1113	133	0
1114	133	0
1115	133	0
1116	133	0
1117	133	0
1118	133	0
1119	133	0
1120	133	0
1121	133	0
1122	133	0
1123	133	0
1124	133	0
1125	133	0
1126	133	0
1127	133	0
1128	133	0
1129	133	0
1130	133	0
1131	133	0
1132	132	0
1133	133	0
1134	133	0
1135	133	0
1136	133	0
1137	133	0
1138	133	0
1139	133	0
1140	133	0
1141	133	0
1142	133	0
1143	133	0
1144	133	0
1145	133	0
1146	133	0
1147	133	0
1148	133	0
1149	133	0
1150	133	0
1151	133	0
1152	133	0
1153	133	0
1154	133	0
1155	133	0
1156	133	0
1157	133	0
1158	133	0
1159	133	0
1160	133	0
1161	133	0
1162	133	0
1163	133	0
1164	133	0
1165	133	0
1166	133	0
1167	133	0
1168	133	0
1169	133	0
1170	133	0
1171	133	0
1172	133	0
1173	133	0
1174	133	0
1175	133	0
1176	133	0
1177	133	0
1178	133	0
1179	133	0
1180	133	0
1181	133	0
1182	133	0
1183	133	0
1184	133	0
1185	133	0
1186	133	0
1187	133	0
1188	133	0
1189	133	0
1190	133	0
1191	133	0
1192	133	0
1193	133	0
1194	133	0
1195	133	0
1196	133	0
1197	133	0
1198	133	0
1199	133	0
1200	133	0
1201	133	0
1202	133	0
1203	133	0
1204	133	0
1205	133	0
1206	133	0
1207	133	0
1208	133	0
1209	133	0
1210	133	0
1211	133	0
1212	133	0
1213	133	0
1214	133	0
1215	133	0
1216	133	0
1217	133	0
1218	133	0
1219	133	0
1220	133	0
1221	133	0
1222	133	0
1223	133	0
1224	133	0
1225	133	0
1226	133	0
1227	133	0
1228	133	0
1229	133	0
1230	133	0
1231	133	0
1232	133	0
1233	133	0
1234	133	0
1235	133	0
1236	133	0
1237	133	0
1238	133	0
1239	133	0
1240	133	0
1241	133	0
1242	133	0
1243	133	0
1244	133	0
1245	133	0
1246	133	0
1247	133	0
1248	133	0
1249	133	0
1250	133	0
1251	133	0
1252	133	0
1253	133	0
1254	133	0
1255	133	0
1256	133	0
1257	133	0
1258	133	0
1259	133	0
1260	133	0
1261	133	0
1262	133	0
1263	133	0
1264	133	0
1265	133	0
1266	133	0
1267	133	0
1268	133	0
1269	133	0
1270	133	0
1271	133	0
1272	133	0
1273	133	0
1274	133	0
1275	133	0
1276	133	0
1277	133	0
1278	133	0
1279	133	0
1280	133	0
1281	133	0
1282	133	0
1283	133	0
1284	133	0
1285	133	0
1286	133	0
1287	133	0
1288	133	0
1289	133	0
1290	133	0
1291	133	0
1292	133	0
1293	133	0
1294	133	0
1295	133	0
1296	133	0
1297	133	0
1298	133	0
1299	133	0
1300	133	0
1301	133	0
1302	133	0
1303	133	0
1304	133	0
1305	133	0
1306	133	0
1307	133	0
1308	133	0
1309	133	0
1310	133	0
1311	133	0
1312	133	0
1313	133	0
1314	133	0
1315	133	0
1316	133	0
1317	133	0
1318	133	0
1319	133	0
1320	133	0
1321	133	0
1322	133	0
1323	133	0
1324	133	0
1325	133	0
1326	133	0
1327	133	0
1328	133	0
1329	133	0
1330	133	0
1331	133	0
1332	133	0
1333	133	0
1334	133	0
1335	133	0
1336	133	0
1337	133	0
1338	133	0
1339	133	0
1340	133	0
1341	133	0
1342	133	0
1343	133	0
1344	133	0
1345	133	0
1346	133	0
1347	133	0
1348	133	0
1349	133	0
1350	133	0
1351	133	0
1352	133	0
1353	133	0
1354	133	0
1355	133	0
1356	133	0
1357	133	0
1358	133	0
1359	133	0
1360	133	0
1361	133	0
1362	133	0
1363	133	0
1364	133	0
1365	133	0
1366	133	0
1367	133	0
1368	133	0
1369	133	0
1370	133	0
1371	133	0
1372	133	0
1373	133	0
1374	133	0
1375	133	0
1376	133	0
1377	133	0
1378	133	0
1379	133	0
1380	133	0
1381	133	0
1382	133	0
1383	133	0
1384	133	0
1385	133	0
1386	133	0
1387	133	0
1388	133	0
1389	133	0
1390	133	0
1391	133	0
1392	133	0
1393	133	0
1394	133	0
1395	133	0
1396	133	0
1397	133	0
1398	133	0
1399	133	0
1400	133	0
1401	133	0
1402	132	0
1403	133	0
1404	133	0
1405	133	0
1406	133	0
1407	133	0
1408	133	0
1409	133	0
1410	133	0
1411	133	0
1412	133	0
1413	133	0
1414	133	0
1415	133	0
1416	133	0
1417	133	0
1418	133	0
1419	133	0
1420	133	0
1421	133	0
1422	133	0
1423	133	0
1424	133	0
1425	133	0
1426	133	0
1427	133	0
1428	133	0
1429	133	0
1430	133	0
1431	133	0
1432	133	0
1433	133	0
1434	133	0
1435	133	0
1436	133	0
1437	133	0
1438	133	0
1439	133	0
1440	133	0
1441	133	0
1442	133	0
1443	133	0
1444	133	0
1445	133	0
1446	133	0
1447	133	0
1448	133	0
1449	133	0
1450	133	0
1451	133	0
1452	133	0
1453	133	0
1454	133	0
1455	133	0
1456	133	0
1457	133	0
1458	133	0
1459	133	0
1460	132	0
1461	133	0
1462	133	0
1463	133	0
1464	133	0
1465	133	0
1466	133	0
1467	133	0
1468	133	0
1469	133	0
1470	133	0
1471	133	0
1472	133	0
1473	133	0
1474	133	0
1475	133	0
1476	133	0
1477	133	0
1478	133	0
1479	133	0
1480	133	0
1481	133	0
1482	133	0
1483	133	0
1484	133	0
1485	133	0
1486	133	0
1487	133	0
1488	133	0
1489	133	0
1490	133	0
1491	133	0
1492	133	0
1493	133	0
1494	133	0
1495	133	0
1496	133	0
1497	133	0
1498	133	0
1499	133	0
1500	133	0
1501	133	0
1502	133	0
1503	133	0
1504	133	0
1505	133	0
1506	133	0
1507	133	0
1508	133	0
1509	133	0
1510	133	0
1511	134	0
1512	133	0
1513	133	0
1514	133	0
1515	133	0
1516	133	0
1517	133	0
1518	133	0
1519	133	0
1520	133	0
1521	133	0
1522	133	0
1523	133	0
1524	133	0
1525	133	0
1526	133	0
1527	133	0
1528	133	0
1529	133	0
1530	133	0
1531	133	0
1532	133	0
1533	133	0
1534	133	0
1535	133	0
1536	133	0
1537	133	0
1538	133	0
1539	133	0
1540	133	0
1541	133	0
1542	133	0
1543	133	0
1544	133	0
1545	133	0
1546	133	0
1547	133	0
1548	133	0
1549	133	0
1550	133	0
1551	133	0
1552	133	0
1553	133	0
1554	133	0
1555	133	0
1556	133	0
1557	133	0
1558	133	0
1559	133	0
1560	133	0
1561	133	0
1562	133	0
1563	133	0
1564	133	0
1565	133	0
1566	133	0
1567	133	0
1568	133	0
1569	133	0
1570	133	0
1571	133	0
1572	133	0
1573	133	0
1574	133	0
1575	133	0
1576	133	0
1577	133	0
1578	133	0
1579	133	0
1580	133	0
1581	133	0
1582	133	0
1583	133	0
1584	133	0
1585	133	0
1586	133	0
1587	133	0
1588	133	0
1589	133	0
1590	133	0
1591	133	0
1592	133	0
1593	133	0
1594	133	0
1595	133	0
1596	133	0
1597	133	0
1598	133	0
1599	133	0
1600	133	0
1601	133	0
1602	133	0
1603	133	0
1604	133	0
1605	133	0
1606	133	0
1607	133	0
1608	133	0
1609	133	0
1610	133	0
1611	133	0
1612	133	0
1613	133	0
1614	133	0
1615	133	0
1616	133	0
1617	133	0
1618	133	0
1619	133	0
1620	133	0
1621	133	0
1622	133	0
1623	133	0
1624	133	0
1625	133	0
1626	133	0
1627	133	0
1628	133	0
1629	133	0
1630	133	0
1631	133	0
1632	133	0
1633	133	0
1634	133	0
1635	133	0
1636	133	0
1637	133	0
1638	133	0
1639	133	0
1640	133	0
1641	133	0
1642	133	0
1643	133	0
1644	133	0
1645	133	0
1646	133	0
1647	133	0
1648	133	0
1649	133	0
1650	133	0
1651	133	0
1652	133	0
1653	133	0
1654	133	0
1655	133	0
1656	133	0
1657	133	0
1658	133	0
1659	133	0
1660	133	0
1661	133	0
1662	133	0
1663	133	0
1664	133	0
1665	133	0
1666	133	0
1667	133	0
1668	133	0
1669	133	0
1670	133	0
1671	133	0
1672	133	0
1673	133	0
1674	133	0
1675	133	0
1676	133	0
1677	133	0
1678	133	0
1679	133	0
1680	133	0
1681	133	0
1682	133	0
1683	133	0
1684	133	0
1685	133	0
1686	133	0
1687	133	0
1688	133	0
1689	133	0
1690	133	0
1691	133	0
1692	133	0
1693	133	0
1694	133	0
1695	133	0
1696	133	0
1697	133	0
1698	133	0
1699	133	0
1700	133	0
1701	133	0
1702	133	0
1703	133	0
1704	133	0
1705	133	0
1706	133	0
1707	133	0
1708	133	0
1709	133	0
1710	133	0
1711	133	0
1712	133	0
1713	133	0
1714	133	0
1715	133	0
1716	133	0
1717	133	0
1718	133	0
1719	133	0
1720	133	0
1721	133	0
1722	133	0
1723	133	0
1724	133	0
1725	133	0
1726	133	0
1727	133	0
1728	133	0
1729	133	0
1730	133	0
1731	133	0
1732	133	0
1733	133	0
1734	133	0
1735	133	0
1736	133	0
1737	133	0
1738	133	0
1739	133	0
1740	133	0
1741	133	0
1742	133	0
1743	133	0
1744	133	0
1745	133	0
1746	133	0
1747	133	0
1748	133	0
1749	133	0
1750	133	0
1751	133	0
1752	133	0
1753	133	0
1754	133	0
1755	133	0
1756	133	0
1757	133	0
1758	133	0
1759	133	0
1760	133	0
1761	133	0
1762	133	0
1763	133	0
1764	133	0
1765	133	0
1766	133	0
1767	133	0
1768	133	0
1769	133	0
1770	133	0
1771	133	0
1772	133	0
1773	133	0
1774	133	0
1775	133	0
1776	133	0
1777	133	0
1778	133	0
1779	133	0
1780	133	0
1781	133	0
1782	133	0
1783	133	0
1784	133	0
1785	133	0
1786	133	0
1787	133	0
1788	133	0
1789	133	0
1790	133	0
1791	133	0
1792	133	0
1793	133	0
1794	133	0
1795	133	0
1796	133	0
1797	133	0
1798	133	0
1799	133	0
1800	133	0
1801	133	0
1802	133	0
1803	133	0
1804	133	0
1805	133	0
1806	133	0
1807	133	0
1808	133	0
1809	133	0
1810	133	0
1811	133	0
1812	133	0
1813	133	0
1814	133	0
1815	133	0
1816	133	0
1817	133	0
1818	134	0
1819	133	0
1820	133	0
1821	133	0
1822	133	0
1823	133	0
1824	133	0
1825	133	0
1826	133	0
1827	133	0
1828	133	0
1829	133	0
1830	133	0
1831	133	0
1832	133	0
1833	133	0
1834	133	0
1835	133	0
1836	133	0
1837	133	0
1838	133	0
1839	133	0
1840	133	0
1841	133	0
1842	133	0
1843	133	0
1844	133	0
1845	133	0
1846	133	0
1847	133	0
1848	133	0
1849	133	0
1850	133	0
1851	133	0
1852	133	0
1853	133	0
1854	133	0
1855	133	0
1856	133	0
1857	133	0
1858	133	0
1859	133	0
1860	133	0
1861	133	0
1862	133	0
1863	133	0
1864	133	0
1865	133	0
1866	133	0
1867	133	0
1868	133	0
1869	133	0
1870	133	0
1871	133	0
1872	133	0
1873	133	0
1874	133	0
1875	133	0
1876	133	0
1877	133	0
1878	133	0
1879	133	0
1880	133	0
1881	133	0
1882	133	0
1883	133	0
1884	133	0
1885	133	0
1886	133	0
1887	133	0
1888	133	0
1889	133	0
1890	133	0
1891	133	0
1892	133	0
1893	133	0
1894	133	0
1895	133	0
1896	133	0
1897	132	0
1898	133	0
1899	133	0
1900	133	0
1901	133	0
1902	133	0
1903	133	0
1904	133	0
1905	133	0
1906	133	0
1907	132	0
1908	133	0
1909	133	0
1910	133	0
1911	133	0
1912	133	0
1913	133	0
1914	133	0
1915	133	0
1916	133	0
1917	133	0
1918	133	0
1919	133	0
1920	133	0
1921	133	0
1922	133	0
1923	133	0
1924	133	0
1925	133	0
1926	133	0
1927	133	0
1928	133	0
1929	133	0
1930	133	0
1931	133	0
1932	133	0
1933	133	0
1934	133	0
1935	133	0
1936	133	0
1937	133	0
1938	133	0
1939	133	0
1940	133	0
1941	133	0
1942	133	0
1943	133	0
1944	133	0
1945	133	0
1946	133	0
1947	133	0
1948	133	0
1949	133	0
1950	133	0
1951	133	0
1952	133	0
1953	133	0
1954	133	0
1955	133	0
1956	133	0
1957	133	0
1958	133	0
1959	133	0
1960	133	0
1961	133	0
1962	133	0
1963	133	0
1964	133	0
1965	133	0
1966	133	0
1967	133	0
1968	133	0
1969	133	0
1970	133	0
1971	133	0
1972	133	0
1973	133	0
1974	133	0
1975	133	0
1976	133	0
1977	133	0
1978	133	0
1979	133	0
1980	133	0
1981	133	0
1982	133	0
1983	133	0
1984	133	0
1985	133	0
1986	133	0
1987	133	0
1988	133	0
1989	133	0
1990	133	0
1991	133	0
1992	133	0
1993	133	0
1994	133	0
1995	133	0
1996	133	0
1997	133	0
1998	133	0
1999	133	0
2000	133	0
2001	133	0
2002	133	0
2003	133	0
2004	133	0
2005	133	0
2006	133	0
2007	133	0
2008	133	0
2009	133	0
2010	133	0
2011	133	0
2012	133	0
2013	133	0
2014	133	0
2015	133	0
2016	133	0
2017	133	0
2018	133	0
2019	133	0
2020	133	0
2021	133	0
2022	133	0
2023	133	0
2024	133	0
2025	133	0
2026	133	0
2027	133	0
2028	133	0
2029	133	0
2030	133	0
2031	133	0
2032	133	0
2033	133	0
2034	133	0
2035	133	0
2036	133	0
2037	133	0
2038	133	0
2039	133	0
2040	133	0
2041	133	0
2042	133	0
2043	133	0
2044	133	0
2045	133	0
2046	133	0
2047	133	0
2048	133	0
2049	133	0
2050	133	0
2051	133	0
2052	133	0
2053	133	0
2054	133	0
2055	133	0
2056	133	0
2057	133	0
2058	133	0
2059	133	0
2060	133	0
2061	133	0
2062	133	0
2063	133	0
2064	133	0
2065	133	0
2066	133	0
2067	133	0
2068	133	0
2069	133	0
2070	133	0
2071	133	0
2072	133	0
2073	133	0
2074	133	0
2075	133	0
2076	133	0
2077	133	0
2078	133	0
2079	133	0
2080	133	0
2081	133	0
2082	133	0
2083	133	0
2084	133	0
2085	132	0
2086	133	0
2087	133	0
2088	133	0
2089	133	0
2090	133	0
2091	133	0
2092	133	0
2093	133	0
2094	133	0
2095	133	0
2096	133	0
2097	133	0
2098	133	0
2099	133	0
2100	133	0
2101	133	0
2102	133	0
2103	133	0
2104	133	0
2105	133	0
2106	133	0
2107	133	0
2108	133	0
2109	133	0
2110	133	0
2111	133	0
2112	133	0
2113	133	0
2114	133	0
2115	133	0
2116	133	0
2117	133	0
2118	133	0
2119	133	0
2120	133	0
2121	133	0
2122	133	0
2123	133	0
2124	133	0
2125	133	0
2126	133	0
2127	133	0
2128	133	0
2129	133	0
2130	133	0
2131	133	0
2132	133	0
2133	133	0
2134	133	0
2135	133	0
2136	133	0
2137	133	0
2138	133	0
2139	133	0
2140	133	0
2141	133	0
2142	133	0
2143	133	0
2144	133	0
2145	133	0
2146	133	0
2147	133	0
2148	133	0
2149	133	0
2150	133	0
2151	133	0
2152	133	0
2153	133	0
2154	133	0
2155	133	0
2156	133	0
2157	133	0
2158	133	0
2159	133	0
2160	133	0
2161	133	0
2162	133	0
2163	133	0
2164	133	0
2165	133	0
2166	133	0
2167	133	0
2168	133	0
2169	133	0
2170	133	0
2171	133	0
2172	133	0
2173	133	0
2174	133	0
2175	133	0
2176	133	0
2177	133	0
2178	133	0
2179	133	0
2180	133	0
2181	133	0
2182	133	0
2183	133	0
2184	133	0
2185	133	0
2186	133	0
2187	133	0
2188	133	0
2189	133	0
2190	133	0
2191	133	0
2192	133	0
2193	133	0
2194	133	0
2195	133	0
2196	133	0
2197	133	0
2198	133	0
2199	133	0
2200	133	0
2201	133	0
2202	133	0
2203	133	0
2204	133	0
2205	133	0
2206	133	0
2207	133	0
2208	133	0
2209	133	0
2210	133	0
2211	133	0
2212	133	0
2213	133	0
2214	133	0
2215	133	0
2216	133	0
2217	133	0
2218	133	0
2219	133	0
2220	133	0
2221	133	0
2222	133	0
2223	133	0
2224	133	0
2225	133	0
2226	133	0
2227	133	0
2228	133	0
2229	133	0
2230	133	0
2231	133	0
2232	133	0
2233	133	0
2234	133	0
2235	133	0
2236	133	0
2237	133	0
2238	133	0
2239	133	0
2240	133	0
2241	133	0
2242	133	0
2243	133	0
2244	133	0
2245	133	0
2246	133	0
2247	133	0
2248	133	0
2249	133	0
2250	133	0
2251	133	0
2252	133	0
2253	133	0
2254	133	0
2255	133	0
2256	133	0
2257	133	0
2258	133	0
2259	133	0
2260	133	0
2261	133	0
2262	133	0
2263	133	0
2264	133	0
2265	133	0
2266	133	0
2267	133	0
2268	133	0
2269	133	0
2270	133	0
2271	133	0
2272	133	0
2273	133	0
2274	133	0
2275	133	0
2276	133	0
2277	133	0
2278	133	0
2279	133	0
2280	133	0
2281	133	0
2282	133	0
2283	133	0
2284	133	0
2285	133	0
2286	133	0
2287	133	0
2288	133	0
2289	133	0
2290	133	0
2291	133	0
2292	133	0
2293	133	0
2294	133	0
2295	133	0
2296	133	0
2297	133	0
2298	133	0
2299	133	0
2300	133	0
2301	133	0
2302	133	0
2303	133	0
2304	133	0
2305	133	0
2306	133	0
2307	133	0
2308	133	0
2309	133	0
2310	133	0
2311	133	0
2312	133	0
2313	133	0
2314	133	0
2315	133	0
2316	133	0
2317	133	0
2318	133	0
2319	134	0
2320	133	0
2321	133	0
2322	133	0
2323	133	0
2324	133	0
2325	133	0
2326	133	0
2327	133	0
2328	133	0
2329	133	0
2330	133	0
2331	133	0
2332	133	0
2333	133	0
2334	133	0
2335	133	0
2336	133	0
2337	133	0
2338	133	0
2339	133	0
2340	133	0
2341	133	0
2342	133	0
2343	133	0
2344	133	0
2345	133	0
2346	133	0
2347	133	0
2348	133	0
2349	133	0
2350	133	0
2351	133	0
2352	133	0
2353	133	0
2354	133	0
2355	133	0
2356	133	0
2357	133	0
2358	133	0
2359	133	0
2360	133	0
2361	133	0
2362	133	0
2363	133	0
2364	133	0
2365	133	0
2366	133	0
2367	133	0
2368	133	0
2369	133	0
2370	133	0
2371	133	0
2372	133	0
2373	133	0
2374	133	0
2375	133	0
2376	133	0
2377	133	0
2378	133	0
2379	133	0
2380	133	0
2381	133	0
2382	133	0
2383	133	0
2384	133	0
2385	133	0
2386	133	0
2387	133	0
2388	133	0
2389	133	0
2390	133	0
2391	133	0
2392	133	0
2393	133	0
2394	133	0
2395	133	0
2396	133	0
2397	133	0
2398	133	0
2399	133	0
2400	133	0
2401	133	0
2402	133	0
2403	133	0
2404	133	0
2405	133	0
2406	133	0
2407	133	0
2408	133	0
2409	133	0
2410	133	0
2411	133	0
2412	133	0
2413	133	0
2414	133	0
2415	133	0
2416	133	0
2417	133	0
2418	133	0
2419	133	0
2420	133	0
2421	133	0
2422	133	0
2423	133	0
2424	133	0
2425	133	0
2426	133	0
2427	133	0
2428	133	0
2429	133	0
2430	133	0
2431	133	0
2432	133	0
2433	133	0
2434	133	0
2435	133	0
2436	133	0
2437	133	0
2438	133	0
2439	133	0
2440	133	0
2441	133	0
2442	133	0
2443	133	0
2444	133	0
2445	133	0
2446	133	0
2447	133	0
2448	133	0
2449	133	0
2450	133	0
2451	133	0
2452	133	0
2453	133	0
2454	133	0
2455	133	0
2456	133	0
2457	133	0
2458	133	0
2459	133	0
2460	133	0
2461	133	0
2462	133	0
2463	133	0
2464	133	0
2465	133	0
2466	133	0
2467	133	0
2468	133	0
2469	133	0
2470	133	0
2471	133	0
2472	133	0
2473	133	0
2474	133	0
2475	133	0
2476	133	0
2477	133	0
2478	133	0
2479	133	0
2480	133	0
2481	133	0
2482	133	0
2483	133	0
2484	133	0
2485	133	0
2486	133	0
2487	133	0
2488	133	0
2489	133	0
2490	133	0
2491	133	0
2492	133	0
2493	133	0
2494	133	0
2495	133	0
2496	133	0
2497	133	0
2498	133	0
2499	133	0
2500	133	0
2501	133	0
2502	133	0
2503	133	0
2504	133	0
2505	133	0
2506	133	0
2507	133	0
2508	133	0
2509	133	0
2510	133	0
2511	133	0
2512	133	0
2513	133	0
2514	133	0
2515	133	0
2516	133	0
2517	133	0
2518	133	0
2519	133	0
2520	133	0
2521	133	0
2522	133	0
2523	133	0
2524	133	0
2525	133	0
2526	133	0
2527	133	0
2528	133	0
2529	133	0
2530	133	0
2531	133	0
2532	133	0
2533	133	0
2534	133	0
2535	133	0
2536	133	0
2537	133	0
2538	133	0
2539	133	0
2540	133	0
2541	133	0
2542	133	0
2543	133	0
2544	133	0
2545	133	0
2546	133	0
2547	133	0
2548	133	0
2549	133	0
2550	133	0
2551	133	0
2552	133	0
2553	133	0
2554	133	0
2555	133	0
2556	133	0
2557	133	0
2558	133	0
2559	133	0
2560	133	0
2561	133	0
2562	133	0
2563	133	0
2564	133	0
2565	133	0
2566	133	0
2567	133	0
2568	133	0
2569	133	0
2570	133	0
2571	133	0
2572	133	0
2573	133	0
2574	133	0
2575	133	0
2576	133	0
2577	133	0
2578	133	0
2579	133	0
2580	133	0
2581	133	0
2582	133	0
2583	133	0
2584	133	0
2585	133	0
2586	134	0
2587	133	0
2588	133	0
2589	133	0
2590	133	0
2591	133	0
2592	133	0
2593	133	0
2594	133	0
2595	133	0
2596	133	0
2597	133	0
2598	133	0
2599	133	0
2600	133	0
2601	133	0
2602	133	0
2603	133	0
2604	133	0
2605	133	0
2606	133	0
2607	133	0
2608	133	0
2609	133	0
2610	133	0
2611	133	0
2612	133	0
2613	133	0
2614	133	0
2615	133	0
2616	133	0
2617	133	0
2618	133	0
2619	133	0
2620	133	0
2621	133	0
2622	133	0
2623	133	0
2624	133	0
2625	133	0
2626	133	0
2627	133	0
2628	133	0
2629	133	0
2630	133	0
2631	133	0
2632	133	0
2633	133	0
2634	133	0
2635	133	0
2636	133	0
2637	133	0
2638	133	0
2639	133	0
2640	133	0
2641	133	0
2642	133	0
2643	133	0
2644	133	0
2645	133	0
2646	133	0
2647	133	0
2648	133	0
2649	133	0
2650	133	0
2651	133	0
2652	133	0
2653	133	0
2654	133	0
2655	133	0
2656	133	0
2657	133	0
2658	133	0
2659	133	0
2660	133	0
2661	133	0
2662	133	0
2663	133	0
2664	133	0
2665	133	0
2666	133	0
2667	133	0
2668	133	0
2669	133	0
2670	133	0
2671	133	0
2672	133	0
2673	133	0
2674	133	0
2675	133	0
2676	133	0
2677	133	0
2678	133	0
2679	133	0
2680	133	0
2681	133	0
2682	133	0
2683	133	0
2684	133	0
2685	133	0
2686	133	0
2687	133	0
2688	133	0
2689	133	0
2690	133	0
2691	133	0
2692	133	0
2693	133	0
2694	133	0
2695	133	0
2696	133	0
2697	133	0
2698	133	0
2699	133	0
2700	133	0
2701	133	0
2702	133	0
2703	133	0
2704	133	0
2705	133	0
2706	133	0
2707	133	0
2708	133	0
2709	133	0
2710	133	0
2711	133	0
2712	133	0
2713	133	0
2714	133	0
2715	133	0
2716	133	0
2717	133	0
2718	133	0
2719	133	0
2720	133	0
2721	133	0
2722	133	0
2723	133	0
2724	133	0
2725	133	0
2726	133	0
2727	133	0
2728	133	0
2729	133	0
2730	133	0
2731	133	0
2732	133	0
2733	133	0
2734	133	0
2735	133	0
2736	133	0
2737	133	0
2738	133	0
2739	133	0
2740	133	0
2741	133	0
2742	133	0
2743	133	0
2744	133	0
2745	133	0
2746	133	0
2747	133	0
2748	133	0
2749	133	0
2750	133	0
2751	133	0
2752	133	0
2753	133	0
2754	133	0
2755	133	0
2756	133	0
2757	133	0
2758	133	0
2759	133	0
2760	133	0
2761	133	0
2762	133	0
2763	133	0
2764	133	0
2765	133	0
2766	133	0
2767	133	0
2768	133	0
2769	133	0
2770	133	0
2771	133	0
2772	133	0
2773	133	0
2774	133	0
2775	133	0
2776	133	0
2777	133	0
2778	133	0
2779	133	0
2780	133	0
2781	133	0
2782	133	0
2783	133	0
2784	133	0
2785	133	0
2786	133	0
2787	133	0
2788	133	0
2789	133	0
2790	133	0
2791	133	0
2792	133	0
2793	133	0
2794	133	0
2795	133	0
2796	133	0
2797	133	0
2798	133	0
2799	133	0
2800	133	0
2801	133	0
2802	133	0
2803	133	0
2804	133	0
2805	133	0
2806	133	0
2807	133	0
2808	133	0
2809	133	0
2810	133	0
2811	133	0
2812	133	0
2813	133	0
2814	133	0
2815	133	0
2816	133	0
2817	133	0
2818	133	0
2819	133	0
2820	133	0
2821	133	0
2822	133	0
2823	133	0
2824	133	0
2825	133	0
2826	133	0
2827	133	0
2828	133	0
2829	133	0
2830	133	0
2831	133	0
2832	133	0
2833	133	0
2834	133	0
2835	133	0
2836	133	0
2837	133	0
2838	133	0
2839	133	0
2840	133	0
2841	133	0
2842	133	0
2843	133	0
2844	133	0
2845	133	0
2846	133	0
2847	133	0
2848	133	0
2849	133	0
2850	133	0
2851	133	0
2852	133	0
2853	133	0
2854	133	0
2855	133	0
2856	133	0
2857	133	0
2858	133	0
2859	133	0
2860	133	0
2861	133	0
2862	133	0
2863	133	0
2864	133	0
2865	133	0
2866	133	0
2867	133	0
2868	133	0
2869	133	0
2870	133	0
2871	133	0
2872	133	0
2873	133	0
2874	133	0
2875	133	0
2876	133	0
2877	133	0
2878	133	0
2879	133	0
2880	133	0
2881	133	0
2882	133	0
2883	133	0
2884	133	0
2885	133	0
2886	133	0
2887	133	0
2888	133	0
2889	133	0
2890	133	0
2891	133	0
2892	133	0
2893	133	0
2894	133	0
2895	133	0
2896	133	0
2897	133	0
2898	133	0
2899	133	0
2900	133	0
2901	133	0
2902	133	0
2903	133	0
2904	133	0
2905	133	0
2906	133	0
2907	133	0
2908	133	0
2909	133	0
2910	133	0
2911	133	0
2912	133	0
2913	133	0
2914	133	0
2915	133	0
2916	133	0
2917	133	0
2918	133	0
2919	133	0
2920	133	0
2921	133	0
2922	133	0
2923	133	0
2924	133	0
2925	133	0
2926	133	0
2927	133	0
2928	133	0
2929	133	0
2930	133	0
2931	133	0
2932	133	0
2933	133	0
2934	133	0
2935	133	0
2936	133	0
2937	133	0
2938	133	0
2939	133	0
2940	133	0
2941	133	0
2942	133	0
2943	133	0
2944	133	0
2945	133	0
2946	133	0
2947	133	0
2948	133	0
2949	133	0
2950	133	0
2951	133	0
2952	133	0
2953	133	0
2954	133	0
2955	133	0
2956	133	0
2957	133	0
2958	133	0
2959	133	0
2960	133	0
2961	133	0
2962	133	0
2963	133	0
2964	133	0
2965	133	0
2966	133	0
2967	133	0
2968	133	0
2969	133	0
2970	133	0
2971	133	0
2972	133	0
2973	133	0
2974	133	0
2975	133	0
2976	133	0
2977	133	0
2978	133	0
2979	133	0
2980	133	0
2981	133	0
2982	133	0
2983	133	0
2984	133	0
2985	133	0
2986	133	0
2987	133	0
2988	133	0
2989	133	0
2990	133	0
2991	133	0
2992	133	0
2993	133	0
2994	133	0
2995	133	0
2996	133	0
2997	133	0
2998	133	0
2999	133	0
3000	133	0
3001	133	0
3002	133	0
3003	133	0
3004	133	0
3005	133	0
3006	133	0
3007	133	0
3008	133	0
3009	133	0
3010	133	0
3011	133	0
3012	133	0
3013	133	0
3014	133	0
3015	133	0
3016	133	0
3017	133	0
3018	133	0
3019	133	0
3020	133	0
3021	133	0
3022	133	0
3023	133	0
3024	133	0
3025	133	0
3026	133	0
3027	133	0
3028	133	0
3029	133	0
3030	133	0
3031	133	0
3032	133	0
3033	133	0
3034	133	0
3035	133	0
3036	133	0
3037	133	0
3038	133	0
3039	133	0
3040	133	0
3041	133	0
3042	133	0
3043	133	0
3044	133	0
3045	133	0
3046	133	0
3047	133	0
3048	133	0
3049	133	0
3050	133	0
3051	133	0
3052	133	0
3053	133	0
3054	133	0
3055	133	0
3056	133	0
3057	133	0
3058	133	0
3059	133	0
3060	133	0
3061	133	0
3062	133	0
3063	133	0
3064	133	0
3065	133	0
3066	133	0
3067	133	0
3068	133	0
3069	133	0
3070	133	0
3071	133	0
3072	133	0
3073	133	0
3074	133	0
3075	133	0
3076	133	0
3077	133	0
3078	133	0
3079	133	0
3080	133	0
3081	133	0
3082	133	0
3083	133	0
3084	133	0
3085	133	0
3086	133	0
3087	133	0
3088	133	0
3089	133	0
3090	133	0
3091	133	0
3092	133	0
3093	133	0
3094	133	0
3095	133	0
3096	133	0
3097	133	0
3098	133	0
3099	133	0
3100	133	0
3101	133	0
3102	133	0
3103	133	0
3104	133	0
3105	133	0
3106	133	0
3107	133	0
3108	133	0
3109	133	0
3110	133	0
3111	133	0
3112	133	0
3113	133	0
3114	133	0
3115	133	0
3116	133	0
3117	133	0
3118	133	0
3119	133	0
3120	133	0
3121	133	0
3122	133	0
3123	133	0
3124	133	0
3125	133	0
3126	133	0
3127	133	0
3128	133	0
3129	133	0
3130	133	0
3131	133	0
3132	133	0
3133	133	0
3134	133	0
3135	133	0
3136	133	0
3137	133	0
3138	133	0
3139	133	0
3140	133	0
3141	133	0
3142	133	0
3143	133	0
3144	133	0
3145	133	0
3146	133	0
3147	133	0
3148	133	0
3149	133	0
3150	133	0
3151	133	0
3152	133	0
3153	133	0
3154	133	0
3155	133	0
3156	133	0
3157	133	0
3158	133	0
3159	133	0
3160	133	0
3161	133	0
3162	133	0
3163	133	0
3164	133	0
3165	133	0
3166	133	0
3167	133	0
3168	133	0
3169	133	0
3170	133	0
3171	133	0
3172	133	0
3173	133	0
3174	133	0
3175	133	0
3176	133	0
3177	133	0
3178	133	0
3179	133	0
3180	133	0
3181	133	0
3182	133	0
3183	133	0
3184	133	0
3185	133	0
3186	133	0
3187	133	0
3188	133	0
3189	133	0
3190	133	0
3191	133	0
3192	133	0
3193	133	0
3194	133	0
3195	133	0
3196	133	0
3197	133	0
3198	133	0
3199	133	0
3200	133	0
3201	133	0
3202	133	0
3203	133	0
3204	133	0
3205	133	0
3206	133	0
3207	133	0
3208	133	0
3209	133	0
3210	133	0
3211	133	0
3212	133	0
3213	133	0
3214	133	0
3215	133	0
3216	133	0
3217	133	0
3218	133	0
3219	133	0
3220	133	0
3221	133	0
3222	133	0
3223	133	0
3224	133	0
3225	133	0
3226	133	0
3227	133	0
3228	133	0
3229	133	0
3230	133	0
3231	133	0
3232	133	0
3233	133	0
3234	133	0
3235	133	0
3236	133	0
3237	133	0
3238	133	0
3239	133	0
3240	133	0
3241	133	0
3242	133	0
3243	133	0
3244	133	0
3245	133	0
3246	133	0
3247	133	0
3248	133	0
3249	133	0
3250	133	0
3251	133	0
3252	133	0
3253	133	0
3254	133	0
3255	133	0
3256	133	0
3257	133	0
3258	133	0
3259	133	0
3260	133	0
3261	133	0
3262	133	0
3263	133	0
3264	133	0
3265	133	0
3266	133	0
3267	133	0
3268	133	0
3269	133	0
3270	133	0
3271	133	0
3272	133	0
3273	133	0
3274	133	0
3275	133	0
3276	133	0
3277	133	0
3278	133	0
3279	133	0
3280	133	0
3281	133	0
3282	133	0
3283	133	0
3284	133	0
3285	133	0
3286	133	0
3287	133	0
3288	133	0
3289	133	0
3290	133	0
3291	133	0
3292	133	0
3293	133	0
3294	133	0
3295	133	0
3296	133	0
3297	133	0
3298	133	0
3299	133	0
3300	133	0
3301	133	0
3302	133	0
3303	133	0
3304	133	0
3305	133	0
3306	133	0
3307	133	0
3308	133	0
3309	133	0
3310	133	0
3311	133	0
3312	133	0
3313	133	0
3314	133	0
3315	133	0
3316	133	0
3317	133	0
3318	133	0
3319	133	0
3320	133	0
3321	133	0
3322	133	0
3323	133	0
3324	133	0
3325	133	0
3326	133	0
3327	133	0
3328	133	0
3329	133	0
3330	133	0
3331	133	0
3332	133	0
3333	133	0
3334	133	0
3335	133	0
3336	133	0
3337	133	0
3338	133	0
3339	133	0
3340	133	0
3341	133	0
3342	133	0
3343	133	0
3344	133	0
3345	133	0
3346	133	0
3347	133	0
3348	133	0
3349	133	0
3350	133	0
3351	133	0
3352	133	0
3353	133	0
3354	133	0
3355	133	0
3356	133	0
3357	133	0
3358	133	0
3359	133	0
3360	133	0
3361	133	0
3362	133	0
3363	133	0
3364	133	0
3365	133	0
3366	133	0
3367	133	0
3368	133	0
3369	133	0
3370	133	0
3371	133	0
3372	133	0
3373	133	0
3374	133	0
3375	133	0
3376	133	0
3377	133	0
3378	133	0
3379	133	0
3380	133	0
3381	133	0
3382	133	0
3383	133	0
3384	133	0
3385	133	0
3386	133	0
3387	133	0
3388	133	0
3389	133	0
3390	133	0
3391	133	0
3392	133	0
3393	133	0
3394	133	0
3395	133	0
3396	133	0
3397	133	0
3398	133	0
3399	133	0
3400	133	0
3401	133	0
3402	133	0
3403	133	0
3404	133	0
3405	133	0
3406	133	0
3407	133	0
3408	133	0
3409	133	0
3410	133	0
3411	133	0
3412	133	0
3413	133	0
3414	133	0
3415	133	0
3416	133	0
3417	133	0
3418	133	0
3419	133	0
3420	133	0
3421	133	0
3422	133	0
3423	133	0
3424	133	0
3425	133	0
3426	133	0
3427	133	0
3428	133	0
3429	133	0
3430	133	0
3431	133	0
3432	133	0
3433	133	0
3434	133	0
3435	132	0
3436	133	0
3437	133	0
3438	133	0
3439	133	0
3440	133	0
3441	133	0
3442	133	0
3443	133	0
3444	133	0
3445	133	0
3446	133	0
3447	133	0
3448	133	0
3449	133	0
3450	133	0
3451	133	0
3452	133	0
3453	133	0
3454	133	0
3455	133	0
3456	133	0
3457	133	0
3458	133	0
3459	133	0
3460	133	0
3461	133	0
3462	133	0
3463	133	0
3464	133	0
3465	133	0
3466	133	0
3467	133	0
3468	133	0
3469	133	0
3470	133	0
3471	133	0
3472	133	0
3473	133	0
3474	133	0
3475	133	0
3476	133	0
3477	133	0
3478	133	0
3479	133	0
3480	133	0
3481	133	0
3482	133	0
3483	133	0
3484	133	0
3485	133	0
3486	133	0
3487	133	0
3488	133	0
3489	133	0
3490	133	0
3491	133	0
3492	133	0
3493	133	0
3494	133	0
3495	133	0
3496	133	0
3497	133	0
3498	133	0
3499	133	0
3500	133	0
3501	133	0
3502	133	0
3503	133	0
3504	133	0
3505	133	0
3506	133	0
3507	133	0
3508	133	0
3509	132	0
3510	133	0
3511	133	0
3512	133	0
3513	133	0
3514	133	0
3515	133	0
3516	133	0
3517	133	0
3518	133	0
3519	133	0
3520	133	0
3521	133	0
3522	133	0
3523	133	0
3524	133	0
3525	133	0
3526	133	0
3527	133	0
3528	133	0
3529	133	0
3530	133	0
3531	133	0
3532	133	0
3533	133	0
3534	133	0
3535	133	0
3536	133	0
3537	133	0
3538	133	0
3539	133	0
3540	133	0
3541	133	0
3542	133	0
3543	133	0
3544	133	0
3545	133	0
3546	133	0
3547	133	0
3548	133	0
3549	133	0
3550	133	0
3551	133	0
3552	133	0
3553	133	0
3554	133	0
3555	133	0
3556	133	0
3557	133	0
3558	133	0
3559	133	0
3560	133	0
3561	133	0
3562	133	0
3563	133	0
3564	133	0
3565	133	0
3566	133	0
3567	133	0
3568	133	0
3569	133	0
3570	133	0
3571	133	0
3572	133	0
3573	133	0
3574	133	0
3575	133	0
3576	133	0
3577	133	0
3578	133	0
3579	133	0
3580	133	0
3581	133	0
3582	133	0
3583	133	0
3584	133	0
3585	133	0
3586	133	0
3587	133	0
3588	133	0
3589	133	0
3590	133	0
3591	133	0
3592	133	0
3593	133	0
3594	133	0
3595	133	0
3596	133	0
3597	133	0
3598	133	0
3599	133	0
3600	133	0
3601	133	0
3602	133	0
3603	133	0
3604	133	0
3605	133	0
3606	133	0
3607	133	0
3608	133	0
3609	133	0
3610	133	0
3611	133	0
3612	133	0
3613	133	0
3614	133	0
3615	133	0
3616	133	0
3617	133	0
3618	133	0
3619	133	0
3620	133	0
3621	133	0
3622	133	0
3623	133	0
3624	133	0
3625	133	0
3626	133	0
3627	133	0
3628	133	0
3629	133	0
3630	133	0
3631	133	0
3632	133	0
3633	133	0
3634	133	0
3635	133	0
3636	133	0
3637	133	0
3638	133	0
3639	133	0
3640	133	0
3641	133	0
3642	133	0
3643	133	0
3644	133	0
3645	133	0
3646	133	0
3647	133	0
3648	133	0
3649	133	0
3650	133	0
3651	133	0
3652	133	0
3653	133	0
3654	133	0
3655	133	0
3656	133	0
3657	133	0
3658	133	0
3659	133	0
3660	133	0
3661	133	0
3662	133	0
3663	133	0
3664	133	0
3665	133	0
3666	133	0
3667	133	0
3668	133	0
3669	133	0
3670	133	0
3671	133	0
3672	133	0
3673	133	0
3674	133	0
3675	133	0
3676	133	0
3677	133	0
3678	133	0
3679	133	0
3680	133	0
3681	133	0
3682	133	0
3683	133	0
3684	133	0
3685	133	0
3686	133	0
3687	133	0
3688	133	0
3689	133	0
3690	133	0
3691	133	0
3692	133	0
3693	133	0
3694	133	0
3695	133	0
3696	133	0
3697	133	0
3698	133	0
3699	133	0
3700	133	0
3701	133	0
3702	133	0
3703	133	0
3704	133	0
3705	133	0
3706	133	0
3707	133	0
3708	133	0
3709	133	0
3710	133	0
3711	133	0
3712	133	0
3713	133	0
3714	133	0
3715	133	0
3716	133	0
3717	133	0
3718	133	0
3719	133	0
3720	133	0
3721	133	0
3722	133	0
3723	133	0
3724	133	0
3725	133	0
3726	133	0
3727	133	0
3728	133	0
3729	133	0
3730	133	0
3731	133	0
3732	133	0
3733	133	0
3734	133	0
3735	133	0
3736	133	0
3737	133	0
3738	133	0
3739	133	0
3740	133	0
3741	133	0
3742	133	0
3743	133	0
3744	133	0
3745	133	0
3746	133	0
3747	133	0
3748	133	0
3749	133	0
3750	133	0
3751	133	0
3752	133	0
3753	133	0
3754	133	0
3755	133	0
3756	133	0
3757	133	0
3758	133	0
3759	133	0
3760	133	0
3761	133	0
3762	133	0
3763	133	0
3764	133	0
3765	133	0
3766	133	0
3767	133	0
3768	133	0
3769	133	0
3770	133	0
3771	133	0
3772	133	0
3773	133	0
3774	133	0
3775	133	0
3776	133	0
3777	133	0
3778	133	0
3779	133	0
3780	133	0
3781	133	0
3782	133	0
3783	133	0
3784	133	0
3785	133	0
3786	133	0
3787	133	0
3788	133	0
3789	133	0
3790	133	0
3791	133	0
3792	133	0
3793	133	0
3794	133	0
3795	133	0
3796	133	0
3797	133	0
3798	133	0
3799	133	0
3800	133	0
3801	133	0
3802	133	0
3803	133	0
3804	133	0
3805	133	0
3806	133	0
3807	133	0
3808	133	0
3809	133	0
3810	133	0
3811	133	0
3812	133	0
3813	133	0
3814	133	0
3815	133	0
3816	133	0
3817	133	0
3818	133	0
3819	133	0
3820	133	0
3821	133	0
3822	133	0
3823	133	0
3824	133	0
3825	133	0
3826	133	0
3827	133	0
3828	133	0
3829	133	0
3830	133	0
3831	133	0
3832	133	0
3833	133	0
3834	133	0
3835	133	0
3836	133	0
3837	133	0
3838	133	0
3839	133	0
3840	133	0
3841	133	0
3842	132	0
3843	133	0
3844	133	0
3845	133	0
3846	133	0
3847	133	0
3848	133	0
3849	133	0
3850	133	0
3851	133	0
3852	133	0
3853	133	0
3854	133	0
3855	133	0
3856	133	0
3857	133	0
3858	133	0
3859	133	0
3860	133	0
3861	132	0
3862	133	0
3863	133	0
3864	133	0
3865	133	0
3866	133	0
3867	133	0
3868	133	0
3869	133	0
3870	133	0
3871	133	0
3872	133	0
3873	133	0
3874	133	0
3875	133	0
3876	132	0
3877	133	0
3878	133	0
3879	133	0
3880	133	0
3881	133	0
3882	133	0
3883	133	0
3884	133	0
3885	133	0
3886	133	0
3887	133	0
3888	133	0
3889	133	0
3890	133	0
3891	133	0
3892	133	0
3893	133	0
3894	133	0
3895	133	0
3896	133	0
3897	133	0
3898	133	0
3899	133	0
3900	133	0
3901	133	0
3902	133	0
3903	133	0
3904	133	0
3905	133	0
3906	133	0
3907	133	0
3908	133	0
3909	133	0
3910	133	0
3911	133	0
3912	133	0
3913	133	0
3914	133	0
3915	133	0
3916	133	0
3917	133	0
3918	133	0
3919	133	0
3920	133	0
3921	133	0
3922	133	0
3923	133	0
3924	133	0
3925	133	0
3926	133	0
3927	133	0
3928	133	0
3929	133	0
3930	133	0
3931	133	0
3932	133	0
3933	133	0
3934	133	0
3935	133	0
3936	133	0
3937	133	0
3938	133	0
3939	133	0
3940	133	0
3941	133	0
3942	133	0
3943	133	0
3944	133	0
3945	133	0
3946	133	0
3947	133	0
3948	133	0
3949	133	0
3950	133	0
3951	133	0
3952	133	0
3953	133	0
3954	133	0
3955	133	0
3956	133	0
3957	133	0
3958	133	0
3959	133	0
3960	133	0
3961	133	0
3962	133	0
3963	132	0
3964	133	0
3965	133	0
3966	133	0
3967	133	0
3968	133	0
3969	133	0
3970	133	0
3971	133	0
3972	133	0
3973	133	0
3974	133	0
3975	133	0
3976	133	0
3977	133	0
3978	133	0
3979	133	0
3980	133	0
3981	133	0
3982	133	0
3983	133	0
3984	133	0
3985	133	0
3986	133	0
3987	133	0
3988	133	0
3989	133	0
3990	133	0
3991	133	0
3992	133	0
3993	133	0
3994	133	0
3995	133	0
3996	133	0
3997	133	0
3998	133	0
3999	133	0
4000	133	0
4001	133	0
4002	133	0
4003	133	0
4004	133	0
4005	133	0
4006	133	0
4007	133	0
4008	133	0
4009	133	0
4010	133	0
4011	133	0
4012	133	0
4013	133	0
4014	133	0
4015	133	0
4016	133	0
4017	133	0
4018	133	0
4019	133	0
4020	133	0
4021	133	0
4022	133	0
4023	133	0
4024	133	0
4025	133	0
4026	133	0
4027	133	0
4028	133	0
4029	133	0
4030	133	0
4031	133	0
4032	133	0
4033	133	0
4034	133	0
4035	133	0
4036	133	0
4037	133	0
4038	133	0
4039	133	0
4040	133	0
4041	133	0
4042	133	0
4043	133	0
4044	133	0
4045	133	0
4046	133	0
4047	133	0
4048	133	0
4049	133	0
4050	133	0
4051	133	0
4052	133	0
4053	133	0
4054	133	0
4055	133	0
4056	133	0
4057	133	0
4058	133	0
4059	133	0
4060	133	0
4061	133	0
4062	133	0
4063	133	0
4064	133	0
4065	133	0
4066	133	0
4067	133	0
4068	133	0
4069	133	0
4070	133	0
4071	133	0
4072	133	0
4073	133	0
4074	133	0
4075	133	0
4076	133	0
4077	133	0
4078	133	0
4079	133	0
4080	133	0
4081	133	0
4082	133	0
4083	133	0
4084	133	0
4085	133	0
4086	133	0
4087	133	0
4088	133	0
4089	133	0
4090	133	0
4091	133	0
4092	133	0
4093	133	0
4094	133	0
4095	133	0
4096	133	0
4097	133	0
4098	133	0
4099	133	0
4100	133	0
4101	133	0
4102	133	0
4103	133	0
4104	133	0
4105	133	0
4106	133	0
4107	133	0
4108	133	0
4109	133	0
4110	133	0
4111	133	0
4112	133	0
4113	133	0
4114	133	0
4115	133	0
4116	133	0
4117	133	0
4118	133	0
4119	133	0
4120	133	0
4121	133	0
4122	133	0
4123	133	0
4124	133	0
4125	133	0
4126	133	0
4127	133	0
4128	133	0
4129	133	0
4130	133	0
4131	133	0
4132	133	0
4133	133	0
4134	133	0
4135	133	0
4136	133	0
4137	133	0
4138	133	0
4139	133	0
4140	133	0
4141	133	0
4142	133	0
4143	133	0
4144	133	0
4145	133	0
4146	133	0
4147	133	0
4148	132	0
4149	133	0
4150	133	0
4151	133	0
4152	133	0
4153	133	0
4154	133	0
4155	133	0
4156	133	0
4157	133	0
4158	133	0
4159	133	0
4160	133	0
4161	133	0
4162	133	0
4163	133	0
4164	133	0
4165	133	0
4166	133	0
4167	133	0
4168	133	0
4169	133	0
4170	133	0
4171	134	0
4172	133	0
4173	133	0
4174	133	0
4175	133	0
4176	133	0
4177	133	0
4178	133	0
4179	133	0
4180	133	0
4181	133	0
4182	133	0
4183	133	0
4184	133	0
4185	133	0
4186	133	0
4187	133	0
4188	133	0
4189	133	0
4190	133	0
4191	133	0
4192	133	0
4193	133	0
4194	133	0
4195	133	0
4196	133	0
4197	133	0
4198	133	0
4199	133	0
4200	133	0
4201	133	0
4202	133	0
4203	133	0
4204	133	0
4205	133	0
4206	133	0
4207	133	0
4208	133	0
4209	133	0
4210	133	0
4211	133	0
4212	133	0
4213	133	0
4214	133	0
4215	133	0
4216	133	0
4217	133	0
4218	133	0
4219	133	0
4220	133	0
4221	133	0
4222	133	0
4223	133	0
4224	133	0
4225	133	0
4226	133	0
4227	133	0
4228	133	0
4229	133	0
4230	133	0
4231	133	0
4232	133	0
4233	133	0
4234	133	0
4235	133	0
4236	133	0
4237	133	0
4238	133	0
4239	133	0
4240	133	0
4241	133	0
4242	133	0
4243	133	0
4244	133	0
4245	133	0
4246	133	0
4247	133	0
4248	133	0
4249	133	0
4250	133	0
4251	133	0
4252	133	0
4253	133	0
4254	133	0
4255	133	0
4256	133	0
4257	133	0
4258	133	0
4259	133	0
4260	133	0
4261	133	0
4262	133	0
4263	133	0
4264	133	0
4265	133	0
4266	133	0
4267	133	0
4268	133	0
4269	133	0
4270	133	0
4271	133	0
4272	133	0
4273	133	0
4274	133	0
4275	133	0
4276	133	0
4277	133	0
4278	133	0
4279	133	0
4280	133	0
4281	133	0
4282	133	0
4283	133	0
4284	133	0
4285	133	0
4286	133	0
4287	133	0
4288	133	0
4289	133	0
4290	133	0
4291	133	0
4292	133	0
4293	133	0
4294	133	0
4295	133	0
4296	133	0
4297	133	0
4298	133	0
4299	133	0
4300	133	0
4301	133	0
4302	133	0
4303	133	0
4304	133	0
4305	133	0
4306	133	0
4307	133	0
4308	133	0
4309	133	0
4310	133	0
4311	133	0
4312	133	0
4313	133	0
4314	133	0
4315	133	0
4316	133	0
4317	133	0
4318	133	0
4319	133	0
4320	133	0
4321	132	0
4322	133	0
4323	133	0
4324	133	0
4325	133	0
4326	133	0
4327	133	0
4328	133	0
4329	133	0
4330	133	0
4331	133	0
4332	133	0
4333	133	0
4334	133	0
4335	133	0
4336	133	0
4337	133	0
4338	133	0
4339	133	0
4340	133	0
4341	133	0
4342	133	0
4343	133	0
4344	133	0
4345	133	0
4346	133	0
4347	133	0
4348	133	0
4349	133	0
4350	133	0
4351	133	0
4352	133	0
4353	133	0
4354	133	0
4355	133	0
4356	133	0
4357	133	0
4358	133	0
4359	133	0
4360	133	0
4361	133	0
4362	133	0
4363	133	0
4364	133	0
4365	133	0
4366	133	0
4367	133	0
4368	133	0
4369	133	0
4370	133	0
4371	133	0
4372	133	0
4373	133	0
4374	133	0
4375	133	0
4376	133	0
4377	133	0
4378	133	0
4379	133	0
4380	133	0
4381	133	0
4382	133	0
4383	133	0
4384	133	0
4385	133	0
4386	133	0
4387	133	0
4388	133	0
4389	133	0
4390	133	0
4391	133	0
4392	133	0
4393	133	0
4394	133	0
4395	133	0
4396	133	0
4397	133	0
4398	133	0
4399	133	0
4400	133	0
4401	133	0
4402	133	0
4403	133	0
4404	133	0
4405	133	0
4406	133	0
4407	133	0
4408	133	0
4409	133	0
4410	133	0
4411	133	0
4412	133	0
4413	133	0
4414	133	0
4415	133	0
4416	133	0
4417	133	0
4418	133	0
4419	133	0
4420	133	0
4421	133	0
4422	133	0
4423	133	0
4424	133	0
4425	133	0
4426	133	0
4427	133	0
4428	133	0
4429	133	0
4430	133	0
4431	133	0
4432	133	0
4433	133	0
4434	133	0
4435	133	0
4436	133	0
4437	133	0
4438	133	0
4439	133	0
4440	133	0
4441	133	0
4442	133	0
4443	133	0
4444	133	0
4445	133	0
4446	133	0
4447	133	0
4448	133	0
4449	133	0
4450	133	0
4451	133	0
4452	133	0
4453	133	0
4454	133	0
4455	133	0
4456	133	0
4457	133	0
4458	133	0
4459	133	0
4460	133	0
4461	133	0
4462	133	0
4463	133	0
4464	133	0
4465	133	0
4466	133	0
4467	133	0
4468	133	0
4469	133	0
4470	133	0
4471	133	0
4472	133	0
4473	133	0
4474	133	0
4475	133	0
4476	133	0
4477	133	0
4478	133	0
4479	133	0
4480	133	0
4481	133	0
4482	133	0
4483	133	0
4484	133	0
4485	133	0
4486	133	0
4487	133	0
4488	133	0
4489	133	0
4490	133	0
4491	133	0
4492	133	0
4493	133	0
4494	133	0
4495	133	0
4496	133	0
4497	133	0
4498	133	0
4499	133	0
4500	133	0
4501	133	0
4502	133	0
4503	133	0
4504	133	0
4505	133	0
4506	133	0
4507	133	0
4508	133	0
4509	133	0
4510	133	0
4511	133	0
4512	133	0
4513	133	0
4514	133	0
4515	133	0
4516	133	0
4517	133	0
4518	133	0
4519	133	0
4520	133	0
4521	133	0
4522	133	0
4523	133	0
4524	133	0
4525	133	0
4526	133	0
4527	133	0
4528	133	0
4529	133	0
4530	133	0
4531	133	0
4532	133	0
4533	133	0
4534	133	0
4535	133	0
4536	133	0
4537	133	0
4538	133	0
4539	133	0
4540	133	0
4541	133	0
4542	133	0
4543	133	0
4544	133	0
4545	133	0
4546	133	0
4547	133	0
4548	133	0
4549	133	0
4550	133	0
4551	133	0
4552	133	0
4553	133	0
4554	133	0
4555	133	0
4556	133	0
4557	133	0
4558	133	0
4559	133	0
4560	133	0
4561	133	0
4562	133	0
4563	133	0
4564	133	0
4565	133	0
4566	133	0
4567	133	0
4568	133	0
4569	133	0
4570	133	0
4571	133	0
4572	133	0
4573	133	0
4574	133	0
4575	133	0
4576	133	0
4577	133	0
4578	133	0
4579	133	0
4580	133	0
4581	133	0
4582	132	0
4583	133	0
4584	133	0
4585	133	0
4586	133	0
4587	133	0
4588	133	0
4589	133	0
4590	133	0
4591	133	0
4592	133	0
4593	133	0
4594	133	0
4595	133	0
4596	133	0
4597	133	0
4598	133	0
4599	133	0
4600	133	0
4601	133	0
4602	133	0
4603	133	0
4604	133	0
4605	133	0
4606	133	0
4607	133	0
4608	133	0
4609	133	0
4610	133	0
4611	133	0
4612	133	0
4613	133	0
4614	133	0
4615	133	0
4616	133	0
4617	133	0
4618	133	0
4619	133	0
4620	133	0
4621	133	0
4622	133	0
4623	133	0
4624	133	0
4625	133	0
4626	133	0
4627	133	0
4628	133	0
4629	133	0
4630	133	0
4631	133	0
4632	133	0
4633	133	0
4634	133	0
4635	133	0
4636	133	0
4637	133	0
4638	133	0
4639	133	0
4640	133	0
4641	133	0
4642	133	0
4643	133	0
4644	133	0
4645	133	0
4646	133	0
4647	133	0
4648	133	0
4649	133	0
4650	133	0
4651	133	0
4652	133	0
4653	133	0
4654	133	0
4655	133	0
4656	133	0
4657	133	0
4658	133	0
4659	133	0
4660	132	0
4661	133	0
4662	133	0
4663	133	0
4664	133	0
4665	133	0
4666	133	0
4667	133	0
4668	133	0
4669	133	0
4670	133	0
4671	133	0
4672	133	0
4673	133	0
4674	133	0
4675	133	0
4676	133	0
4677	133	0
4678	133	0
4679	133	0
4680	133	0
4681	133	0
4682	133	0
4683	133	0
4684	133	0
4685	133	0
4686	133	0
4687	133	0
4688	133	0
4689	133	0
4690	133	0
4691	133	0
4692	133	0
4693	133	0
4694	133	0
4695	133	0
4696	133	0
4697	133	0
4698	133	0
4699	133	0
4700	133	0
4701	133	0
4702	133	0
4703	133	0
4704	133	0
4705	133	0
4706	133	0
4707	133	0
4708	133	0
4709	133	0
4710	133	0
4711	133	0
4712	133	0
4713	133	0
4714	133	0
4715	133	0
4716	133	0
4717	133	0
4718	133	0
4719	133	0
4720	133	0
4721	133	0
4722	133	0
4723	133	0
4724	133	0
4725	133	0
4726	133	0
4727	133	0
4728	133	0
4729	133	0
4730	133	0
4731	133	0
4732	133	0
4733	133	0
4734	133	0
4735	133	0
4736	133	0
4737	133	0
4738	133	0
4739	133	0
4740	133	0
4741	133	0
4742	133	0
4743	133	0
4744	133	0
4745	133	0
4746	133	0
4747	132	0
4748	133	0
4749	133	0
4750	133	0
4751	133	0
4752	133	0
4753	133	0
4754	133	0
4755	133	0
4756	133	0
4757	133	0
4758	133	0
4759	133	0
4760	133	0
4761	133	0
4762	133	0
4763	133	0
4764	133	0
4765	133	0
4766	133	0
4767	133	0
4768	133	0
4769	133	0
4770	133	0
4771	133	0
4772	133	0
4773	133	0
4774	133	0
4775	133	0
4776	133	0
4777	133	0
4778	133	0
4779	133	0
4780	133	0
4781	133	0
4782	133	0
4783	133	0
4784	133	0
4785	133	0
4786	133	0
4787	133	0
4788	133	0
4789	133	0
4790	133	0
4791	133	0
4792	133	0
4793	133	0
4794	133	0
4795	134	0
4796	133	0
4797	133	0
4798	133	0
4799	133	0
4800	133	0
4801	133	0
4802	133	0
4803	133	0
4804	133	0
4805	133	0
4806	133	0
4807	133	0
4808	133	0
4809	133	0
4810	133	0
4811	133	0
4812	133	0
4813	133	0
4814	133	0
4815	133	0
4816	133	0
4817	133	0
4818	133	0
4819	133	0
4820	133	0
4821	133	0
4822	133	0
4823	133	0
4824	133	0
4825	133	0
4826	133	0
4827	133	0
4828	133	0
4829	133	0
4830	133	0
4831	133	0
4832	133	0
4833	133	0
4834	133	0
4835	133	0
4836	133	0
4837	133	0
4838	133	0
4839	133	0
4840	133	0
4841	133	0
4842	133	0
4843	133	0
4844	133	0
4845	133	0
4846	133	0
4847	133	0
4848	133	0
4849	133	0
4850	133	0
4851	133	0
4852	133	0
4853	133	0
4854	133	0
4855	133	0
4856	133	0
4857	133	0
4858	133	0
4859	133	0
4860	133	0
4861	133	0
4862	133	0
4863	133	0
4864	133	0
4865	133	0
4866	133	0
4867	133	0
4868	133	0
4869	133	0
4870	133	0
4871	133	0
4872	133	0
4873	132	0
4874	133	0
4875	133	0
4876	133	0
4877	133	0
4878	133	0
4879	133	0
4880	133	0
4881	133	0
4882	133	0
4883	133	0
4884	133	0
4885	133	0
4886	133	0
4887	133	0
4888	133	0
4889	132	0
4890	133	0
4891	133	0
4892	133	0
4893	133	0
4894	133	0
4895	133	0
4896	133	0
4897	133	0
4898	133	0
4899	133	0
4900	133	0
4901	133	0
4902	133	0
4903	133	0
4904	133	0
4905	133	0
4906	133	0
4907	133	0
4908	133	0
4909	133	0
4910	133	0
4911	133	0
4912	133	0
4913	133	0
4914	133	0
4915	133	0
4916	133	0
4917	133	0
4918	133	0
4919	133	0
4920	133	0
4921	133	0
4922	133	0
4923	133	0
4924	133	0
4925	133	0
4926	133	0
4927	133	0
4928	133	0
4929	133	0
4930	133	0
4931	133	0
4932	133	0
4933	133	0
4934	133	0
4935	133	0
4936	133	0
4937	133	0
4938	133	0
4939	133	0
4940	133	0
4941	133	0
4942	133	0
4943	133	0
4944	133	0
4945	133	0
4946	133	0
4947	133	0
4948	133	0
4949	133	0
4950	133	0
4951	133	0
4952	133	0
4953	133	0
4954	133	0
4955	133	0
4956	133	0
4957	133	0
4958	133	0
4959	133	0
4960	133	0
4961	133	0
4962	133	0
4963	133	0
4964	133	0
4965	133	0
4966	133	0
4967	133	0
4968	133	0
4969	133	0
4970	133	0
4971	133	0
4972	133	0
4973	133	0
4974	133	0
4975	133	0
4976	133	0
4977	133	0
4978	133	0
4979	133	0
4980	133	0
4981	133	0
4982	133	0
4983	133	0
4984	133	0
4985	133	0
4986	133	0
4987	133	0
4988	133	0
4989	133	0
4990	133	0
4991	133	0
4992	133	0
4993	133	0
4994	133	0
4995	133	0
4996	133	0
4997	133	0
4998	133	0
4999	133	0
5000	133	0
5001	133	0
5002	133	0
5003	133	0
5004	133	0
5005	133	0
5006	133	0
5007	133	0
5008	133	0
5009	133	0
5010	133	0
5011	133	0
5012	133	0
5013	133	0
5014	133	0
5015	133	0
5016	133	0
5017	133	0
5018	133	0
5019	133	0
5020	133	0
5021	133	0
5022	133	0
5023	133	0
5024	133	0
5025	133	0
5026	133	0
5027	133	0
5028	133	0
5029	133	0
5030	133	0
5031	133	0
5032	133	0
5033	133	0
5034	133	0
5035	133	0
5036	133	0
5037	133	0
5038	133	0
5039	133	0
5040	133	0
5041	133	0
5042	133	0
5043	133	0
5044	133	0
5045	133	0
5046	133	0
5047	133	0
5048	133	0
5049	133	0
5050	133	0
5051	133	0
5052	133	0
5053	133	0
5054	133	0
5055	133	0
5056	133	0
5057	133	0
5058	133	0
5059	133	0
5060	133	0
5061	133	0
5062	133	0
5063	133	0
5064	133	0
5065	133	0
5066	133	0
5067	133	0
5068	133	0
5069	133	0
5070	133	0
5071	133	0
5072	133	0
5073	133	0
5074	133	0
5075	133	0
5076	133	0
5077	133	0
5078	133	0
5079	133	0
5080	133	0
5081	133	0
5082	133	0
5083	133	0
5084	133	0
5085	133	0
5086	133	0
5087	133	0
5088	133	0
5089	133	0
5090	133	0
5091	133	0
5092	133	0
5093	133	0
5094	133	0
5095	133	0
5096	133	0
5097	133	0
5098	133	0
5099	133	0
5100	133	0
5101	133	0
5102	133	0
5103	133	0
5104	133	0
5105	133	0
5106	133	0
5107	133	0
5108	133	0
5109	133	0
5110	133	0
5111	133	0
5112	133	0
5113	133	0
5114	133	0
5115	133	0
5116	133	0
5117	133	0
5118	133	0
5119	133	0
5120	133	0
5121	133	0
5122	133	0
5123	133	0
5124	133	0
5125	133	0
5126	133	0
5127	133	0
5128	133	0
5129	133	0
5130	133	0
5131	133	0
5132	133	0
5133	133	0
5134	133	0
5135	133	0
5136	133	0
5137	133	0
5138	133	0
5139	133	0
5140	133	0
5141	133	0
5142	133	0
5143	133	0
5144	133	0
5145	133	0
5146	133	0
5147	133	0
5148	133	0
5149	133	0
5150	133	0
5151	133	0
5152	133	0
5153	133	0
5154	133	0
5155	133	0
5156	133	0
5157	133	0
5158	133	0
5159	133	0
5160	133	0
5161	133	0
5162	133	0
5163	133	0
5164	133	0
5165	133	0
5166	133	0
5167	133	0
5168	133	0
5169	133	0
5170	133	0
5171	133	0
5172	133	0
5173	133	0
5174	133	0
5175	133	0
5176	133	0
5177	133	0
5178	133	0
5179	133	0
5180	133	0
5181	133	0
5182	133	0
5183	133	0
5184	133	0
5185	133	0
5186	133	0
5187	133	0
5188	133	0
5189	133	0
5190	133	0
5191	133	0
5192	133	0
5193	133	0
5194	133	0
5195	133	0
5196	133	0
5197	133	0
5198	133	0
5199	133	0
5200	133	0
5201	133	0
5202	133	0
5203	133	0
5204	133	0
5205	133	0
5206	133	0
5207	133	0
5208	133	0
5209	133	0
5210	133	0
5211	133	0
5212	133	0
5213	133	0
5214	133	0
5215	133	0
5216	133	0
5217	133	0
5218	133	0
5219	133	0
5220	133	0
5221	133	0
5222	133	0
5223	133	0
5224	133	0
5225	133	0
5226	133	0
5227	133	0
5228	133	0
5229	133	0
5230	133	0
5231	133	0
5232	133	0
5233	133	0
5234	133	0
5235	133	0
5236	133	0
5237	133	0
5238	133	0
5239	133	0
5240	133	0
5241	133	0
5242	133	0
5243	133	0
5244	133	0
5245	133	0
5246	133	0
5247	133	0
5248	133	0
5249	133	0
5250	133	0
5251	133	0
5252	133	0
5253	133	0
5254	133	0
5255	133	0
5256	133	0
5257	133	0
5258	133	0
5259	133	0
5260	133	0
5261	133	0
5262	133	0
5263	133	0
5264	133	0
5265	133	0
5266	133	0
5267	133	0
5268	133	0
5269	133	0
5270	133	0
5271	133	0
5272	133	0
5273	133	0
5274	133	0
5275	133	0
5276	133	0
5277	133	0
5278	133	0
5279	133	0
5280	133	0
5281	133	0
5282	133	0
5283	133	0
5284	133	0
5285	133	0
5286	133	0
5287	133	0
5288	133	0
5289	133	0
5290	133	0
5291	133	0
5292	133	0
5293	133	0
5294	133	0
5295	133	0
5296	133	0
5297	133	0
5298	133	0
5299	133	0
5300	132	0
5301	133	0
5302	133	0
5303	133	0
5304	133	0
5305	133	0
5306	133	0
5307	133	0
5308	133	0
5309	133	0
5310	133	0
5311	133	0
5312	133	0
5313	133	0
5314	133	0
5315	133	0
5316	133	0
5317	133	0
5318	133	0
5319	133	0
5320	133	0
5321	133	0
5322	133	0
5323	133	0
5324	133	0
5325	133	0
5326	133	0
5327	133	0
5328	133	0
5329	133	0
5330	133	0
5331	133	0
5332	133	0
5333	133	0
5334	133	0
5335	133	0
5336	133	0
5337	133	0
5338	133	0
5339	133	0
5340	133	0
5341	133	0
5342	133	0
5343	133	0
5344	133	0
5345	133	0
5346	133	0
5347	133	0
5348	133	0
5349	133	0
5350	133	0
5351	133	0
5352	133	0
5353	133	0
5354	133	0
5355	133	0
5356	133	0
5357	133	0
5358	133	0
5359	133	0
5360	133	0
5361	133	0
5362	133	0
5363	133	0
5364	133	0
5365	133	0
5366	133	0
5367	133	0
5368	133	0
5369	133	0
5370	133	0
5371	133	0
5372	133	0
5373	133	0
5374	133	0
5375	133	0
5376	133	0
5377	133	0
5378	133	0
5379	133	0
5380	133	0
5381	133	0
5382	133	0
5383	133	0
5384	133	0
5385	133	0
5386	133	0
5387	133	0
5388	133	0
5389	133	0
5390	133	0
5391	133	0
5392	133	0
5393	133	0
5394	133	0
5395	133	0
5396	133	0
5397	133	0
5398	133	0
5399	133	0
5400	133	0
5401	133	0
5402	133	0
5403	133	0
5404	133	0
5405	133	0
5406	133	0
5407	133	0
5408	133	0
5409	133	0
5410	133	0
5411	133	0
5412	133	0
5413	133	0
5414	133	0
5415	133	0
5416	133	0
5417	133	0
5418	133	0
5419	133	0
5420	133	0
5421	133	0
5422	133	0
5423	133	0
5424	133	0
5425	133	0
5426	133	0
5427	133	0
5428	133	0
5429	133	0
5430	133	0
5431	133	0
5432	133	0
5433	133	0
5434	133	0
5435	133	0
5436	133	0
5437	133	0
5438	133	0
5439	133	0
5440	133	0
5441	133	0
5442	133	0
5443	133	0
5444	133	0
5445	133	0
5446	133	0
5447	133	0
5448	133	0
5449	133	0
5450	133	0
5451	133	0
5452	133	0
5453	133	0
5454	133	0
5455	133	0
5456	133	0
5457	133	0
5458	133	0
5459	133	0
5460	133	0
5461	133	0
5462	133	0
5463	133	0
5464	133	0
5465	133	0
5466	133	0
5467	133	0
5468	133	0
5469	133	0
5470	133	0
5471	133	0
5472	133	0
5473	133	0
5474	133	0
5475	133	0
5476	133	0
5477	133	0
5478	133	0
5479	132	0
5480	133	0
5481	133	0
5482	133	0
5483	133	0
5484	133	0
5485	133	0
5486	133	0
5487	133	0
5488	133	0
5489	133	0
5490	132	0
5491	133	0
5492	133	0
5493	133	0
5494	133	0
5495	133	0
5496	133	0
5497	133	0
5498	133	0
5499	133	0
5500	133	0
5501	133	0
5502	133	0
5503	133	0
5504	133	0
5505	133	0
5506	133	0
5507	133	0
5508	133	0
5509	133	0
5510	133	0
5511	133	0
5512	133	0
5513	133	0
5514	133	0
5515	133	0
5516	133	0
5517	133	0
5518	133	0
5519	133	0
5520	133	0
5521	133	0
5522	133	0
5523	133	0
5524	133	0
5525	133	0
5526	133	0
5527	133	0
5528	133	0
5529	133	0
5530	133	0
5531	133	0
5532	133	0
5533	133	0
5534	133	0
5535	133	0
5536	133	0
5537	133	0
5538	133	0
5539	133	0
5540	133	0
5541	133	0
5542	133	0
5543	133	0
5544	133	0
5545	133	0
5546	133	0
5547	133	0
5548	133	0
5549	133	0
5550	133	0
5551	132	0
5552	133	0
5553	133	0
5554	133	0
5555	133	0
5556	133	0
5557	133	0
5558	133	0
5559	133	0
5560	133	0
5561	133	0
5562	133	0
5563	133	0
5564	133	0
5565	133	0
5566	133	0
5567	133	0
5568	133	0
5569	133	0
5570	133	0
5571	133	0
5572	133	0
5573	133	0
5574	133	0
5575	133	0
5576	133	0
5577	133	0
5578	133	0
5579	133	0
5580	133	0
5581	133	0
5582	133	0
5583	133	0
5584	133	0
5585	133	0
5586	133	0
5587	132	0
5588	133	0
5589	133	0
5590	133	0
5591	133	0
5592	133	0
5593	133	0
5594	133	0
5595	133	0
5596	133	0
5597	133	0
5598	133	0
5599	133	0
5600	133	0
5601	133	0
5602	133	0
5603	133	0
5604	133	0
5605	133	0
5606	133	0
5607	133	0
5608	133	0
5609	133	0
5610	133	0
5611	133	0
5612	133	0
5613	133	0
5614	133	0
5615	133	0
5616	133	0
5617	133	0
5618	133	0
5619	133	0
5620	133	0
5621	133	0
5622	133	0
5623	133	0
5624	133	0
5625	133	0
5626	133	0
5627	133	0
5628	133	0
5629	133	0
5630	133	0
5631	133	0
5632	133	0
5633	133	0
5634	133	0
5635	133	0
5636	133	0
5637	133	0
5638	132	0
5639	133	0
5640	133	0
5641	133	0
5642	133	0
5643	133	0
5644	133	0
5645	133	0
5646	133	0
5647	133	0
5648	133	0
5649	133	0
5650	133	0
5651	133	0
5652	133	0
5653	133	0
5654	133	0
5655	133	0
5656	133	0
5657	133	0
5658	133	0
5659	133	0
5660	133	0
5661	133	0
5662	133	0
5663	133	0
5664	133	0
5665	133	0
5666	133	0
5667	133	0
5668	133	0
5669	133	0
5670	133	0
5671	133	0
5672	133	0
5673	133	0
5674	133	0
5675	133	0
5676	133	0
5677	133	0
5678	133	0
5679	133	0
5680	133	0
5681	133	0
5682	133	0
5683	133	0
5684	133	0
5685	133	0
5686	133	0
5687	133	0
5688	133	0
5689	133	0
5690	133	0
5691	133	0
5692	133	0
5693	133	0
5694	133	0
5695	133	0
5696	133	0
5697	133	0
5698	133	0
5699	133	0
5700	133	0
5701	133	0
5702	133	0
5703	133	0
5704	133	0
5705	133	0
5706	133	0
5707	133	0
5708	133	0
5709	133	0
5710	133	0
5711	133	0
5712	133	0
5713	133	0
5714	133	0
5715	133	0
5716	133	0
5717	133	0
5718	133	0
5719	133	0
5720	133	0
5721	133	0
5722	133	0
5723	133	0
5724	133	0
5725	133	0
5726	133	0
5727	133	0
5728	133	0
5729	133	0
5730	133	0
5731	133	0
5732	133	0
5733	133	0
5734	133	0
5735	133	0
5736	133	0
5737	133	0
5738	133	0
5739	133	0
5740	133	0
5741	133	0
5742	133	0
5743	133	0
5744	133	0
5745	133	0
5746	133	0
5747	133	0
5748	133	0
5749	133	0
5750	133	0
5751	133	0
5752	133	0
5753	133	0
5754	133	0
5755	133	0
5756	133	0
5757	133	0
5758	133	0
5759	133	0
5760	133	0
5761	133	0
5762	133	0
5763	133	0
5764	133	0
5765	133	0
5766	133	0
5767	133	0
5768	133	0
5769	133	0
5770	133	0
5771	133	0
5772	133	0
5773	133	0
5774	133	0
5775	133	0
5776	133	0
5777	133	0
5778	133	0
5779	132	0
5780	133	0
5781	133	0
5782	133	0
5783	133	0
5784	133	0
5785	133	0
5786	133	0
5787	133	0
5788	133	0
5789	133	0
5790	133	0
5791	133	0
5792	133	0
5793	133	0
5794	133	0
5795	133	0
5796	133	0
5797	133	0
5798	133	0
5799	133	0
5800	133	0
5801	133	0
5802	133	0
5803	133	0
5804	133	0
5805	133	0
5806	133	0
5807	133	0
5808	133	0
5809	133	0
5810	133	0
5811	133	0
5812	133	0
5813	133	0
5814	133	0
5815	133	0
5816	133	0
5817	132	0
5818	133	0
5819	133	0
5820	133	0
5821	133	0
5822	133	0
5823	133	0
5824	133	0
5825	133	0
5826	133	0
5827	133	0
5828	133	0
5829	133	0
5830	133	0
5831	133	0
5832	133	0
5833	133	0
5834	133	0
5835	133	0
5836	133	0
5837	133	0
5838	133	0
5839	133	0
5840	133	0
5841	133	0
5842	133	0
5843	133	0
5844	133	0
5845	133	0
5846	133	0
5847	133	0
5848	133	0
5849	133	0
5850	133	0
5851	133	0
5852	133	0
5853	133	0
5854	133	0
5855	133	0
5856	133	0
5857	133	0
5858	133	0
5859	133	0
5860	133	0
5861	133	0
5862	133	0
5863	133	0
5864	133	0
5865	133	0
5866	133	0
5867	133	0
5868	133	0
5869	133	0
5870	133	0
5871	133	0
5872	133	0
5873	133	0
5874	133	0
5875	133	0
5876	133	0
5877	133	0
5878	133	0
5879	133	0
5880	133	0
5881	133	0
5882	133	0
5883	133	0
5884	133	0
5885	133	0
5886	133	0
5887	133	0
5888	133	0
5889	133	0
5890	133	0
5891	133	0
5892	133	0
5893	133	0
5894	133	0
5895	133	0
5896	133	0
5897	133	0
5898	133	0
5899	133	0
5900	133	0
5901	133	0
5902	133	0
5903	133	0
5904	133	0
5905	133	0
5906	133	0
5907	133	0
5908	133	0
5909	133	0
5910	133	0
5911	133	0
5912	133	0
5913	133	0
5914	133	0
5915	133	0
5916	133	0
5917	133	0
5918	133	0
5919	133	0
5920	133	0
5921	133	0
5922	133	0
5923	133	0
5924	133	0
5925	133	0
5926	133	0
5927	133	0
5928	133	0
5929	133	0
5930	133	0
5931	133	0
5932	133	0
5933	133	0
5934	133	0
5935	133	0
5936	133	0
5937	133	0
5938	133	0
5939	133	0
5940	133	0
5941	133	0
5942	133	0
5943	133	0
5944	133	0
5945	133	0
5946	133	0
5947	133	0
5948	133	0
5949	133	0
5950	133	0
5951	133	0
5952	133	0
5953	133	0
5954	133	0
5955	133	0
5956	133	0
5957	133	0
5958	133	0
5959	133	0
5960	133	0
5961	133	0
5962	133	0
5963	133	0
5964	133	0
5965	133	0
5966	133	0
5967	133	0
5968	133	0
5969	133	0
5970	133	0
5971	133	0
5972	133	0
5973	133	0
5974	133	0
5975	133	0
5976	133	0
5977	133	0
5978	133	0
5979	133	0
5980	133	0
5981	133	0
5982	133	0
5983	133	0
5984	133	0
5985	133	0
5986	133	0
5987	133	0
5988	133	0
5989	133	0
5990	133	0
5991	133	0
5992	133	0
5993	133	0
5994	133	0
5995	133	0
5996	133	0
5997	133	0
5998	133	0
5999	133	0
6000	133	0
6001	133	0
6002	133	0
6003	133	0
6004	133	0
6005	133	0
6006	133	0
6007	133	0
6008	133	0
6009	133	0
6010	133	0
6011	133	0
6012	133	0
6013	133	0
6014	133	0
6015	133	0
6016	133	0
6017	133	0
6018	133	0
6019	133	0
6020	133	0
6021	133	0
6022	133	0
6023	133	0
6024	133	0
6025	133	0
6026	133	0
6027	133	0
6028	133	0
6029	133	0
6030	133	0
6031	133	0
6032	133	0
6033	133	0
6034	133	0
6035	133	0
6036	133	0
6037	133	0
6038	133	0
6039	133	0
6040	133	0
6041	133	0
6042	133	0
6043	133	0
6044	133	0
6045	133	0
6046	133	0
6047	133	0
6048	133	0
6049	133	0
6050	133	0
6051	133	0
6052	133	0
6053	133	0
6054	133	0
6055	133	0
6056	133	0
6057	133	0
6058	133	0
6059	133	0
6060	133	0
6061	133	0
6062	133	0
6063	133	0
6064	133	0
6065	133	0
6066	133	0
6067	133	0
6068	133	0
6069	133	0
6070	133	0
6071	133	0
6072	133	0
6073	133	0
6074	133	0
6075	133	0
6076	133	0
6077	133	0
6078	133	0
6079	133	0
6080	133	0
6081	133	0
6082	133	0
6083	133	0
6084	133	0
6085	133	0
6086	133	0
6087	133	0
6088	133	0
6089	133	0
6090	133	0
6091	133	0
6092	133	0
6093	133	0
6094	133	0
6095	133	0
6096	133	0
6097	133	0
6098	133	0
6099	133	0
6100	133	0
6101	133	0
6102	133	0
6103	133	0
6104	133	0
6105	133	0
6106	133	0
6107	133	0
6108	133	0
6109	133	0
6110	133	0
6111	133	0
6112	133	0
6113	133	0
6114	133	0
6115	133	0
6116	133	0
6117	133	0
6118	133	0
6119	133	0
6120	133	0
6121	133	0
6122	133	0
6123	133	0
6124	133	0
6125	133	0
6126	133	0
6127	133	0
6128	133	0
6129	133	0
6130	133	0
6131	133	0
6132	133	0
6133	133	0
6134	133	0
6135	133	0
6136	133	0
6137	133	0
6138	133	0
6139	133	0
6140	133	0
6141	133	0
6142	133	0
6143	133	0
6144	133	0
6145	133	0
6146	133	0
6147	133	0
6148	133	0
6149	133	0
6150	133	0
6151	133	0
6152	133	0
6153	133	0
6154	133	0
6155	133	0
6156	133	0
6157	133	0
6158	133	0
6159	133	0
6160	133	0
6161	133	0
6162	133	0
6163	133	0
6164	133	0
6165	133	0
6166	133	0
6167	133	0
6168	133	0
6169	133	0
6170	133	0
6171	133	0
6172	133	0
6173	133	0
6174	133	0
6175	133	0
6176	133	0
6177	133	0
6178	133	0
6179	133	0
6180	133	0
6181	133	0
6182	133	0
6183	133	0
6184	133	0
6185	133	0
6186	133	0
6187	133	0
6188	133	0
6189	133	0
6190	133	0
6191	133	0
6192	133	0
6193	133	0
6194	133	0
6195	133	0
6196	133	0
6197	133	0
6198	133	0
6199	133	0
6200	133	0
6201	133	0
6202	133	0
6203	133	0
6204	133	0
6205	133	0
6206	133	0
6207	133	0
6208	133	0
6209	133	0
6210	133	0
6211	133	0
6212	133	0
6213	133	0
6214	133	0
6215	133	0
6216	133	0
6217	133	0
6218	133	0
6219	133	0
6220	133	0
6221	133	0
6222	133	0
6223	133	0
6224	133	0
6225	133	0
6226	133	0
6227	133	0
6228	133	0
6229	133	0
6230	133	0
6231	133	0
6232	133	0
6233	132	0
6234	133	0
6235	133	0
6236	133	0
6237	133	0
6238	133	0
6239	133	0
6240	133	0
6241	133	0
6242	133	0
6243	133	0
6244	133	0
6245	133	0
6246	133	0
6247	133	0
6248	133	0
6249	133	0
6250	133	0
6251	133	0
6252	133	0
6253	133	0
6254	133	0
6255	133	0
6256	133	0
6257	133	0
6258	133	0
6259	133	0
6260	133	0
6261	133	0
6262	133	0
6263	133	0
6264	133	0
6265	133	0
6266	133	0
6267	133	0
6268	133	0
6269	133	0
6270	133	0
6271	133	0
6272	133	0
6273	133	0
6274	133	0
6275	133	0
6276	133	0
6277	133	0
6278	133	0
6279	133	0
6280	133	0
6281	133	0
6282	133	0
6283	133	0
6284	133	0
6285	133	0
6286	133	0
6287	133	0
6288	133	0
6289	133	0
6290	133	0
6291	133	0
6292	133	0
6293	133	0
6294	134	0
6295	133	0
6296	133	0
6297	133	0
6298	133	0
6299	133	0
6300	133	0
6301	133	0
6302	133	0
6303	133	0
6304	133	0
6305	133	0
6306	133	0
6307	133	0
6308	133	0
6309	133	0
6310	133	0
6311	133	0
6312	133	0
6313	133	0
6314	133	0
6315	133	0
6316	133	0
6317	133	0
6318	133	0
6319	133	0
6320	133	0
6321	133	0
6322	133	0
6323	133	0
6324	133	0
6325	133	0
6326	133	0
6327	133	0
6328	133	0
6329	133	0
6330	133	0
6331	133	0
6332	133	0
6333	133	0
6334	133	0
6335	133	0
6336	133	0
6337	133	0
6338	133	0
6339	133	0
6340	133	0
6341	133	0
6342	133	0
6343	133	0
6344	133	0
6345	133	0
6346	133	0
6347	133	0
6348	134	0
6349	133	0
6350	133	0
6351	133	0
6352	133	0
6353	133	0
6354	133	0
6355	133	0
6356	133	0
6357	133	0
6358	133	0
6359	133	0
6360	133	0
6361	133	0
6362	133	0
6363	133	0
6364	133	0
6365	133	0
6366	133	0
6367	133	0
6368	133	0
6369	133	0
6370	133	0
6371	133	0
6372	133	0
6373	133	0
6374	133	0
6375	133	0
6376	133	0
6377	133	0
6378	133	0
6379	133	0
6380	133	0
6381	133	0
6382	133	0
6383	133	0
6384	133	0
6385	133	0
6386	133	0
6387	133	0
6388	133	0
6389	133	0
6390	133	0
6391	133	0
6392	133	0
6393	133	0
6394	133	0
6395	133	0
6396	133	0
6397	133	0
6398	133	0
6399	133	0
6400	133	0
6401	133	0
6402	133	0
6403	133	0
6404	133	0
6405	133	0
6406	133	0
6407	133	0
6408	133	0
6409	133	0
6410	133	0
6411	133	0
6412	133	0
6413	133	0
6414	133	0
6415	133	0
6416	133	0
6417	133	0
6418	133	0
6419	133	0
6420	133	0
6421	133	0
6422	133	0
6423	133	0
6424	133	0
6425	133	0
6426	132	0
6427	133	0
6428	133	0
6429	133	0
6430	133	0
6431	133	0
6432	133	0
6433	133	0
6434	133	0
6435	133	0
6436	133	0
6437	133	0
6438	133	0
6439	133	0
6440	133	0
6441	133	0
6442	133	0
6443	133	0
6444	133	0
6445	133	0
6446	133	0
6447	133	0
6448	133	0
6449	133	0
6450	133	0
6451	133	0
6452	133	0
6453	133	0
6454	133	0
6455	133	0
6456	133	0
6457	133	0
6458	133	0
6459	133	0
6460	133	0
6461	133	0
6462	133	0
6463	133	0
6464	132	0
6465	133	0
6466	133	0
6467	133	0
6468	133	0
6469	133	0
6470	133	0
6471	133	0
6472	133	0
6473	133	0
6474	133	0
6475	133	0
6476	133	0
6477	134	0
6478	133	0
6479	133	0
6480	133	0
6481	133	0
6482	133	0
6483	133	0
6484	132	0
6485	133	0
6486	133	0
6487	133	0
6488	133	0
6489	133	0
6490	133	0
6491	133	0
6492	133	0
6493	133	0
6494	133	0
6495	133	0
6496	133	0
6497	133	0
6498	133	0
6499	133	0
6500	133	0
6501	133	0
6502	133	0
6503	133	0
6504	133	0
6505	133	0
6506	133	0
6507	133	0
6508	133	0
6509	133	0
6510	133	0
6511	133	0
6512	133	0
6513	133	0
6514	133	0
6515	133	0
6516	133	0
6517	133	0
6518	133	0
6519	133	0
6520	133	0
6521	133	0
6522	133	0
6523	133	0
6524	133	0
6525	133	0
6526	133	0
6527	133	0
6528	133	0
6529	133	0
6530	133	0
6531	133	0
6532	132	0
6533	133	0
6534	133	0
6535	133	0
6536	132	0
6537	133	0
6538	133	0
6539	133	0
6540	133	0
6541	133	0
6542	133	0
6543	133	0
6544	133	0
6545	133	0
6546	133	0
6547	133	0
6548	133	0
6549	133	0
6550	133	0
6551	133	0
6552	133	0
6553	133	0
6554	133	0
6555	133	0
6556	133	0
6557	133	0
6558	133	0
6559	133	0
6560	133	0
6561	133	0
6562	133	0
6563	133	0
6564	133	0
6565	133	0
6566	133	0
6567	133	0
6568	133	0
6569	133	0
6570	133	0
6571	133	0
6572	133	0
6573	133	0
6574	133	0
6575	133	0
6576	133	0
6577	133	0
6578	133	0
6579	133	0
6580	133	0
6581	133	0
6582	133	0
6583	133	0
6584	133	0
6585	133	0
6586	133	0
6587	133	0
6588	133	0
6589	133	0
6590	133	0
6591	133	0
6592	133	0
6593	133	0
6594	133	0
6595	133	0
6596	133	0
6597	133	0
6598	133	0
6599	133	0
6600	133	0
6601	133	0
6602	133	0
6603	133	0
6604	133	0
6605	133	0
6606	133	0
6607	133	0
6608	133	0
6609	133	0
6610	133	0
6611	133	0
6612	133	0
6613	133	0
6614	133	0
6615	133	0
6616	133	0
6617	133	0
6618	133	0
6619	133	0
6620	133	0
6621	133	0
6622	133	0
6623	133	0
6624	133	0
6625	133	0
6626	133	0
6627	133	0
6628	133	0
6629	133	0
6630	133	0
6631	133	0
6632	133	0
6633	133	0
6634	133	0
6635	133	0
6636	133	0
6637	133	0
6638	133	0
6639	133	0
6640	133	0
6641	133	0
6642	133	0
6643	133	0
6644	133	0
6645	133	0
6646	133	0
6647	133	0
6648	133	0
6649	133	0
6650	133	0
6651	133	0
6652	133	0
6653	133	0
6654	133	0
6655	133	0
6656	133	0
6657	133	0
6658	133	0
6659	133	0
6660	133	0
6661	133	0
6662	133	0
6663	133	0
6664	133	0
6665	133	0
6666	133	0
6667	133	0
6668	133	0
6669	133	0
6670	133	0
6671	133	0
6672	133	0
6673	133	0
6674	133	0
6675	133	0
6676	133	0
6677	133	0
6678	133	0
6679	133	0
6680	133	0
6681	133	0
6682	133	0
6683	133	0
6684	133	0
6685	133	0
6686	133	0
6687	133	0
6688	133	0
6689	133	0
6690	133	0
6691	133	0
6692	133	0
6693	133	0
6694	133	0
6695	133	0
6696	133	0
6697	133	0
6698	133	0
6699	133	0
6700	133	0
6701	133	0
6702	133	0
6703	133	0
6704	133	0
6705	133	0
6706	133	0
6707	133	0
6708	133	0
6709	133	0
6710	133	0
6711	133	0
6712	133	0
6713	133	0
6714	133	0
6715	133	0
6716	133	0
6717	133	0
6718	133	0
6719	133	0
6720	133	0
6721	133	0
6722	133	0
6723	133	0
6724	133	0
6725	133	0
6726	133	0
6727	133	0
6728	133	0
6729	133	0
6730	133	0
6731	133	0
6732	133	0
6733	133	0
6734	133	0
6735	133	0
6736	133	0
6737	133	0
6738	133	0
6739	133	0
6740	133	0
6741	133	0
6742	133	0
6743	133	0
6744	133	0
6745	133	0
6746	133	0
6747	133	0
6748	133	0
6749	133	0
6750	133	0
6751	133	0
6752	133	0
6753	133	0
6754	133	0
6755	133	0
6756	133	0
6757	133	0
6758	133	0
6759	133	0
6760	133	0
6761	133	0
6762	133	0
6763	133	0
6764	133	0
6765	133	0
6766	133	0
6767	133	0
6768	133	0
6769	133	0
6770	133	0
6771	133	0
6772	133	0
6773	133	0
6774	133	0
6775	133	0
6776	133	0
6777	133	0
6778	133	0
6779	133	0
6780	133	0
6781	133	0
6782	133	0
6783	133	0
6784	133	0
6785	133	0
6786	133	0
6787	133	0
6788	133	0
6789	133	0
6790	133	0
6791	133	0
6792	133	0
6793	133	0
6794	133	0
6795	133	0
6796	133	0
6797	133	0
6798	133	0
6799	133	0
6800	133	0
6801	133	0
6802	133	0
6803	133	0
6804	133	0
6805	133	0
6806	133	0
6807	133	0
6808	133	0
6809	133	0
6810	133	0
6811	133	0
6812	133	0
6813	133	0
6814	133	0
6815	133	0
6816	133	0
6817	133	0
6818	133	0
6819	133	0
6820	133	0
6821	133	0
6822	133	0
6823	133	0
6824	133	0
6825	133	0
6826	133	0
6827	133	0
6828	133	0
6829	133	0
6830	133	0
6831	133	0
6832	133	0
6833	133	0
6834	133	0
6835	133	0
6836	133	0
6837	133	0
6838	133	0
6839	133	0
6840	133	0
6841	133	0
6842	133	0
6843	133	0
6844	133	0
6845	133	0
6846	133	0
6847	133	0
6848	133	0
6849	133	0
6850	133	0
6851	133	0
6852	133	0
6853	133	0
6854	133	0
6855	133	0
6856	133	0
6857	133	0
6858	133	0
6859	133	0
6860	133	0
6861	133	0
6862	133	0
6863	133	0
6864	133	0
6865	133	0
6866	133	0
6867	133	0
6868	133	0
6869	133	0
6870	133	0
6871	133	0
6872	133	0
6873	133	0
6874	133	0
6875	133	0
6876	133	0
6877	133	0
6878	133	0
6879	133	0
6880	133	0
6881	133	0
6882	133	0
6883	133	0
6884	133	0
6885	133	0
6886	133	0
6887	133	0
6888	133	0
6889	133	0
6890	133	0
6891	133	0
6892	133	0
6893	133	0
6894	133	0
6895	133	0
6896	133	0
6897	133	0
6898	133	0
6899	133	0
6900	133	0
6901	133	0
6902	133	0
6903	133	0
6904	133	0
6905	133	0
6906	133	0
6907	133	0
6908	133	0
6909	133	0
6910	133	0
6911	133	0
6912	133	0
6913	133	0
6914	133	0
6915	133	0
6916	133	0
6917	133	0
6918	133	0
6919	133	0
6920	133	0
6921	133	0
6922	133	0
6923	133	0
6924	133	0
6925	133	0
6926	133	0
6927	133	0
6928	133	0
6929	133	0
6930	133	0
6931	133	0
6932	133	0
6933	133	0
6934	133	0
6935	133	0
6936	133	0
6937	133	0
6938	134	0
6939	133	0
6940	133	0
6941	133	0
6942	133	0
6943	133	0
6944	133	0
6945	133	0
6946	133	0
6947	133	0
6948	133	0
6949	133	0
6950	133	0
6951	133	0
6952	133	0
6953	133	0
6954	133	0
6955	133	0
6956	133	0
6957	133	0
6958	133	0
6959	133	0
6960	133	0
6961	133	0
6962	133	0
6963	133	0
6964	133	0
6965	133	0
6966	133	0
6967	133	0
6968	133	0
6969	133	0
6970	133	0
6971	133	0
6972	133	0
6973	133	0
6974	133	0
6975	133	0
6976	133	0
6977	133	0
6978	133	0
6979	133	0
6980	133	0
6981	133	0
6982	133	0
6983	133	0
6984	133	0
6985	133	0
6986	133	0
6987	133	0
6988	133	0
6989	133	0
6990	132	0
6991	133	0
6992	133	0
6993	133	0
6994	133	0
6995	133	0
6996	133	0
6997	133	0
6998	133	0
6999	133	0
7000	133	0
7001	133	0
7002	133	0
7003	133	0
7004	133	0
7005	133	0
7006	133	0
7007	133	0
7008	133	0
7009	133	0
7010	133	0
7011	133	0
7012	133	0
7013	133	0
7014	133	0
7015	132	0
7016	133	0
7017	133	0
7018	133	0
7019	133	0
7020	133	0
7021	133	0
7022	133	0
7023	133	0
7024	133	0
7025	133	0
7026	133	0
7027	133	0
7028	133	0
7029	133	0
7030	133	0
7031	133	0
7032	133	0
7033	133	0
7034	133	0
7035	133	0
7036	133	0
7037	133	0
7038	133	0
7039	133	0
7040	133	0
7041	133	0
7042	133	0
7043	133	0
7044	133	0
7045	133	0
7046	133	0
7047	133	0
7048	133	0
7049	133	0
7050	133	0
7051	133	0
7052	133	0
7053	133	0
7054	133	0
7055	133	0
7056	133	0
7057	133	0
7058	133	0
7059	133	0
7060	133	0
7061	133	0
7062	133	0
7063	133	0
7064	133	0
7065	133	0
7066	133	0
7067	133	0
7068	133	0
7069	133	0
7070	133	0
7071	133	0
7072	133	0
7073	133	0
7074	133	0
7075	133	0
7076	133	0
7077	133	0
7078	133	0
7079	133	0
7080	133	0
7081	133	0
7082	133	0
7083	133	0
7084	133	0
7085	133	0
7086	133	0
7087	133	0
7088	133	0
7089	133	0
7090	133	0
7091	133	0
7092	133	0
7093	133	0
7094	133	0
7095	133	0
7096	133	0
7097	133	0
7098	133	0
7099	133	0
7100	133	0
7101	133	0
7102	133	0
7103	133	0
7104	133	0
7105	133	0
7106	133	0
7107	133	0
7108	133	0
7109	133	0
7110	133	0
7111	133	0
7112	133	0
7113	133	0
7114	133	0
7115	133	0
7116	133	0
7117	133	0
7118	133	0
7119	133	0
7120	133	0
7121	133	0
7122	133	0
7123	133	0
7124	133	0
7125	133	0
7126	133	0
7127	133	0
7128	133	0
7129	133	0
7130	133	0
7131	133	0
7132	133	0
7133	133	0
7134	133	0
7135	133	0
7136	133	0
7137	133	0
7138	133	0
7139	133	0
7140	133	0
7141	133	0
7142	133	0
7143	133	0
7144	133	0
7145	133	0
7146	133	0
7147	133	0
7148	133	0
7149	133	0
7150	133	0
7151	133	0
7152	133	0
7153	133	0
7154	133	0
7155	133	0
7156	133	0
7157	133	0
7158	133	0
7159	133	0
7160	133	0
7161	133	0
7162	133	0
7163	133	0
7164	133	0
7165	133	0
7166	133	0
7167	133	0
7168	133	0
7169	133	0
7170	133	0
7171	133	0
7172	133	0
7173	133	0
7174	133	0
7175	133	0
7176	133	0
7177	133	0
7178	133	0
7179	133	0
7180	133	0
7181	133	0
7182	133	0
7183	133	0
7184	133	0
7185	133	0
7186	133	0
7187	133	0
7188	133	0
7189	133	0
7190	133	0
7191	133	0
7192	133	0
7193	133	0
7194	133	0
7195	133	0
7196	133	0
7197	133	0
7198	133	0
7199	133	0
7200	133	0
7201	133	0
7202	133	0
7203	133	0
7204	133	0
7205	133	0
7206	133	0
7207	133	0
7208	133	0
7209	133	0
7210	133	0
7211	133	0
7212	133	0
7213	133	0
7214	133	0
7215	133	0
7216	133	0
7217	133	0
7218	133	0
7219	133	0
7220	133	0
7221	133	0
7222	133	0
7223	133	0
7224	133	0
7225	133	0
7226	133	0
7227	133	0
7228	133	0
7229	133	0
7230	133	0
7231	133	0
7232	133	0
7233	133	0
7234	133	0
7235	133	0
7236	133	0
7237	133	0
7238	133	0
7239	133	0
7240	133	0
7241	133	0
7242	133	0
7243	133	0
7244	133	0
7245	133	0
7246	133	0
7247	133	0
7248	133	0
7249	133	0
7250	133	0
7251	133	0
7252	133	0
7253	133	0
7254	133	0
7255	133	0
7256	133	0
7257	133	0
7258	133	0
7259	133	0
7260	133	0
7261	133	0
7262	133	0
7263	133	0
7264	133	0
7265	133	0
7266	133	0
7267	133	0
7268	133	0
7269	133	0
7270	133	0
7271	133	0
7272	133	0
7273	133	0
7274	133	0
7275	133	0
7276	133	0
7277	133	0
7278	133	0
7279	133	0
7280	133	0
7281	133	0
7282	133	0
7283	133	0
7284	133	0
7285	133	0
7286	133	0
7287	133	0
7288	133	0
7289	133	0
7290	133	0
7291	133	0
7292	133	0
7293	133	0
7294	133	0
7295	133	0
7296	133	0
7297	133	0
7298	133	0
7299	133	0
7300	133	0
7301	133	0
7302	133	0
7303	133	0
7304	133	0
7305	133	0
7306	133	0
7307	133	0
7308	133	0
7309	133	0
7310	133	0
7311	133	0
7312	133	0
7313	133	0
7314	133	0
7315	133	0
7316	133	0
7317	133	0
7318	133	0
7319	133	0
7320	133	0
7321	133	0
7322	133	0
7323	133	0
7324	133	0
7325	133	0
7326	133	0
7327	133	0
7328	133	0
7329	133	0
7330	133	0
7331	133	0
7332	133	0
7333	133	0
7334	133	0
7335	133	0
7336	133	0
7337	133	0
7338	133	0
7339	133	0
7340	133	0
7341	133	0
7342	133	0
7343	133	0
7344	133	0
7345	133	0
7346	133	0
7347	133	0
7348	133	0
7349	133	0
7350	133	0
7351	133	0
7352	133	0
7353	133	0
7354	133	0
7355	133	0
7356	133	0
7357	133	0
7358	133	0
7359	133	0
7360	133	0
7361	133	0
7362	133	0
7363	133	0
7364	133	0
7365	133	0
7366	133	0
7367	133	0
7368	133	0
7369	133	0
7370	133	0
7371	133	0
7372	133	0
7373	133	0
7374	133	0
7375	133	0
7376	133	0
7377	133	0
7378	133	0
7379	133	0
7380	133	0
7381	133	0
7382	133	0
7383	133	0
7384	133	0
7385	133	0
7386	133	0
7387	133	0
7388	133	0
7389	133	0
7390	133	0
7391	133	0
7392	133	0
7393	133	0
7394	133	0
7395	133	0
7396	133	0
7397	133	0
7398	133	0
7399	133	0
7400	133	0
7401	133	0
7402	133	0
7403	133	0
7404	133	0
7405	133	0
7406	133	0
7407	133	0
7408	133	0
7409	133	0
7410	133	0
7411	133	0
7412	133	0
7413	133	0
7414	133	0
7415	133	0
7416	133	0
7417	133	0
7418	133	0
7419	133	0
7420	133	0
7421	133	0
7422	133	0
7423	133	0
7424	133	0
7425	133	0
7426	133	0
7427	133	0
7428	133	0
7429	133	0
7430	133	0
7431	133	0
7432	133	0
7433	133	0
7434	133	0
7435	133	0
7436	133	0
7437	133	0
7438	133	0
7439	133	0
7440	133	0
7441	133	0
7442	133	0
7443	133	0
7444	133	0
7445	133	0
7446	133	0
7447	133	0
7448	133	0
7449	133	0
7450	133	0
7451	133	0
7452	133	0
7453	133	0
7454	133	0
7455	133	0
7456	133	0
7457	133	0
7458	133	0
7459	133	0
7460	133	0
7461	133	0
7462	133	0
7463	133	0
7464	133	0
7465	133	0
7466	133	0
7467	133	0
7468	133	0
7469	133	0
7470	133	0
7471	133	0
7472	133	0
7473	133	0
7474	133	0
7475	133	0
7476	133	0
7477	133	0
7478	133	0
7479	133	0
7480	133	0
7481	133	0
7482	133	0
7483	133	0
7484	133	0
7485	133	0
7486	133	0
7487	133	0
7488	133	0
7489	133	0
7490	133	0
7491	133	0
7492	133	0
7493	133	0
7494	133	0
7495	133	0
7496	133	0
7497	133	0
7498	133	0
7499	133	0
7500	133	0
7501	133	0
7502	133	0
7503	133	0
7504	133	0
7505	133	0
7506	133	0
7507	133	0
7508	133	0
7509	133	0
7510	133	0
7511	133	0
7512	133	0
7513	133	0
7514	133	0
7515	133	0
7516	133	0
7517	133	0
7518	133	0
7519	133	0
7520	133	0
7521	133	0
7522	133	0
7523	133	0
7524	133	0
7525	133	0
7526	133	0
7527	133	0
7528	133	0
7529	133	0
7530	133	0
7531	133	0
7532	133	0
7533	133	0
7534	133	0
7535	133	0
7536	133	0
7537	133	0
7538	133	0
7539	133	0
7540	133	0
7541	133	0
7542	133	0
7543	133	0
7544	133	0
7545	133	0
7546	133	0
7547	133	0
7548	133	0
7549	133	0
7550	133	0
7551	133	0
7552	133	0
7553	133	0
7554	133	0
7555	133	0
7556	133	0
7557	133	0
7558	133	0
7559	133	0
7560	133	0
7561	133	0
7562	133	0
7563	133	0
7564	133	0
7565	133	0
7566	133	0
7567	133	0
7568	133	0
7569	133	0
7570	133	0
7571	133	0
7572	133	0
7573	133	0
7574	133	0
7575	133	0
7576	133	0
7577	133	0
7578	133	0
7579	133	0
7580	133	0
7581	133	0
7582	133	0
7583	133	0
7584	133	0
7585	133	0
7586	133	0
7587	133	0
7588	133	0
7589	133	0
7590	133	0
7591	133	0
7592	133	0
7593	133	0
7594	133	0
7595	133	0
7596	133	0
7597	133	0
7598	133	0
7599	133	0
7600	133	0
7601	133	0
7602	133	0
7603	133	0
7604	133	0
7605	133	0
7606	133	0
7607	133	0
7608	133	0
7609	133	0
7610	133	0
7611	133	0
7612	133	0
7613	133	0
7614	133	0
7615	133	0
7616	133	0
7617	133	0
7618	133	0
7619	133	0
7620	133	0
7621	133	0
7622	133	0
7623	133	0
7624	133	0
7625	133	0
7626	133	0
7627	133	0
7628	133	0
7629	133	0
7630	133	0
7631	133	0
7632	133	0
7633	133	0
7634	133	0
7635	133	0
7636	133	0
7637	133	0
7638	133	0
7639	133	0
7640	133	0
7641	133	0
7642	133	0
7643	133	0
7644	133	0
7645	133	0
7646	133	0
7647	133	0
7648	133	0
7649	133	0
7650	133	0
7651	133	0
7652	133	0
7653	133	0
7654	133	0
7655	133	0
7656	133	0
7657	133	0
7658	133	0
7659	133	0
7660	133	0
7661	133	0
7662	133	0
7663	133	0
7664	133	0
7665	133	0
7666	133	0
7667	133	0
7668	133	0
7669	133	0
7670	132	0
7671	133	0
7672	133	0
7673	133	0
7674	133	0
7675	133	0
7676	133	0
7677	133	0
7678	133	0
7679	133	0
7680	133	0
7681	133	0
7682	133	0
7683	133	0
7684	133	0
7685	133	0
7686	133	0
7687	133	0
7688	133	0
7689	133	0
7690	133	0
7691	133	0
7692	133	0
7693	133	0
7694	133	0
7695	133	0
7696	133	0
7697	133	0
7698	133	0
7699	133	0
7700	133	0
7701	133	0
7702	133	0
7703	133	0
7704	133	0
7705	133	0
7706	133	0
7707	133	0
7708	133	0
7709	133	0
7710	133	0
7711	133	0
7712	133	0
7713	133	0
7714	133	0
7715	133	0
7716	133	0
7717	133	0
7718	133	0
7719	133	0
7720	133	0
7721	133	0
7722	133	0
7723	133	0
7724	133	0
7725	133	0
7726	133	0
7727	133	0
7728	133	0
7729	133	0
7730	133	0
7731	133	0
7732	133	0
7733	133	0
7734	133	0
7735	133	0
7736	133	0
7737	133	0
7738	133	0
7739	133	0
7740	133	0
7741	133	0
7742	133	0
7743	133	0
7744	133	0
7745	133	0
7746	133	0
7747	133	0
7748	133	0
7749	133	0
7750	133	0
7751	133	0
7752	133	0
7753	133	0
7754	133	0
7755	133	0
7756	133	0
7757	133	0
7758	133	0
7759	133	0
7760	133	0
7761	133	0
7762	133	0
7763	133	0
7764	133	0
7765	133	0
7766	133	0
7767	133	0
7768	133	0
7769	133	0
7770	133	0
7771	133	0
7772	133	0
7773	133	0
7774	133	0
7775	133	0
7776	133	0
7777	133	0
7778	133	0
7779	134	0
7780	133	0
7781	133	0
7782	133	0
7783	133	0
7784	133	0
7785	133	0
7786	133	0
7787	133	0
7788	133	0
7789	133	0
7790	133	0
7791	133	0
7792	133	0
7793	133	0
7794	133	0
7795	133	0
7796	133	0
7797	133	0
7798	133	0
7799	133	0
7800	133	0
7801	133	0
7802	133	0
7803	133	0
7804	133	0
7805	133	0
7806	133	0
7807	133	0
7808	133	0
7809	133	0
7810	133	0
7811	133	0
7812	133	0
7813	133	0
7814	133	0
7815	133	0
7816	133	0
7817	133	0
7818	133	0
7819	133	0
7820	133	0
7821	133	0
7822	133	0
7823	133	0
7824	133	0
7825	133	0
7826	133	0
7827	133	0
7828	133	0
7829	133	0
7830	133	0
7831	133	0
7832	133	0
7833	133	0
7834	133	0
7835	133	0
7836	133	0
7837	133	0
7838	133	0
7839	133	0
7840	133	0
7841	133	0
7842	133	0
7843	133	0
7844	133	0
7845	133	0
7846	133	0
7847	133	0
7848	133	0
7849	133	0
7850	133	0
7851	133	0
7852	133	0
7853	133	0
7854	133	0
7855	133	0
7856	133	0
7857	133	0
7858	133	0
7859	133	0
7860	133	0
7861	133	0
7862	133	0
7863	133	0
7864	133	0
7865	133	0
7866	133	0
7867	133	0
7868	133	0
7869	133	0
7870	133	0
7871	133	0
7872	133	0
7873	133	0
7874	133	0
7875	133	0
7876	133	0
7877	133	0
7878	133	0
7879	133	0
7880	133	0
7881	133	0
7882	133	0
7883	133	0
7884	133	0
7885	133	0
7886	133	0
7887	133	0
7888	133	0
7889	133	0
7890	133	0
7891	133	0
7892	133	0
7893	133	0
7894	133	0
7895	133	0
7896	133	0
7897	133	0
7898	133	0
7899	133	0
7900	133	0
7901	133	0
7902	133	0
7903	133	0
7904	133	0
7905	133	0
7906	133	0
7907	133	0
7908	133	0
7909	133	0
7910	133	0
7911	133	0
7912	133	0
7913	133	0
7914	133	0
7915	133	0
7916	133	0
7917	133	0
7918	133	0
7919	133	0
7920	133	0
7921	133	0
7922	133	0
7923	133	0
7924	133	0
7925	133	0
7926	133	0
7927	133	0
7928	133	0
7929	133	0
7930	133	0
7931	133	0
7932	133	0
7933	133	0
7934	133	0
7935	133	0
7936	133	0
7937	133	0
7938	133	0
7939	133	0
7940	133	0
7941	133	0
7942	133	0
7943	133	0
7944	133	0
7945	133	0
7946	133	0
7947	133	0
7948	133	0
7949	133	0
7950	133	0
7951	133	0
7952	133	0
7953	133	0
7954	133	0
7955	133	0
7956	133	0
7957	133	0
7958	133	0
7959	133	0
7960	133	0
7961	133	0
7962	133	0
7963	133	0
7964	133	0
7965	132	0
7966	133	0
7967	133	0
7968	133	0
7969	133	0
7970	133	0
7971	133	0
7972	133	0
7973	133	0
7974	133	0
7975	133	0
7976	133	0
7977	133	0
7978	133	0
7979	133	0
7980	133	0
7981	133	0
7982	133	0
7983	133	0
7984	133	0
7985	133	0
7986	133	0
7987	133	0
7988	133	0
7989	133	0
7990	133	0
7991	133	0
7992	133	0
7993	133	0
7994	133	0
7995	133	0
7996	133	0
7997	133	0
7998	133	0
7999	133	0
