Oscilloscope data. 
Time step = 1,250 uS
Voltage step = 31,25 mV
Zero level = 125

N 	Smpl.	Trig

0	138	0
1	144	0
2	118	0
3	115	0
4	135	0
5	152	0
6	131	0
7	123	0
8	145	0
9	104	0
10	105	0
11	120	0
12	160	0
13	134	0
14	110	0
15	137	0
16	119	0
17	115	0
18	136	0
19	123	0
20	134	0
21	119	0
22	121	0
23	131	0
24	139	0
25	115	0
26	135	0
27	123	0
28	139	0
29	135	0
30	134	0
31	151	0
32	147	0
33	127	0
34	145	0
35	119	0
36	157	0
37	127	0
38	141	0
39	139	0
40	126	0
41	145	0
42	159	0
43	135	0
44	111	0
45	153	0
46	132	0
47	128	0
48	127	0
49	136	0
50	141	0
51	132	0
52	103	0
53	125	0
54	129	0
55	131	0
56	118	0
57	98	0
58	112	0
59	123	0
60	123	0
61	102	0
62	137	0
63	143	0
64	135	0
65	117	0
66	132	0
67	121	0
68	139	0
69	123	0
70	122	0
71	134	0
72	145	0
73	146	0
74	127	0
75	157	0
76	139	0
77	128	0
78	130	0
79	131	0
80	120	0
81	113	0
82	115	0
83	119	0
84	127	0
85	127	0
86	134	0
87	135	0
88	157	0
89	148	0
90	131	0
91	129	0
92	127	0
93	122	0
94	134	0
95	123	0
96	115	0
97	132	0
98	110	0
99	99	0
100	120	0
101	113	0
102	119	0
103	137	0
104	132	0
105	126	0
106	115	0
107	135	0
108	135	0
109	121	0
110	133	0
111	130	0
112	125	0
113	139	0
114	142	0
115	113	0
116	123	0
117	128	0
118	115	0
119	113	0
120	142	0
121	155	0
122	147	0
123	146	0
124	123	0
125	134	0
126	152	0
127	135	0
128	116	0
129	155	0
130	148	0
131	129	0
132	123	0
133	107	0
134	116	0
135	121	0
136	137	0
137	107	0
138	131	0
139	113	0
140	120	0
141	139	0
142	151	0
143	115	0
144	117	0
145	135	0
146	141	0
147	130	0
148	156	0
149	131	0
150	125	0
151	103	0
152	160	0
153	128	0
154	147	0
155	109	0
156	147	0
157	127	0
158	120	0
159	156	0
160	117	0
161	112	0
162	132	0
163	139	0
164	147	0
165	126	0
166	126	0
167	146	0
168	131	0
169	123	0
170	145	0
171	127	0
172	123	0
173	148	0
174	121	0
175	133	0
176	104	0
177	115	0
178	119	0
179	115	0
180	121	0
181	127	0
182	122	0
183	106	0
184	101	0
185	123	0
186	150	0
187	103	0
188	94	0
189	124	0
190	136	0
191	135	0
192	135	0
193	131	0
194	118	0
195	145	0
196	118	0
197	111	0
198	118	0
199	128	0
200	139	0
201	159	0
202	136	0
203	127	0
204	138	0
205	134	0
206	115	0
207	129	0
208	142	0
209	133	0
210	129	0
211	140	0
212	151	0
213	100	0
214	113	0
215	122	0
216	103	0
217	119	0
218	129	0
219	133	0
220	137	0
221	113	0
222	95	0
223	113	0
224	118	0
225	139	0
226	133	0
227	132	0
228	119	0
229	134	0
230	126	0
231	128	0
232	134	0
233	115	0
234	131	0
235	152	0
236	145	0
237	142	0
238	163	0
239	129	0
240	161	0
241	169	0
242	143	0
243	112	0
244	155	0
245	137	0
246	136	0
247	135	0
248	119	0
249	163	0
250	137	0
251	156	0
252	158	0
253	125	0
254	122	0
255	130	0
256	135	0
257	115	0
258	122	0
259	127	0
260	125	0
261	131	0
262	131	0
263	126	0
264	111	0
265	145	0
266	135	0
267	119	0
268	123	0
269	110	0
270	148	0
271	121	0
272	145	0
273	129	0
274	119	0
275	140	0
276	137	0
277	155	0
278	115	0
279	150	0
280	131	0
281	129	0
282	122	0
283	141	0
284	159	0
285	131	0
286	132	0
287	142	0
288	132	0
289	133	0
290	125	0
291	135	0
292	139	0
293	127	0
294	118	0
295	123	0
296	103	0
297	117	0
298	119	0
299	103	0
300	137	0
301	95	0
302	139	0
303	115	0
304	124	0
305	130	0
306	104	0
307	126	0
308	122	0
309	127	0
310	147	0
311	108	0
312	143	0
313	132	0
314	135	0
315	126	0
316	139	0
317	142	0
318	135	0
319	138	0
320	133	0
321	149	0
322	141	0
323	146	0
324	142	0
325	151	0
326	139	0
327	155	0
328	125	0
329	140	0
330	161	0
331	129	0
332	111	0
333	105	0
334	112	0
335	102	0
336	111	0
337	145	0
338	110	0
339	117	0
340	123	0
341	109	0
342	143	0
343	127	0
344	127	0
345	113	0
346	111	0
347	127	0
348	134	0
349	127	0
350	147	0
351	131	0
352	137	0
353	154	0
354	133	0
355	131	0
356	151	0
357	135	0
358	137	0
359	130	0
360	141	0
361	145	0
362	135	0
363	133	0
364	148	0
365	129	0
366	131	0
367	132	0
368	119	0
369	147	0
370	136	0
371	117	0
372	119	0
373	139	0
374	122	0
375	124	0
376	94	0
377	136	0
378	122	0
379	139	0
380	141	0
381	127	0
382	135	0
383	121	0
384	147	0
385	97	0
386	132	0
387	108	0
388	115	0
389	142	0
390	130	0
391	118	0
392	112	0
393	123	0
394	109	0
395	143	0
396	130	0
397	120	0
398	139	0
399	127	0
400	127	0
401	131	0
402	140	0
403	123	0
404	123	0
405	129	0
406	118	0
407	129	0
408	145	0
409	115	0
410	138	0
411	131	0
412	149	0
413	121	0
414	118	0
415	136	0
416	138	0
417	135	0
418	153	0
419	122	0
420	119	0
421	123	0
422	134	0
423	105	0
424	119	0
425	123	0
426	121	0
427	149	0
428	111	0
429	146	0
430	123	0
431	129	0
432	124	0
433	160	0
434	142	0
435	155	0
436	153	0
437	143	0
438	161	0
439	139	0
440	143	0
441	155	0
442	121	0
443	155	0
444	135	0
445	133	0
446	142	0
447	120	0
448	149	0
449	131	0
450	130	0
451	137	0
452	154	0
453	123	0
454	133	0
455	129	0
456	139	0
457	115	0
458	135	0
459	120	0
460	116	0
461	143	0
462	125	0
463	126	0
464	123	0
465	125	0
466	119	0
467	127	0
468	120	0
469	117	0
470	137	0
471	108	0
472	133	0
473	125	0
474	119	0
475	135	0
476	147	0
477	143	0
478	160	0
479	147	0
480	135	0
481	169	0
482	134	0
483	140	0
484	136	0
485	136	0
486	144	0
487	151	0
488	141	0
489	135	0
490	141	0
491	133	0
492	135	0
493	153	0
494	123	0
495	120	0
496	120	0
497	121	0
498	127	0
499	118	0
500	151	0
501	135	0
502	143	0
503	112	0
504	127	0
505	140	0
506	118	0
507	110	0
508	103	0
509	149	0
510	124	0
511	117	0
512	140	0
513	110	0
514	107	0
515	135	0
516	141	0
517	131	0
518	135	0
519	123	0
520	123	0
521	142	0
522	143	0
523	122	0
524	147	0
525	139	0
526	157	0
527	110	0
528	138	0
529	124	0
530	113	0
531	121	0
532	105	0
533	121	0
534	142	0
535	140	0
536	139	0
537	122	0
538	99	0
539	149	0
540	130	0
541	134	0
542	97	0
543	118	0
544	113	0
545	113	0
546	147	0
547	113	0
548	101	0
549	145	0
550	121	0
551	144	0
552	110	0
553	147	0
554	149	0
555	137	0
556	135	0
557	149	0
558	135	0
559	137	0
560	143	0
561	130	0
562	117	0
563	136	0
564	137	0
565	119	0
566	123	0
567	130	0
568	103	0
569	124	0
570	137	0
571	129	0
572	108	0
573	111	0
574	107	0
575	112	0
576	97	0
577	135	0
578	111	0
579	119	0
580	148	0
581	111	0
582	135	0
583	126	0
584	126	0
585	135	0
586	124	0
587	145	0
588	108	0
589	139	0
590	114	0
591	143	0
592	126	0
593	139	0
594	122	0
595	123	0
596	137	0
597	129	0
598	135	0
599	117	0
600	135	0
601	126	0
602	140	0
603	118	0
604	148	0
605	143	0
606	146	0
607	136	0
608	129	0
609	161	0
610	127	0
611	111	0
612	139	0
613	139	0
614	113	0
615	145	0
616	122	0
617	145	0
618	100	0
619	138	0
620	115	0
621	116	0
622	123	0
623	113	0
624	123	0
625	139	0
626	123	0
627	119	0
628	131	0
629	109	0
630	105	0
631	114	0
632	113	0
633	108	0
634	129	0
635	126	0
636	145	0
637	110	0
638	137	0
639	113	0
640	127	0
641	141	0
642	144	0
643	147	0
644	118	0
645	169	0
646	151	0
647	117	0
648	127	0
649	122	0
650	129	0
651	138	0
652	118	0
653	131	0
654	119	0
655	144	0
656	113	0
657	130	0
658	124	0
659	150	0
660	111	0
661	111	0
662	101	0
663	107	0
664	127	0
665	132	0
666	105	0
667	121	0
668	113	0
669	131	0
670	119	0
671	121	0
672	114	0
673	139	0
674	119	0
675	142	0
676	143	0
677	109	0
678	133	0
679	149	0
680	142	0
681	140	0
682	115	0
683	141	0
684	127	0
685	120	0
686	161	0
687	136	0
688	119	0
689	125	0
690	143	0
691	136	0
692	135	0
693	114	0
694	120	0
695	126	0
696	117	0
697	137	0
698	119	0
699	122	0
700	115	0
701	103	0
702	128	0
703	127	0
704	122	0
705	111	0
706	121	0
707	96	0
708	135	0
709	116	0
710	141	0
711	102	0
712	142	0
713	159	0
714	118	0
715	142	0
716	158	0
717	139	0
718	134	0
719	144	0
720	163	0
721	126	0
722	135	0
723	127	0
724	129	0
725	119	0
726	144	0
727	124	0
728	159	0
729	140	0
730	133	0
731	127	0
732	122	0
733	115	0
734	147	0
735	141	0
736	131	0
737	140	0
738	156	0
739	118	0
740	134	0
741	108	0
742	124	0
743	149	0
744	129	0
745	122	0
746	110	0
747	141	0
748	135	0
749	143	0
750	137	0
751	121	0
752	120	0
753	111	0
754	128	0
755	156	0
756	121	0
757	143	0
758	133	0
759	114	0
760	137	0
761	159	0
762	117	0
763	155	0
764	113	0
765	141	0
766	118	0
767	111	0
768	139	0
769	143	0
770	143	0
771	112	0
772	143	0
773	111	0
774	158	0
775	107	0
776	127	0
777	129	0
778	143	0
779	129	0
780	103	0
781	107	0
782	113	0
783	145	0
784	127	0
785	111	0
786	130	0
787	121	0
788	117	0
789	114	0
790	124	0
791	116	0
792	158	0
793	147	0
794	115	0
795	117	0
796	126	0
797	149	0
798	129	0
799	127	0
800	113	0
801	117	0
802	168	0
803	130	0
804	151	0
805	151	0
806	152	0
807	155	0
808	117	0
809	131	0
810	136	0
811	106	0
812	147	0
813	136	0
814	148	0
815	147	0
816	129	0
817	121	0
818	100	0
819	129	0
820	129	0
821	126	0
822	124	0
823	128	0
824	111	0
825	111	0
826	121	0
827	129	0
828	127	0
829	115	0
830	120	0
831	138	0
832	103	0
833	115	0
834	146	0
835	108	0
836	149	0
837	157	0
838	119	0
839	158	0
840	111	0
841	153	0
842	124	0
843	147	0
844	138	0
845	164	0
846	131	0
847	128	0
848	136	0
849	151	0
850	123	0
851	145	0
852	111	0
853	118	0
854	140	0
855	125	0
856	110	0
857	129	0
858	117	0
859	105	0
860	136	0
861	137	0
862	119	0
863	119	0
864	109	0
865	120	0
866	128	0
867	124	0
868	123	0
869	126	0
870	135	0
871	118	0
872	119	0
873	119	0
874	127	0
875	130	0
876	135	0
877	134	0
878	134	0
879	115	0
880	142	0
881	130	0
882	153	0
883	124	0
884	113	0
885	150	0
886	129	0
887	139	0
888	117	0
889	155	0
890	117	0
891	135	0
892	124	0
893	139	0
894	137	0
895	142	0
896	142	0
897	111	0
898	123	0
899	107	0
900	101	0
901	98	0
902	111	0
903	116	0
904	140	0
905	123	0
906	103	0
907	143	0
908	116	0
909	135	0
910	108	0
911	118	0
912	123	0
913	142	0
914	155	0
915	103	0
916	107	0
917	144	0
918	135	0
919	135	0
920	115	0
921	120	0
922	143	0
923	122	0
924	147	0
925	130	0
926	146	0
927	146	0
928	123	0
929	108	0
930	137	0
931	145	0
932	135	0
933	128	0
934	99	0
935	137	0
936	139	0
937	131	0
938	136	0
939	99	0
940	93	0
941	102	0
942	111	0
943	115	0
944	121	0
945	102	0
946	109	0
947	105	0
948	121	0
949	113	0
950	114	0
951	125	0
952	141	0
953	144	0
954	109	0
955	160	0
956	137	0
957	139	0
958	137	0
959	124	0
960	153	0
961	145	0
962	153	0
963	165	0
964	147	0
965	153	0
966	151	0
967	138	0
968	159	0
969	107	0
970	130	0
971	121	0
972	119	0
973	126	0
974	141	0
975	143	0
976	124	0
977	134	0
978	135	0
979	120	0
980	139	0
981	131	0
982	139	0
983	123	0
984	137	0
985	136	0
986	138	0
987	107	0
988	119	0
989	118	0
990	153	0
991	143	0
992	139	0
993	137	0
994	119	0
995	136	0
996	116	0
997	155	0
998	131	0
999	129	0
1000	147	0
1001	130	0
1002	111	0
1003	127	0
1004	123	0
1005	113	0
1006	134	0
1007	145	0
1008	140	0
1009	138	0
1010	126	0
1011	117	0
1012	137	0
1013	110	0
1014	158	0
1015	114	0
1016	123	0
1017	131	0
1018	133	0
1019	118	0
1020	110	0
1021	121	0
1022	143	0
1023	129	0
1024	111	0
1025	121	0
1026	112	0
1027	117	0
1028	107	0
1029	121	0
1030	123	0
1031	133	0
1032	122	0
1033	151	0
1034	105	0
1035	115	0
1036	131	0
1037	113	0
1038	135	0
1039	159	0
1040	149	0
1041	161	0
1042	157	0
1043	142	0
1044	116	0
1045	155	0
1046	129	0
1047	148	0
1048	147	0
1049	155	0
1050	128	0
1051	115	0
1052	117	0
1053	110	0
1054	114	0
1055	131	0
1056	142	0
1057	129	0
1058	110	0
1059	105	0
1060	114	0
1061	123	0
1062	132	0
1063	124	0
1064	135	0
1065	93	0
1066	120	0
1067	134	0
1068	118	0
1069	143	0
1070	130	0
1071	115	0
1072	135	0
1073	134	0
1074	163	0
1075	131	0
1076	153	0
1077	140	0
1078	129	0
1079	115	0
1080	141	0
1081	143	0
1082	124	0
1083	143	0
1084	135	0
1085	147	0
1086	131	0
1087	125	0
1088	111	0
1089	132	0
1090	135	0
1091	150	0
1092	139	0
1093	142	0
1094	111	0
1095	129	0
1096	118	0
1097	97	0
1098	143	0
1099	115	0
1100	125	0
1101	135	0
1102	113	0
1103	103	0
1104	126	0
1105	146	0
1106	143	0
1107	110	0
1108	108	0
1109	121	0
1110	144	0
1111	112	0
1112	117	0
1113	119	0
1114	154	0
1115	135	0
1116	117	0
1117	139	0
1118	161	0
1119	143	0
1120	161	0
1121	135	0
1122	139	0
1123	139	0
1124	145	0
1125	134	0
1126	155	0
1127	121	0
1128	115	0
1129	121	0
1130	124	0
1131	136	0
1132	116	0
1133	128	0
1134	145	0
1135	129	0
1136	103	0
1137	113	0
1138	137	0
1139	102	0
1140	96	0
1141	133	0
1142	145	0
1143	112	0
1144	121	0
1145	115	0
1146	97	0
1147	128	0
1148	136	0
1149	99	0
1150	115	0
1151	135	0
1152	129	0
1153	115	0
1154	147	0
1155	116	0
1156	147	0
1157	131	0
1158	124	0
1159	129	0
1160	141	0
1161	153	0
1162	147	0
1163	123	0
1164	134	0
1165	120	0
1166	136	0
1167	146	0
1168	117	0
1169	140	0
1170	134	0
1171	135	0
1172	126	0
1173	115	0
1174	142	0
1175	113	0
1176	125	0
1177	126	0
1178	135	0
1179	137	0
1180	106	0
1181	127	0
1182	137	0
1183	138	0
1184	126	0
1185	131	0
1186	105	0
1187	119	0
1188	142	0
1189	108	0
1190	143	0
1191	122	0
1192	157	0
1193	150	0
1194	133	0
1195	152	0
1196	144	0
1197	131	0
1198	123	0
1199	113	0
1200	145	0
1201	131	0
1202	142	0
1203	159	0
1204	150	0
1205	144	0
1206	117	0
1207	118	0
1208	139	0
1209	132	0
1210	127	0
1211	121	0
1212	127	0
1213	104	0
1214	146	0
1215	121	0
1216	132	0
1217	107	0
1218	125	0
1219	130	0
1220	115	0
1221	132	0
1222	127	0
1223	115	0
1224	132	0
1225	123	0
1226	137	0
1227	134	0
1228	130	0
1229	113	0
1230	136	0
1231	101	0
1232	134	0
1233	118	0
1234	125	0
1235	127	0
1236	154	0
1237	133	0
1238	118	0
1239	139	0
1240	143	0
1241	131	0
1242	136	0
1243	146	0
1244	126	0
1245	151	0
1246	159	0
1247	109	0
1248	129	0
1249	129	0
1250	134	0
1251	135	0
1252	136	0
1253	143	0
1254	150	0
1255	125	0
1256	121	0
1257	113	0
1258	134	0
1259	130	0
1260	114	0
1261	127	0
1262	108	0
1263	125	0
1264	125	0
1265	127	0
1266	134	0
1267	127	0
1268	125	0
1269	107	0
1270	125	0
1271	141	0
1272	145	0
1273	151	0
1274	111	0
1275	142	0
1276	118	0
1277	133	0
1278	141	0
1279	130	0
1280	135	0
1281	126	0
1282	114	0
1283	115	0
1284	142	0
1285	142	0
1286	139	0
1287	128	0
1288	156	0
1289	123	0
1290	139	0
1291	145	0
1292	119	0
1293	142	0
1294	137	0
1295	97	0
1296	121	0
1297	125	0
1298	127	0
1299	126	0
1300	101	0
1301	123	0
1302	150	0
1303	141	0
1304	119	0
1305	120	0
1306	136	0
1307	119	0
1308	130	0
1309	135	0
1310	125	0
1311	142	0
1312	115	0
1313	151	0
1314	136	0
1315	138	0
1316	117	0
1317	141	0
1318	139	0
1319	150	0
1320	151	0
1321	132	0
1322	143	0
1323	152	0
1324	127	0
1325	137	0
1326	163	0
1327	135	0
1328	131	0
1329	119	0
1330	138	0
1331	128	0
1332	123	0
1333	131	0
1334	140	0
1335	143	0
1336	137	0
1337	131	0
1338	125	0
1339	119	0
1340	119	0
1341	143	0
1342	121	0
1343	108	0
1344	141	0
1345	118	0
1346	115	0
1347	145	0
1348	115	0
1349	129	0
1350	125	0
1351	111	0
1352	129	0
1353	143	0
1354	153	0
1355	121	0
1356	130	0
1357	149	0
1358	143	0
1359	142	0
1360	127	0
1361	127	0
1362	145	0
1363	138	0
1364	143	0
1365	129	0
1366	140	0
1367	154	0
1368	125	0
1369	132	0
1370	160	0
1371	137	0
1372	125	0
1373	120	0
1374	123	0
1375	117	0
1376	102	0
1377	142	0
1378	127	0
1379	105	0
1380	110	0
1381	124	0
1382	135	0
1383	99	0
1384	135	0
1385	137	0
1386	126	0
1387	126	0
1388	129	0
1389	141	0
1390	125	0
1391	129	0
1392	155	0
1393	115	0
1394	123	0
1395	132	0
1396	129	0
1397	121	0
1398	107	0
1399	140	0
1400	123	0
1401	144	0
1402	143	0
1403	128	0
1404	127	0
1405	156	0
1406	137	0
1407	129	0
1408	143	0
1409	129	0
1410	139	0
1411	108	0
1412	138	0
1413	135	0
1414	129	0
1415	119	0
1416	146	0
1417	110	0
1418	148	0
1419	123	0
1420	126	0
1421	131	0
1422	131	0
1423	145	0
1424	153	0
1425	130	0
1426	134	0
1427	113	0
1428	137	0
1429	113	0
1430	130	0
1431	119	0
1432	120	0
1433	147	0
1434	152	0
1435	119	0
1436	143	0
1437	112	0
1438	120	0
1439	139	0
1440	143	0
1441	127	0
1442	133	0
1443	144	0
1444	151	0
1445	147	0
1446	143	0
1447	123	0
1448	119	0
1449	142	0
1450	141	0
1451	111	0
1452	122	0
1453	151	0
1454	143	0
1455	147	0
1456	106	0
1457	132	0
1458	121	0
1459	139	0
1460	107	0
1461	119	0
1462	94	0
1463	144	0
1464	148	0
1465	129	0
1466	135	0
1467	156	0
1468	128	0
1469	95	0
1470	142	0
1471	111	0
1472	115	0
1473	115	0
1474	126	0
1475	127	0
1476	141	0
1477	110	0
1478	158	0
1479	144	0
1480	142	0
1481	159	0
1482	163	0
1483	129	0
1484	107	0
1485	142	0
1486	143	0
1487	129	0
1488	127	0
1489	120	0
1490	124	0
1491	134	0
1492	124	0
1493	111	0
1494	105	0
1495	150	0
1496	131	0
1497	107	0
1498	94	0
1499	125	0
1500	138	0
1501	126	0
1502	113	0
1503	117	0
1504	131	0
1505	111	0
1506	123	0
1507	127	0
1508	107	0
1509	141	0
1510	137	0
1511	115	0
1512	129	0
1513	136	0
1514	139	0
1515	146	0
1516	145	0
1517	137	0
1518	107	0
1519	132	0
1520	119	0
1521	135	0
1522	129	0
1523	166	0
1524	131	0
1525	126	0
1526	123	0
1527	131	0
1528	136	0
1529	156	0
1530	159	0
1531	119	0
1532	132	0
1533	119	0
1534	112	0
1535	145	0
1536	113	0
1537	127	0
1538	106	0
1539	118	0
1540	139	0
1541	123	0
1542	121	0
1543	104	0
1544	131	0
1545	113	0
1546	145	0
1547	135	0
1548	122	0
1549	139	0
1550	143	0
1551	141	0
1552	128	0
1553	119	0
1554	153	0
1555	143	0
1556	115	0
1557	128	0
1558	127	0
1559	129	0
1560	117	0
1561	143	0
1562	155	0
1563	135	0
1564	121	0
1565	131	0
1566	151	0
1567	155	0
1568	128	0
1569	118	0
1570	113	0
1571	141	0
1572	123	0
1573	103	0
1574	117	0
1575	143	0
1576	116	0
1577	132	0
1578	127	0
1579	114	0
1580	148	0
1581	147	0
1582	152	0
1583	137	0
1584	111	0
1585	113	0
1586	107	0
1587	117	0
1588	120	0
1589	137	0
1590	128	0
1591	123	0
1592	151	0
1593	139	0
1594	126	0
1595	151	0
1596	144	0
1597	161	0
1598	144	0
1599	146	0
1600	127	0
1601	147	0
1602	143	0
1603	142	0
1604	131	0
1605	139	0
1606	153	0
1607	143	0
1608	135	0
1609	119	0
1610	137	0
1611	150	0
1612	125	0
1613	122	0
1614	148	0
1615	135	0
1616	114	0
1617	123	0
1618	127	0
1619	108	0
1620	99	0
1621	137	0
1622	95	0
1623	118	0
1624	111	0
1625	131	0
1626	119	0
1627	125	0
1628	104	0
1629	131	0
1630	113	0
1631	132	0
1632	134	0
1633	152	0
1634	125	0
1635	155	0
1636	109	0
1637	147	0
1638	135	0
1639	140	0
1640	136	0
1641	149	0
1642	129	0
1643	145	0
1644	141	0
1645	111	0
1646	115	0
1647	154	0
1648	167	0
1649	107	0
1650	114	0
1651	159	0
1652	124	0
1653	124	0
1654	134	0
1655	119	0
1656	114	0
1657	120	0
1658	127	0
1659	105	0
1660	118	0
1661	143	0
1662	128	0
1663	122	0
1664	143	0
1665	105	0
1666	115	0
1667	97	0
1668	119	0
1669	147	0
1670	135	0
1671	109	0
1672	146	0
1673	107	0
1674	145	0
1675	130	0
1676	122	0
1677	139	0
1678	115	0
1679	159	0
1680	129	0
1681	159	0
1682	150	0
1683	112	0
1684	135	0
1685	151	0
1686	143	0
1687	143	0
1688	118	0
1689	161	0
1690	139	0
1691	126	0
1692	111	0
1693	144	0
1694	130	0
1695	105	0
1696	135	0
1697	127	0
1698	131	0
1699	112	0
1700	143	0
1701	105	0
1702	143	0
1703	147	0
1704	122	0
1705	124	0
1706	118	0
1707	112	0
1708	105	0
1709	133	0
1710	140	0
1711	139	0
1712	118	0
1713	130	0
1714	145	0
1715	157	0
1716	124	0
1717	150	0
1718	155	0
1719	166	0
1720	142	0
1721	144	0
1722	138	0
1723	132	0
1724	141	0
1725	115	0
1726	144	0
1727	142	0
1728	134	0
1729	139	0
1730	129	0
1731	111	0
1732	128	0
1733	148	0
1734	115	0
1735	123	0
1736	116	0
1737	114	0
1738	135	0
1739	124	0
1740	118	0
1741	131	0
1742	120	0
1743	128	0
1744	141	0
1745	127	0
1746	123	0
1747	118	0
1748	134	0
1749	141	0
1750	122	0
1751	131	0
1752	120	0
1753	158	0
1754	130	0
1755	135	0
1756	131	0
1757	146	0
1758	124	0
1759	129	0
1760	151	0
1761	135	0
1762	144	0
1763	131	0
1764	139	0
1765	147	0
1766	160	0
1767	146	0
1768	123	0
1769	162	0
1770	131	0
1771	146	0
1772	135	0
1773	130	0
1774	132	0
1775	117	0
1776	132	0
1777	131	0
1778	109	0
1779	115	0
1780	119	0
1781	143	0
1782	134	0
1783	139	0
1784	111	0
1785	111	0
1786	148	0
1787	143	0
1788	155	0
1789	124	0
1790	121	0
1791	135	0
1792	133	0
1793	107	0
1794	119	0
1795	155	0
1796	161	0
1797	137	0
1798	139	0
1799	146	0
1800	131	0
1801	155	0
1802	127	0
1803	121	0
1804	156	0
1805	124	0
1806	129	0
1807	118	0
1808	141	0
1809	111	0
1810	156	0
1811	159	0
1812	126	0
1813	128	0
1814	138	0
1815	129	0
1816	110	0
1817	149	0
1818	119	0
1819	137	0
1820	119	0
1821	135	0
1822	108	0
1823	135	0
1824	131	0
1825	117	0
1826	107	0
1827	113	0
1828	150	0
1829	131	0
1830	123	0
1831	141	0
1832	158	0
1833	131	0
1834	147	0
1835	158	0
1836	153	0
1837	140	0
1838	153	0
1839	139	0
1840	135	0
1841	158	0
1842	149	0
1843	161	0
1844	134	0
1845	119	0
1846	147	0
1847	115	0
1848	121	0
1849	123	0
1850	126	0
1851	107	0
1852	119	0
1853	119	0
1854	128	0
1855	123	0
1856	123	0
1857	115	0
1858	135	0
1859	106	0
1860	130	0
1861	116	0
1862	113	0
1863	149	0
1864	116	0
1865	119	0
1866	123	0
1867	129	0
1868	130	0
1869	131	0
1870	116	0
1871	140	0
1872	123	0
1873	110	0
1874	102	0
1875	138	0
1876	155	0
1877	115	0
1878	145	0
1879	138	0
1880	156	0
1881	141	0
1882	130	0
1883	134	0
1884	155	0
1885	147	0
1886	145	0
1887	126	0
1888	124	0
1889	137	0
1890	128	0
1891	123	0
1892	159	0
1893	147	0
1894	143	0
1895	111	0
1896	142	0
1897	135	0
1898	128	0
1899	123	0
1900	124	0
1901	109	0
1902	134	0
1903	113	0
1904	131	0
1905	108	0
1906	150	0
1907	141	0
1908	119	0
1909	123	0
1910	107	0
1911	132	0
1912	135	0
1913	155	0
1914	142	0
1915	125	0
1916	124	0
1917	145	0
1918	145	0
1919	126	0
1920	141	0
1921	152	0
1922	135	0
1923	129	0
1924	116	0
1925	122	0
1926	116	0
1927	133	0
1928	126	0
1929	129	0
1930	124	0
1931	134	0
1932	110	0
1933	115	0
1934	124	0
1935	118	0
1936	141	0
1937	142	0
1938	138	0
1939	121	0
1940	128	0
1941	108	0
1942	126	0
1943	125	0
1944	139	0
1945	96	0
1946	123	0
1947	139	0
1948	125	0
1949	123	0
1950	140	0
1951	115	0
1952	115	0
1953	121	0
1954	139	0
1955	139	0
1956	136	0
1957	134	0
1958	142	0
1959	129	0
1960	143	0
1961	131	0
1962	146	0
1963	138	0
1964	141	0
1965	134	0
1966	151	0
1967	127	0
1968	127	0
1969	150	0
1970	136	0
1971	127	0
1972	120	0
1973	118	0
1974	134	0
1975	123	0
1976	110	0
1977	125	0
1978	122	0
1979	118	0
1980	129	0
1981	95	0
1982	110	0
1983	118	0
1984	128	0
1985	131	0
1986	121	0
1987	143	0
1988	138	0
1989	142	0
1990	107	0
1991	126	0
1992	113	0
1993	137	0
1994	126	0
1995	123	0
1996	141	0
1997	132	0
1998	147	0
1999	135	0
2000	113	0
2001	144	0
2002	134	0
2003	159	0
2004	115	0
2005	161	0
2006	115	0
2007	131	0
2008	132	0
2009	134	0
2010	142	0
2011	124	0
2012	157	0
2013	131	0
2014	127	0
2015	111	0
2016	112	0
2017	131	0
2018	111	0
2019	111	0
2020	127	0
2021	123	0
2022	143	0
2023	120	0
2024	119	0
2025	131	0
2026	108	0
2027	138	0
2028	113	0
2029	134	0
2030	128	0
2031	150	0
2032	123	0
2033	125	0
2034	144	0
2035	109	0
2036	131	0
2037	126	0
2038	129	0
2039	127	0
2040	159	0
2041	159	0
2042	117	0
2043	133	0
2044	140	0
2045	131	0
2046	113	0
2047	155	0
2048	123	0
2049	137	0
2050	149	0
2051	113	0
2052	134	0
2053	138	0
2054	110	0
2055	117	0
2056	131	0
2057	102	0
2058	98	0
2059	123	0
2060	131	0
2061	97	0
2062	131	0
2063	96	0
2064	143	0
2065	123	0
2066	144	0
2067	149	0
2068	127	0
2069	126	0
2070	131	0
2071	129	0
2072	131	0
2073	137	0
2074	147	0
2075	135	0
2076	165	0
2077	131	0
2078	133	0
2079	125	0
2080	126	0
2081	148	0
2082	133	0
2083	143	0
2084	132	0
2085	147	0
2086	131	0
2087	113	0
2088	127	0
2089	134	0
2090	145	0
2091	127	0
2092	113	0
2093	120	0
2094	135	0
2095	147	0
2096	120	0
2097	133	0
2098	147	0
2099	113	0
2100	133	0
2101	124	0
2102	128	0
2103	115	0
2104	136	0
2105	146	0
2106	120	0
2107	131	0
2108	127	0
2109	123	0
2110	134	0
2111	111	0
2112	116	0
2113	116	0
2114	155	0
2115	124	0
2116	126	0
2117	145	0
2118	113	0
2119	129	0
2120	123	0
2121	136	0
2122	109	0
2123	151	0
2124	128	0
2125	155	0
2126	146	0
2127	164	0
2128	136	0
2129	132	0
2130	126	0
2131	143	0
2132	137	0
2133	115	0
2134	154	0
2135	147	0
2136	113	0
2137	129	0
2138	115	0
2139	122	0
2140	106	0
2141	123	0
2142	107	0
2143	106	0
2144	94	0
2145	128	0
2146	143	0
2147	139	0
2148	115	0
2149	137	0
2150	119	0
2151	123	0
2152	137	0
2153	127	0
2154	103	0
2155	129	0
2156	143	0
2157	137	0
2158	153	0
2159	144	0
2160	131	0
2161	166	0
2162	132	0
2163	135	0
2164	139	0
2165	137	0
2166	135	0
2167	150	0
2168	142	0
2169	106	0
2170	127	0
2171	140	0
2172	117	0
2173	104	0
2174	122	0
2175	135	0
2176	132	0
2177	150	0
2178	118	0
2179	119	0
2180	116	0
2181	124	0
2182	111	0
2183	143	0
2184	123	0
2185	121	0
2186	118	0
2187	124	0
2188	126	0
2189	139	0
2190	141	0
2191	130	0
2192	115	0
2193	111	0
2194	135	0
2195	112	0
2196	135	0
2197	137	0
2198	143	0
2199	140	0
2200	126	0
2201	116	0
2202	129	0
2203	155	0
2204	134	0
2205	139	0
2206	126	0
2207	134	0
2208	129	0
2209	110	0
2210	121	0
2211	112	0
2212	124	0
2213	130	0
2214	103	0
2215	136	0
2216	139	0
2217	145	0
2218	102	0
2219	116	0
2220	131	0
2221	134	0
2222	117	0
2223	115	0
2224	120	0
2225	95	0
2226	107	0
2227	134	0
2228	139	0
2229	139	0
2230	137	0
2231	126	0
2232	158	0
2233	145	0
2234	146	0
2235	128	0
2236	143	0
2237	128	0
2238	149	0
2239	126	0
2240	155	0
2241	118	0
2242	134	0
2243	142	0
2244	144	0
2245	130	0
2246	146	0
2247	135	0
2248	138	0
2249	122	0
2250	153	0
2251	149	0
2252	148	0
2253	124	0
2254	123	0
2255	121	0
2256	147	0
2257	123	0
2258	135	0
2259	130	0
2260	118	0
2261	115	0
2262	103	0
2263	126	0
2264	113	0
2265	109	0
2266	111	0
2267	130	0
2268	115	0
2269	132	0
2270	141	0
2271	119	0
2272	159	0
2273	131	0
2274	148	0
2275	147	0
2276	107	0
2277	150	0
2278	133	0
2279	155	0
2280	155	0
2281	143	0
2282	145	0
2283	147	0
2284	142	0
2285	128	0
2286	143	0
2287	143	0
2288	151	0
2289	123	0
2290	158	0
2291	136	0
2292	128	0
2293	133	0
2294	141	0
2295	99	0
2296	143	0
2297	139	0
2298	137	0
2299	136	0
2300	126	0
2301	105	0
2302	117	0
2303	101	0
2304	127	0
2305	115	0
2306	122	0
2307	136	0
2308	116	0
2309	135	0
2310	124	0
2311	145	0
2312	119	0
2313	113	0
2314	122	0
2315	134	0
2316	143	0
2317	155	0
2318	110	0
2319	143	0
2320	131	0
2321	148	0
2322	143	0
2323	142	0
2324	167	0
2325	151	0
2326	142	0
2327	110	0
2328	135	0
2329	139	0
2330	120	0
2331	139	0
2332	142	0
2333	117	0
2334	127	0
2335	113	0
2336	134	0
2337	118	0
2338	113	0
2339	115	0
2340	109	0
2341	97	0
2342	112	0
2343	135	0
2344	116	0
2345	128	0
2346	112	0
2347	124	0
2348	107	0
2349	120	0
2350	117	0
2351	110	0
2352	114	0
2353	146	0
2354	143	0
2355	118	0
2356	146	0
2357	129	0
2358	129	0
2359	145	0
2360	142	0
2361	152	0
2362	126	0
2363	143	0
2364	125	0
2365	119	0
2366	118	0
2367	120	0
2368	132	0
2369	137	0
2370	131	0
2371	120	0
2372	129	0
2373	142	0
2374	118	0
2375	129	0
2376	111	0
2377	119	0
2378	136	0
2379	140	0
2380	137	0
2381	149	0
2382	124	0
2383	113	0
2384	126	0
2385	137	0
2386	107	0
2387	143	0
2388	139	0
2389	135	0
2390	139	0
2391	125	0
2392	115	0
2393	143	0
2394	145	0
2395	139	0
2396	161	0
2397	125	0
2398	126	0
2399	151	0
2400	160	0
2401	141	0
2402	154	0
2403	141	0
2404	139	0
2405	126	0
2406	134	0
2407	113	0
2408	123	0
2409	109	0
2410	142	0
2411	134	0
2412	122	0
2413	153	0
2414	149	0
2415	123	0
2416	137	0
2417	117	0
2418	123	0
2419	141	0
2420	135	0
2421	131	0
2422	111	0
2423	94	0
2424	130	0
2425	112	0
2426	128	0
2427	135	0
2428	148	0
2429	121	0
2430	115	0
2431	135	0
2432	129	0
2433	149	0
2434	135	0
2435	125	0
2436	125	0
2437	135	0
2438	158	0
2439	147	0
2440	119	0
2441	145	0
2442	127	0
2443	140	0
2444	134	0
2445	110	0
2446	129	0
2447	137	0
2448	148	0
2449	135	0
2450	155	0
2451	125	0
2452	123	0
2453	153	0
2454	127	0
2455	135	0
2456	105	0
2457	123	0
2458	108	0
2459	135	0
2460	147	0
2461	121	0
2462	123	0
2463	111	0
2464	136	0
2465	112	0
2466	118	0
2467	136	0
2468	139	0
2469	149	0
2470	129	0
2471	111	0
2472	127	0
2473	119	0
2474	160	0
2475	136	0
2476	134	0
2477	135	0
2478	158	0
2479	129	0
2480	110	0
2481	128	0
2482	145	0
2483	140	0
2484	105	0
2485	153	0
2486	145	0
2487	121	0
2488	151	0
2489	127	0
2490	123	0
2491	137	0
2492	151	0
2493	127	0
2494	113	0
2495	128	0
2496	123	0
2497	153	0
2498	147	0
2499	114	0
2500	134	0
2501	133	0
2502	131	0
2503	117	0
2504	106	0
2505	124	0
2506	111	0
2507	103	0
2508	137	0
2509	119	0
2510	113	0
2511	123	0
2512	99	0
2513	117	0
2514	119	0
2515	130	0
2516	119	0
2517	118	0
2518	131	0
2519	113	0
2520	136	0
2521	157	0
2522	141	0
2523	134	0
2524	145	0
2525	150	0
2526	143	0
2527	162	0
2528	119	0
2529	115	0
2530	133	0
2531	134	0
2532	143	0
2533	135	0
2534	125	0
2535	120	0
2536	128	0
2537	127	0
2538	139	0
2539	123	0
2540	135	0
2541	107	0
2542	146	0
2543	115	0
2544	122	0
2545	139	0
2546	145	0
2547	142	0
2548	145	0
2549	126	0
2550	142	0
2551	140	0
2552	114	0
2553	150	0
2554	137	0
2555	135	0
2556	147	0
2557	151	0
2558	126	0
2559	138	0
2560	129	0
2561	135	0
2562	131	0
2563	123	0
2564	154	0
2565	136	0
2566	140	0
2567	122	0
2568	136	0
2569	125	0
2570	119	0
2571	117	0
2572	131	0
2573	121	0
2574	115	0
2575	127	0
2576	116	0
2577	131	0
2578	115	0
2579	127	0
2580	128	0
2581	107	0
2582	103	0
2583	139	0
2584	117	0
2585	127	0
2586	116	0
2587	155	0
2588	148	0
2589	119	0
2590	143	0
2591	99	0
2592	148	0
2593	128	0
2594	103	0
2595	139	0
2596	146	0
2597	126	0
2598	107	0
2599	131	0
2600	115	0
2601	165	0
2602	145	0
2603	135	0
2604	143	0
2605	124	0
2606	148	0
2607	127	0
2608	139	0
2609	142	0
2610	144	0
2611	145	0
2612	131	0
2613	143	0
2614	147	0
2615	153	0
2616	118	0
2617	119	0
2618	139	0
2619	149	0
2620	107	0
2621	103	0
2622	126	0
2623	100	0
2624	147	0
2625	129	0
2626	105	0
2627	115	0
2628	111	0
2629	119	0
2630	122	0
2631	111	0
2632	130	0
2633	141	0
2634	153	0
2635	135	0
2636	139	0
2637	157	0
2638	111	0
2639	155	0
2640	120	0
2641	143	0
2642	134	0
2643	142	0
2644	126	0
2645	117	0
2646	139	0
2647	141	0
2648	152	0
2649	147	0
2650	111	0
2651	133	0
2652	151	0
2653	151	0
2654	117	0
2655	130	0
2656	146	0
2657	100	0
2658	142	0
2659	115	0
2660	126	0
2661	124	0
2662	127	0
2663	126	0
2664	129	0
2665	123	0
2666	131	0
2667	125	0
2668	147	0
2669	103	0
2670	116	0
2671	133	0
2672	117	0
2673	135	0
2674	134	0
2675	127	0
2676	113	0
2677	139	0
2678	138	0
2679	145	0
2680	137	0
2681	143	0
2682	140	0
2683	127	0
2684	139	0
2685	135	0
2686	118	0
2687	146	0
2688	130	0
2689	129	0
2690	112	0
2691	101	0
2692	133	0
2693	107	0
2694	155	0
2695	121	0
2696	117	0
2697	119	0
2698	128	0
2699	116	0
2700	115	0
2701	126	0
2702	143	0
2703	109	0
2704	105	0
2705	120	0
2706	124	0
2707	119	0
2708	114	0
2709	115	0
2710	120	0
2711	143	0
2712	130	0
2713	105	0
2714	117	0
2715	120	0
2716	129	0
2717	132	0
2718	118	0
2719	115	0
2720	147	0
2721	118	0
2722	114	0
2723	144	0
2724	155	0
2725	156	0
2726	129	0
2727	123	0
2728	140	0
2729	114	0
2730	143	0
2731	124	0
2732	135	0
2733	122	0
2734	110	0
2735	116	0
2736	135	0
2737	141	0
2738	122	0
2739	127	0
2740	104	0
2741	116	0
2742	135	0
2743	146	0
2744	95	0
2745	135	0
2746	111	0
2747	95	0
2748	113	0
2749	139	0
2750	135	0
2751	131	0
2752	144	0
2753	143	0
2754	144	0
2755	143	0
2756	144	0
2757	125	0
2758	134	0
2759	127	0
2760	131	0
2761	137	0
2762	151	0
2763	148	0
2764	157	0
2765	133	0
2766	116	0
2767	155	0
2768	128	0
2769	152	0
2770	128	0
2771	126	0
2772	115	0
2773	115	0
2774	126	0
2775	119	0
2776	113	0
2777	139	0
2778	103	0
2779	139	0
2780	102	0
2781	129	0
2782	135	0
2783	107	0
2784	131	0
2785	123	0
2786	114	0
2787	134	0
2788	135	0
2789	134	0
2790	130	0
2791	152	0
2792	140	0
2793	135	0
2794	127	0
2795	127	0
2796	134	0
2797	144	0
2798	127	0
2799	131	0
2800	161	0
2801	153	0
2802	149	0
2803	119	0
2804	137	0
2805	113	0
2806	129	0
2807	130	0
2808	147	0
2809	144	0
2810	131	0
2811	139	0
2812	133	0
2813	140	0
2814	112	0
2815	114	0
2816	116	0
2817	123	0
2818	137	0
2819	137	0
2820	95	0
2821	111	0
2822	135	0
2823	118	0
2824	113	0
2825	111	0
2826	153	0
2827	131	0
2828	127	0
2829	119	0
2830	121	0
2831	138	0
2832	124	0
2833	120	0
2834	119	0
2835	135	0
2836	135	0
2837	127	0
2838	142	0
2839	145	0
2840	125	0
2841	160	0
2842	135	0
2843	121	0
2844	150	0
2845	111	0
2846	116	0
2847	131	0
2848	119	0
2849	143	0
2850	138	0
2851	119	0
2852	147	0
2853	135	0
2854	130	0
2855	130	0
2856	139	0
2857	127	0
2858	114	0
2859	109	0
2860	143	0
2861	119	0
2862	115	0
2863	110	0
2864	126	0
2865	130	0
2866	110	0
2867	102	0
2868	137	0
2869	114	0
2870	130	0
2871	131	0
2872	122	0
2873	117	0
2874	143	0
2875	115	0
2876	132	0
2877	139	0
2878	137	0
2879	159	0
2880	129	0
2881	117	0
2882	135	0
2883	150	0
2884	131	0
2885	154	0
2886	133	0
2887	145	0
2888	155	0
2889	155	0
2890	147	0
2891	127	0
2892	135	0
2893	119	0
2894	137	0
2895	121	0
2896	131	0
2897	126	0
2898	111	0
2899	101	0
2900	115	0
2901	135	0
2902	127	0
2903	150	0
2904	135	0
2905	118	0
2906	129	0
2907	128	0
2908	139	0
2909	115	0
2910	147	0
2911	134	0
2912	149	0
2913	143	0
2914	158	0
2915	141	0
2916	154	0
2917	117	0
2918	155	0
2919	123	0
2920	127	0
2921	157	0
2922	129	0
2923	141	0
2924	159	0
2925	150	0
2926	152	0
2927	128	0
2928	142	0
2929	119	0
2930	135	0
2931	139	0
2932	134	0
2933	123	0
2934	155	0
2935	147	0
2936	134	0
2937	122	0
2938	119	0
2939	134	0
2940	130	0
2941	114	0
2942	110	0
2943	119	0
2944	114	0
2945	128	0
2946	141	0
2947	126	0
2948	135	0
2949	123	0
2950	123	0
2951	139	0
2952	127	0
2953	129	0
2954	123	0
2955	120	0
2956	127	0
2957	119	0
2958	166	0
2959	120	0
2960	151	0
2961	131	0
2962	133	0
2963	127	0
2964	125	0
2965	142	0
2966	117	0
2967	114	0
2968	122	0
2969	126	0
2970	131	0
2971	120	0
2972	121	0
2973	115	0
2974	136	0
2975	121	0
2976	131	0
2977	114	0
2978	151	0
2979	131	0
2980	139	0
2981	111	0
2982	107	0
2983	109	0
2984	127	0
2985	144	0
2986	128	0
2987	112	0
2988	129	0
2989	129	0
2990	143	0
2991	105	0
2992	122	0
2993	115	0
2994	141	0
2995	149	0
2996	131	0
2997	119	0
2998	161	0
2999	157	0
3000	127	0
3001	132	0
3002	150	0
3003	113	0
3004	145	0
3005	147	0
3006	139	0
3007	151	0
3008	136	0
3009	145	0
3010	158	0
3011	140	0
3012	118	0
3013	104	0
3014	123	0
3015	125	0
3016	139	0
3017	139	0
3018	108	0
3019	147	0
3020	143	0
3021	109	0
3022	110	0
3023	99	0
3024	106	0
3025	143	0
3026	124	0
3027	146	0
3028	103	0
3029	134	0
3030	129	0
3031	128	0
3032	137	0
3033	118	0
3034	147	0
3035	127	0
3036	144	0
3037	111	0
3038	127	0
3039	149	0
3040	131	0
3041	149	0
3042	128	0
3043	150	0
3044	120	0
3045	107	0
3046	134	0
3047	144	0
3048	149	0
3049	125	0
3050	143	0
3051	123	0
3052	131	0
3053	137	0
3054	137	0
3055	120	0
3056	143	0
3057	135	0
3058	111	0
3059	111	0
3060	134	0
3061	113	0
3062	145	0
3063	147	0
3064	122	0
3065	102	0
3066	123	0
3067	126	0
3068	151	0
3069	132	0
3070	143	0
3071	123	0
3072	138	0
3073	139	0
3074	125	0
3075	123	0
3076	151	0
3077	143	0
3078	137	0
3079	159	0
3080	146	0
3081	137	0
3082	159	0
3083	143	0
3084	113	0
3085	143	0
3086	132	0
3087	126	0
3088	155	0
3089	131	0
3090	137	0
3091	147	0
3092	111	0
3093	97	0
3094	122	0
3095	121	0
3096	136	0
3097	143	0
3098	139	0
3099	125	0
3100	107	0
3101	127	0
3102	106	0
3103	135	0
3104	124	0
3105	98	0
3106	141	0
3107	131	0
3108	121	0
3109	113	0
3110	100	0
3111	155	0
3112	128	0
3113	103	0
3114	129	0
3115	148	0
3116	153	0
3117	122	0
3118	132	0
3119	150	0
3120	141	0
3121	134	0
3122	142	0
3123	136	0
3124	115	0
3125	156	0
3126	120	0
3127	125	0
3128	137	0
3129	142	0
3130	135	0
3131	158	0
3132	159	0
3133	113	0
3134	134	0
3135	121	0
3136	117	0
3137	120	0
3138	122	0
3139	131	0
3140	121	0
3141	143	0
3142	124	0
3143	125	0
3144	119	0
3145	135	0
3146	115	0
3147	95	0
3148	139	0
3149	128	0
3150	122	0
3151	116	0
3152	105	0
3153	152	0
3154	136	0
3155	123	0
3156	123	0
3157	136	0
3158	121	0
3159	147	0
3160	147	0
3161	156	0
3162	119	0
3163	142	0
3164	142	0
3165	157	0
3166	131	0
3167	147	0
3168	113	0
3169	123	0
3170	125	0
3171	139	0
3172	122	0
3173	127	0
3174	123	0
3175	95	0
3176	145	0
3177	115	0
3178	125	0
3179	119	0
3180	128	0
3181	137	0
3182	137	0
3183	125	0
3184	148	0
3185	136	0
3186	122	0
3187	119	0
3188	103	0
3189	118	0
3190	131	0
3191	147	0
3192	152	0
3193	139	0
3194	116	0
3195	145	0
3196	136	0
3197	152	0
3198	142	0
3199	121	0
3200	127	0
3201	127	0
3202	132	0
3203	139	0
3204	120	0
3205	134	0
3206	135	0
3207	154	0
3208	127	0
3209	137	0
3210	142	0
3211	118	0
3212	133	0
3213	127	0
3214	123	0
3215	106	0
3216	131	0
3217	147	0
3218	121	0
3219	107	0
3220	99	0
3221	103	0
3222	141	0
3223	111	0
3224	131	0
3225	135	0
3226	117	0
3227	119	0
3228	142	0
3229	137	0
3230	135	0
3231	116	0
3232	123	0
3233	124	0
3234	137	0
3235	147	0
3236	137	0
3237	121	0
3238	129	0
3239	155	0
3240	113	0
3241	127	0
3242	141	0
3243	145	0
3244	148	0
3245	123	0
3246	143	0
3247	150	0
3248	137	0
3249	136	0
3250	121	0
3251	142	0
3252	127	0
3253	138	0
3254	137	0
3255	137	0
3256	127	0
3257	145	0
3258	110	0
3259	132	0
3260	134	0
3261	109	0
3262	113	0
3263	121	0
3264	139	0
3265	133	0
3266	139	0
3267	116	0
3268	115	0
3269	105	0
3270	145	0
3271	142	0
3272	126	0
3273	123	0
3274	155	0
3275	121	0
3276	153	0
3277	135	0
3278	127	0
3279	132	0
3280	151	0
3281	140	0
3282	135	0
3283	143	0
3284	147	0
3285	136	0
3286	134	0
3287	113	0
3288	127	0
3289	133	0
3290	111	0
3291	126	0
3292	105	0
3293	151	0
3294	142	0
3295	115	0
3296	119	0
3297	147	0
3298	140	0
3299	111	0
3300	100	0
3301	110	0
3302	126	0
3303	111	0
3304	127	0
3305	136	0
3306	120	0
3307	126	0
3308	113	0
3309	103	0
3310	99	0
3311	147	0
3312	156	0
3313	142	0
3314	128	0
3315	150	0
3316	142	0
3317	121	0
3318	110	0
3319	131	0
3320	154	0
3321	116	0
3322	138	0
3323	163	0
3324	155	0
3325	130	0
3326	155	0
3327	153	0
3328	142	0
3329	139	0
3330	133	0
3331	161	0
3332	105	0
3333	126	0
3334	126	0
3335	115	0
3336	119	0
3337	127	0
3338	117	0
3339	152	0
3340	126	0
3341	135	0
3342	119	0
3343	129	0
3344	141	0
3345	123	0
3346	118	0
3347	121	0
3348	132	0
3349	123	0
3350	141	0
3351	117	0
3352	125	0
3353	150	0
3354	145	0
3355	137	0
3356	142	0
3357	119	0
3358	122	0
3359	121	0
3360	126	0
3361	155	0
3362	136	0
3363	159	0
3364	119	0
3365	127	0
3366	134	0
3367	117	0
3368	134	0
3369	133	0
3370	127	0
3371	129	0
3372	155	0
3373	126	0
3374	131	0
3375	107	0
3376	143	0
3377	135	0
3378	126	0
3379	151	0
3380	118	0
3381	137	0
3382	121	0
3383	123	0
3384	139	0
3385	105	0
3386	125	0
3387	127	0
3388	135	0
3389	99	0
3390	147	0
3391	118	0
3392	124	0
3393	127	0
3394	137	0
3395	135	0
3396	142	0
3397	123	0
3398	123	0
3399	121	0
3400	123	0
3401	145	0
3402	143	0
3403	143	0
3404	123	0
3405	116	0
3406	159	0
3407	137	0
3408	120	0
3409	131	0
3410	147	0
3411	138	0
3412	135	0
3413	127	0
3414	127	0
3415	105	0
3416	129	0
3417	103	0
3418	123	0
3419	147	0
3420	107	0
3421	141	0
3422	148	0
3423	124	0
3424	130	0
3425	122	0
3426	102	0
3427	126	0
3428	141	0
3429	128	0
3430	141	0
3431	99	0
3432	119	0
3433	132	0
3434	128	0
3435	155	0
3436	141	0
3437	144	0
3438	123	0
3439	135	0
3440	135	0
3441	168	0
3442	139	0
3443	143	0
3444	134	0
3445	135	0
3446	131	0
3447	149	0
3448	157	0
3449	126	0
3450	145	0
3451	134	0
3452	144	0
3453	115	0
3454	141	0
3455	140	0
3456	140	0
3457	133	0
3458	135	0
3459	117	0
3460	123	0
3461	119	0
3462	131	0
3463	121	0
3464	113	0
3465	135	0
3466	136	0
3467	137	0
3468	125	0
3469	110	0
3470	125	0
3471	123	0
3472	123	0
3473	103	0
3474	137	0
3475	144	0
3476	128	0
3477	164	0
3478	135	0
3479	107	0
3480	143	0
3481	143	0
3482	127	0
3483	154	0
3484	150	0
3485	145	0
3486	139	0
3487	135	0
3488	131	0
3489	117	0
3490	115	0
3491	153	0
3492	152	0
3493	146	0
3494	141	0
3495	114	0
3496	133	0
3497	142	0
3498	123	0
3499	99	0
3500	117	0
3501	125	0
3502	113	0
3503	120	0
3504	119	0
3505	119	0
3506	117	0
3507	104	0
3508	104	0
3509	122	0
3510	146	0
3511	137	0
3512	137	0
3513	142	0
3514	124	0
3515	131	0
3516	145	0
3517	111	0
3518	139	0
3519	153	0
3520	147	0
3521	135	0
3522	122	0
3523	149	0
3524	128	0
3525	139	0
3526	131	0
3527	158	0
3528	115	0
3529	134	0
3530	130	0
3531	141	0
3532	155	0
3533	111	0
3534	108	0
3535	139	0
3536	128	0
3537	123	0
3538	146	0
3539	121	0
3540	129	0
3541	99	0
3542	129	0
3543	116	0
3544	136	0
3545	133	0
3546	119	0
3547	120	0
3548	138	0
3549	115	0
3550	103	0
3551	134	0
3552	124	0
3553	119	0
3554	119	0
3555	133	0
3556	139	0
3557	127	0
3558	155	0
3559	166	0
3560	138	0
3561	135	0
3562	127	0
3563	129	0
3564	157	0
3565	154	0
3566	143	0
3567	133	0
3568	160	0
3569	131	0
3570	115	0
3571	131	0
3572	134	0
3573	120	0
3574	121	0
3575	139	0
3576	153	0
3577	147	0
3578	113	0
3579	113	0
3580	117	0
3581	95	0
3582	107	0
3583	133	0
3584	102	0
3585	135	0
3586	115	0
3587	119	0
3588	143	0
3589	103	0
3590	125	0
3591	148	0
3592	120	0
3593	122	0
3594	161	0
3595	123	0
3596	150	0
3597	148	0
3598	123	0
3599	147	0
3600	137	0
3601	156	0
3602	132	0
3603	131	0
3604	137	0
3605	143	0
3606	157	0
3607	131	0
3608	143	0
3609	140	0
3610	127	0
3611	123	0
3612	131	0
3613	128	0
3614	129	0
3615	121	0
3616	123	0
3617	119	0
3618	122	0
3619	113	0
3620	135	0
3621	126	0
3622	127	0
3623	106	0
3624	101	0
3625	131	0
3626	118	0
3627	115	0
3628	124	0
3629	131	0
3630	129	0
3631	113	0
3632	149	0
3633	110	0
3634	112	0
3635	117	0
3636	150	0
3637	124	0
3638	136	0
3639	116	0
3640	135	0
3641	139	0
3642	121	0
3643	137	0
3644	135	0
3645	166	0
3646	155	0
3647	145	0
3648	139	0
3649	136	0
3650	142	0
3651	147	0
3652	118	0
3653	124	0
3654	119	0
3655	129	0
3656	111	0
3657	141	0
3658	129	0
3659	141	0
3660	135	0
3661	142	0
3662	115	0
3663	136	0
3664	98	0
3665	135	0
3666	136	0
3667	116	0
3668	130	0
3669	135	0
3670	127	0
3671	117	0
3672	110	0
3673	109	0
3674	153	0
3675	155	0
3676	132	0
3677	154	0
3678	125	0
3679	153	0
3680	117	0
3681	131	0
3682	113	0
3683	149	0
3684	143	0
3685	121	0
3686	142	0
3687	136	0
3688	128	0
3689	139	0
3690	115	0
3691	151	0
3692	135	0
3693	139	0
3694	119	0
3695	141	0
3696	132	0
3697	120	0
3698	114	0
3699	127	0
3700	131	0
3701	116	0
3702	118	0
3703	126	0
3704	115	0
3705	138	0
3706	115	0
3707	123	0
3708	115	0
3709	129	0
3710	151	0
3711	135	0
3712	143	0
3713	115	0
3714	115	0
3715	147	0
3716	137	0
3717	131	0
3718	125	0
3719	140	0
3720	135	0
3721	150	0
3722	148	0
3723	113	0
3724	143	0
3725	147	0
3726	150	0
3727	136	0
3728	111	0
3729	131	0
3730	144	0
3731	130	0
3732	142	0
3733	114	0
3734	131	0
3735	126	0
3736	137	0
3737	116	0
3738	128	0
3739	136	0
3740	131	0
3741	137	0
3742	135	0
3743	103	0
3744	121	0
3745	124	0
3746	119	0
3747	102	0
3748	104	0
3749	123	0
3750	121	0
3751	111	0
3752	121	0
3753	134	0
3754	115	0
3755	136	0
3756	147	0
3757	142	0
3758	125	0
3759	152	0
3760	121	0
3761	131	0
3762	143	0
3763	159	0
3764	140	0
3765	140	0
3766	142	0
3767	132	0
3768	120	0
3769	125	0
3770	150	0
3771	135	0
3772	144	0
3773	137	0
3774	138	0
3775	110	0
3776	121	0
3777	127	0
3778	105	0
3779	147	0
3780	151	0
3781	111	0
3782	143	0
3783	134	0
3784	114	0
3785	118	0
3786	107	0
3787	138	0
3788	123	0
3789	122	0
3790	119	0
3791	101	0
3792	117	0
3793	124	0
3794	135	0
3795	115	0
3796	148	0
3797	157	0
3798	147	0
3799	151	0
3800	145	0
3801	121	0
3802	153	0
3803	163	0
3804	132	0
3805	135	0
3806	145	0
3807	150	0
3808	130	0
3809	138	0
3810	147	0
3811	103	0
3812	135	0
3813	139	0
3814	111	0
3815	114	0
3816	95	0
3817	127	0
3818	114	0
3819	134	0
3820	120	0
3821	129	0
3822	117	0
3823	118	0
3824	126	0
3825	120	0
3826	126	0
3827	126	0
3828	130	0
3829	120	0
3830	139	0
3831	130	0
3832	147	0
3833	133	0
3834	153	0
3835	119	0
3836	156	0
3837	139	0
3838	111	0
3839	145	0
3840	131	0
3841	111	0
3842	164	0
3843	146	0
3844	118	0
3845	143	0
3846	160	0
3847	135	0
3848	132	0
3849	120	0
3850	138	0
3851	147	0
3852	123	0
3853	127	0
3854	111	0
3855	107	0
3856	118	0
3857	121	0
3858	113	0
3859	148	0
3860	110	0
3861	151	0
3862	123	0
3863	135	0
3864	118	0
3865	142	0
3866	94	0
3867	95	0
3868	128	0
3869	135	0
3870	134	0
3871	119	0
3872	129	0
3873	135	0
3874	103	0
3875	142	0
3876	122	0
3877	139	0
3878	121	0
3879	129	0
3880	130	0
3881	143	0
3882	150	0
3883	152	0
3884	136	0
3885	131	0
3886	139	0
3887	139	0
3888	126	0
3889	134	0
3890	126	0
3891	134	0
3892	125	0
3893	129	0
3894	104	0
3895	134	0
3896	113	0
3897	127	0
3898	121	0
3899	111	0
3900	113	0
3901	118	0
3902	138	0
3903	120	0
3904	123	0
3905	138	0
3906	115	0
3907	120	0
3908	127	0
3909	116	0
3910	130	0
3911	121	0
3912	145	0
3913	136	0
3914	144	0
3915	131	0
3916	133	0
3917	125	0
3918	153	0
3919	125	0
3920	136	0
3921	141	0
3922	125	0
3923	135	0
3924	138	0
3925	143	0
3926	147	0
3927	129	0
3928	142	0
3929	148	0
3930	133	0
3931	131	0
3932	107	0
3933	120	0
3934	132	0
3935	115	0
3936	117	0
3937	128	0
3938	135	0
3939	108	0
3940	125	0
3941	114	0
3942	135	0
3943	114	0
3944	143	0
3945	126	0
3946	144	0
3947	124	0
3948	146	0
3949	126	0
3950	129	0
3951	142	0
3952	141	0
3953	111	0
3954	129	0
3955	110	0
3956	135	0
3957	151	0
3958	115	0
3959	131	0
3960	142	0
3961	113	0
3962	154	0
3963	155	0
3964	131	0
3965	134	0
3966	113	0
3967	159	0
3968	150	0
3969	126	0
3970	139	0
3971	153	0
3972	150	0
3973	154	0
3974	135	0
3975	112	0
3976	122	0
3977	147	0
3978	131	0
3979	127	0
3980	111	0
3981	138	0
3982	140	0
3983	149	0
3984	147	0
3985	96	0
3986	123	0
3987	121	0
3988	118	0
3989	151	0
3990	137	0
3991	111	0
3992	124	0
3993	137	0
3994	134	0
3995	149	0
3996	121	0
3997	142	0
3998	127	0
3999	157	0
4000	136	0
4001	159	0
4002	152	0
4003	139	0
4004	150	0
4005	142	0
4006	135	0
4007	129	0
4008	114	0
4009	148	0
4010	149	0
4011	137	0
4012	118	0
4013	133	0
4014	114	0
4015	129	0
4016	148	0
4017	115	0
4018	115	0
4019	114	0
4020	141	0
4021	125	0
4022	110	0
4023	137	0
4024	128	0
4025	112	0
4026	116	0
4027	121	0
4028	139	0
4029	125	0
4030	137	0
4031	153	0
4032	135	0
4033	112	0
4034	134	0
4035	131	0
4036	124	0
4037	137	0
4038	128	0
4039	126	0
4040	150	0
4041	143	0
4042	129	0
4043	162	0
4044	135	0
4045	155	0
4046	158	0
4047	124	0
4048	155	0
4049	106	0
4050	116	0
4051	126	0
4052	139	0
4053	103	0
4054	133	0
4055	127	0
4056	129	0
4057	113	0
4058	131	0
4059	142	0
4060	139	0
4061	132	0
4062	134	0
4063	127	0
4064	123	0
4065	138	0
4066	136	0
4067	112	0
4068	115	0
4069	127	0
4070	118	0
4071	129	0
4072	157	0
4073	107	0
4074	123	0
4075	125	0
4076	142	0
4077	131	0
4078	147	0
4079	166	0
4080	131	0
4081	138	0
4082	150	0
4083	111	0
4084	162	0
4085	133	0
4086	118	0
4087	147	0
4088	152	0
4089	124	0
4090	156	0
4091	123	0
4092	133	0
4093	131	0
4094	139	0
4095	147	0
4096	139	0
4097	145	0
4098	145	0
4099	105	0
4100	110	0
4101	119	0
4102	123	0
4103	115	0
4104	141	0
4105	112	0
4106	111	0
4107	125	0
4108	131	0
4109	107	0
4110	147	0
4111	147	0
4112	127	0
4113	135	0
4114	131	0
4115	139	0
4116	130	0
4117	115	0
4118	121	0
4119	111	0
4120	162	0
4121	141	0
4122	139	0
4123	127	0
4124	137	0
4125	139	0
4126	162	0
4127	108	0
4128	131	0
4129	145	0
4130	139	0
4131	117	0
4132	145	0
4133	137	0
4134	131	0
4135	109	0
4136	114	0
4137	109	0
4138	130	0
4139	134	0
4140	131	0
4141	111	0
4142	118	0
4143	103	0
4144	99	0
4145	119	0
4146	131	0
4147	129	0
4148	119	0
4149	141	0
4150	139	0
4151	127	0
4152	107	0
4153	115	0
4154	124	0
4155	140	0
4156	124	0
4157	156	0
4158	131	0
4159	116	0
4160	127	0
4161	121	0
4162	141	0
4163	163	0
4164	115	0
4165	123	0
4166	119	0
4167	131	0
4168	126	0
4169	131	0
4170	142	0
4171	149	0
4172	137	0
4173	126	0
4174	131	0
4175	150	0
4176	139	0
4177	96	0
4178	100	0
4179	131	0
4180	143	0
4181	107	0
4182	92	0
4183	129	0
4184	101	0
4185	114	0
4186	135	0
4187	132	0
4188	147	0
4189	115	0
4190	125	0
4191	137	0
4192	141	0
4193	137	0
4194	122	0
4195	125	0
4196	152	0
4197	144	0
4198	129	0
4199	147	0
4200	131	0
4201	123	0
4202	151	0
4203	147	0
4204	166	0
4205	126	0
4206	167	0
4207	135	0
4208	133	0
4209	134	0
4210	126	0
4211	126	0
4212	137	0
4213	119	0
4214	114	0
4215	127	0
4216	113	0
4217	143	0
4218	129	0
4219	128	0
4220	127	0
4221	138	0
4222	109	0
4223	116	0
4224	100	0
4225	124	0
4226	125	0
4227	129	0
4228	125	0
4229	126	0
4230	127	0
4231	153	0
4232	151	0
4233	139	0
4234	121	0
4235	161	0
4236	136	0
4237	130	0
4238	143	0
4239	166	0
4240	139	0
4241	126	0
4242	136	0
4243	115	0
4244	140	0
4245	140	0
4246	137	0
4247	124	0
4248	130	0
4249	131	0
4250	127	0
4251	102	0
4252	153	0
4253	153	0
4254	143	0
4255	109	0
4256	121	0
4257	115	0
4258	135	0
4259	153	0
4260	107	0
4261	105	0
4262	125	0
4263	121	0
4264	118	0
4265	139	0
4266	123	0
4267	119	0
4268	127	0
4269	118	0
4270	123	0
4271	119	0
4272	132	0
4273	141	0
4274	109	0
4275	147	0
4276	162	0
4277	123	0
4278	125	0
4279	131	0
4280	144	0
4281	131	0
4282	157	0
4283	144	0
4284	143	0
4285	135	0
4286	157	0
4287	130	0
4288	125	0
4289	161	0
4290	159	0
4291	134	0
4292	132	0
4293	155	0
4294	102	0
4295	117	0
4296	125	0
4297	106	0
4298	114	0
4299	97	0
4300	138	0
4301	112	0
4302	110	0
4303	131	0
4304	118	0
4305	134	0
4306	133	0
4307	127	0
4308	129	0
4309	131	0
4310	139	0
4311	158	0
4312	137	0
4313	159	0
4314	127	0
4315	118	0
4316	137	0
4317	138	0
4318	147	0
4319	143	0
4320	115	0
4321	137	0
4322	129	0
4323	115	0
4324	137	0
4325	127	0
4326	115	0
4327	115	0
4328	135	0
4329	138	0
4330	152	0
4331	126	0
4332	132	0
4333	139	0
4334	139	0
4335	127	0
4336	116	0
4337	109	0
4338	129	0
4339	119	0
4340	107	0
4341	139	0
4342	118	0
4343	121	0
4344	126	0
4345	131	0
4346	142	0
4347	123	0
4348	114	0
4349	125	0
4350	102	0
4351	127	0
4352	135	0
4353	121	0
4354	144	0
4355	136	0
4356	125	0
4357	154	0
4358	154	0
4359	127	0
4360	117	0
4361	150	0
4362	136	0
4363	147	0
4364	122	0
4365	147	0
4366	129	0
4367	134	0
4368	121	0
4369	126	0
4370	130	0
4371	141	0
4372	142	0
4373	113	0
4374	127	0
4375	123	0
4376	123	0
4377	145	0
4378	119	0
4379	123	0
4380	127	0
4381	115	0
4382	111	0
4383	150	0
4384	132	0
4385	132	0
4386	113	0
4387	129	0
4388	112	0
4389	133	0
4390	97	0
4391	129	0
4392	107	0
4393	148	0
4394	128	0
4395	115	0
4396	109	0
4397	113	0
4398	123	0
4399	109	0
4400	123	0
4401	137	0
4402	151	0
4403	163	0
4404	119	0
4405	139	0
4406	148	0
4407	141	0
4408	103	0
4409	138	0
4410	129	0
4411	127	0
4412	130	0
4413	157	0
4414	123	0
4415	120	0
4416	121	0
4417	113	0
4418	129	0
4419	118	0
4420	115	0
4421	114	0
4422	107	0
4423	107	0
4424	120	0
4425	122	0
4426	113	0
4427	123	0
4428	131	0
4429	123	0
4430	131	0
4431	132	0
4432	132	0
4433	147	0
4434	105	0
4435	131	0
4436	142	0
4437	111	0
4438	159	0
4439	142	0
4440	150	0
4441	142	0
4442	150	0
4443	131	0
4444	137	0
4445	131	0
4446	110	0
4447	135	0
4448	119	0
4449	143	0
4450	128	0
4451	125	0
4452	155	0
4453	129	0
4454	129	0
4455	134	0
4456	150	0
4457	127	0
4458	119	0
4459	147	0
4460	104	0
4461	133	0
4462	142	0
4463	140	0
4464	109	0
4465	99	0
4466	143	0
4467	115	0
4468	125	0
4469	110	0
4470	145	0
4471	107	0
4472	101	0
4473	116	0
4474	131	0
4475	153	0
4476	127	0
4477	117	0
4478	143	0
4479	129	0
4480	136	0
4481	132	0
4482	140	0
4483	112	0
4484	115	0
4485	145	0
4486	125	0
4487	111	0
4488	123	0
4489	127	0
4490	106	0
4491	151	0
4492	105	0
4493	139	0
4494	135	0
4495	131	0
4496	126	0
4497	135	0
4498	134	0
4499	129	0
4500	134	0
4501	107	0
4502	131	0
4503	111	0
4504	127	0
4505	115	0
4506	105	0
4507	121	0
4508	127	0
4509	116	0
4510	139	0
4511	117	0
4512	143	0
4513	103	0
4514	131	0
4515	158	0
4516	127	0
4517	134	0
4518	109	0
4519	124	0
4520	127	0
4521	164	0
4522	137	0
4523	142	0
4524	135	0
4525	120	0
4526	128	0
4527	131	0
4528	119	0
4529	154	0
4530	131	0
4531	135	0
4532	117	0
4533	135	0
4534	117	0
4535	141	0
4536	136	0
4537	140	0
4538	115	0
4539	114	0
4540	139	0
4541	127	0
4542	121	0
4543	137	0
4544	136	0
4545	126	0
4546	122	0
4547	137	0
4548	122	0
4549	111	0
4550	115	0
4551	145	0
4552	159	0
4553	143	0
4554	123	0
4555	139	0
4556	143	0
4557	147	0
4558	123	0
4559	144	0
4560	125	0
4561	141	0
4562	131	0
4563	146	0
4564	150	0
4565	123	0
4566	159	0
4567	129	0
4568	125	0
4569	158	0
4570	133	0
4571	128	0
4572	134	0
4573	125	0
4574	127	0
4575	132	0
4576	115	0
4577	125	0
4578	130	0
4579	126	0
4580	135	0
4581	127	0
4582	113	0
4583	127	0
4584	133	0
4585	127	0
4586	141	0
4587	130	0
4588	109	0
4589	133	0
4590	131	0
4591	147	0
4592	106	0
4593	142	0
4594	108	0
4595	138	0
4596	139	0
4597	142	0
4598	159	0
4599	139	0
4600	143	0
4601	129	0
4602	154	0
4603	148	0
4604	140	0
4605	145	0
4606	107	0
4607	136	0
4608	156	0
4609	116	0
4610	119	0
4611	135	0
4612	118	0
4613	131	0
4614	135	0
4615	135	0
4616	99	0
4617	143	0
4618	93	0
4619	136	0
4620	110	0
4621	115	0
4622	100	0
4623	124	0
4624	107	0
4625	103	0
4626	103	0
4627	127	0
4628	111	0
4629	151	0
4630	112	0
4631	142	0
4632	142	0
4633	145	0
4634	117	0
4635	135	0
4636	139	0
4637	119	0
4638	148	0
4639	161	0
4640	144	0
4641	159	0
4642	135	0
4643	141	0
4644	139	0
4645	123	0
4646	109	0
4647	139	0
4648	150	0
4649	120	0
4650	103	0
4651	139	0
4652	144	0
4653	130	0
4654	145	0
4655	144	0
4656	148	0
4657	129	0
4658	127	0
4659	119	0
4660	145	0
4661	142	0
4662	95	0
4663	123	0
4664	127	0
4665	113	0
4666	133	0
4667	133	0
4668	120	0
4669	150	0
4670	131	0
4671	142	0
4672	123	0
4673	129	0
4674	147	0
4675	112	0
4676	148	0
4677	129	0
4678	137	0
4679	134	0
4680	114	0
4681	135	0
4682	148	0
4683	131	0
4684	165	0
4685	143	0
4686	135	0
4687	119	0
4688	139	0
4689	126	0
4690	135	0
4691	142	0
4692	125	0
4693	131	0
4694	139	0
4695	109	0
4696	145	0
4697	100	0
4698	127	0
4699	135	0
4700	146	0
4701	103	0
4702	135	0
4703	125	0
4704	109	0
4705	131	0
4706	120	0
4707	113	0
4708	131	0
4709	118	0
4710	127	0
4711	143	0
4712	130	0
4713	139	0
4714	124	0
4715	112	0
4716	143	0
4717	147	0
4718	106	0
4719	133	0
4720	110	0
4721	135	0
4722	151	0
4723	155	0
4724	150	0
4725	113	0
4726	111	0
4727	136	0
4728	127	0
4729	136	0
4730	135	0
4731	128	0
4732	121	0
4733	135	0
4734	131	0
4735	125	0
4736	112	0
4737	141	0
4738	144	0
4739	107	0
4740	107	0
4741	107	0
4742	124	0
4743	135	0
4744	127	0
4745	140	0
4746	131	0
4747	105	0
4748	113	0
4749	126	0
4750	131	0
4751	115	0
4752	134	0
4753	117	0
4754	161	0
4755	122	0
4756	149	0
4757	151	0
4758	153	0
4759	155	0
4760	147	0
4761	145	0
4762	123	0
4763	144	0
4764	135	0
4765	134	0
4766	141	0
4767	166	0
4768	137	0
4769	136	0
4770	143	0
4771	135	0
4772	157	0
4773	136	0
4774	135	0
4775	115	0
4776	101	0
4777	132	0
4778	129	0
4779	122	0
4780	96	0
4781	126	0
4782	118	0
4783	117	0
4784	126	0
4785	103	0
4786	137	0
4787	135	0
4788	137	0
4789	143	0
4790	103	0
4791	132	0
4792	121	0
4793	119	0
4794	131	0
4795	119	0
4796	135	0
4797	148	0
4798	149	0
4799	131	0
4800	151	0
4801	160	0
4802	144	0
4803	163	0
4804	122	0
4805	154	0
4806	131	0
4807	113	0
4808	155	0
4809	155	0
4810	113	0
4811	107	0
4812	122	0
4813	117	0
4814	147	0
4815	99	0
4816	141	0
4817	135	0
4818	131	0
4819	103	0
4820	112	0
4821	128	0
4822	137	0
4823	146	0
4824	117	0
4825	115	0
4826	119	0
4827	107	0
4828	135	0
4829	134	0
4830	131	0
4831	117	0
4832	128	0
4833	127	0
4834	122	0
4835	130	0
4836	143	0
4837	157	0
4838	134	0
4839	140	0
4840	122	0
4841	163	0
4842	145	0
4843	137	0
4844	139	0
4845	150	0
4846	112	0
4847	130	0
4848	143	0
4849	131	0
4850	123	0
4851	129	0
4852	131	0
4853	130	0
4854	126	0
4855	126	0
4856	116	0
4857	123	0
4858	112	0
4859	139	0
4860	123	0
4861	110	0
4862	130	0
4863	127	0
4864	115	0
4865	145	0
4866	139	0
4867	135	0
4868	106	0
4869	143	0
4870	129	0
4871	143	0
4872	128	0
4873	146	0
4874	128	0
4875	152	0
4876	163	0
4877	157	0
4878	137	0
4879	159	0
4880	130	0
4881	166	0
4882	147	0
4883	135	0
4884	115	0
4885	143	0
4886	134	0
4887	147	0
4888	140	0
4889	114	0
4890	138	0
4891	140	0
4892	145	0
4893	154	0
4894	132	0
4895	116	0
4896	145	0
4897	131	0
4898	119	0
4899	121	0
4900	103	0
4901	103	0
4902	142	0
4903	110	0
4904	125	0
4905	115	0
4906	136	0
4907	119	0
4908	129	0
4909	109	0
4910	135	0
4911	106	0
4912	135	0
4913	143	0
4914	138	0
4915	130	0
4916	103	0
4917	122	0
4918	118	0
4919	137	0
4920	119	0
4921	136	0
4922	150	0
4923	126	0
4924	128	0
4925	107	0
4926	159	0
4927	120	0
4928	128	0
4929	135	0
4930	132	0
4931	142	0
4932	122	0
4933	118	0
4934	135	0
4935	107	0
4936	127	0
4937	107	0
4938	122	0
4939	121	0
4940	132	0
4941	121	0
4942	117	0
4943	95	0
4944	125	0
4945	131	0
4946	126	0
4947	131	0
4948	118	0
4949	135	0
4950	126	0
4951	119	0
4952	140	0
4953	149	0
4954	130	0
4955	135	0
4956	134	0
4957	123	0
4958	124	0
4959	139	0
4960	129	0
4961	136	0
4962	130	0
4963	167	0
4964	110	0
4965	112	0
4966	121	0
4967	111	0
4968	159	0
4969	149	0
4970	128	0
4971	136	0
4972	127	0
4973	155	0
4974	145	0
4975	147	0
4976	131	0
4977	132	0
4978	118	0
4979	123	0
4980	140	0
4981	116	0
4982	107	0
4983	118	0
4984	116	0
4985	110	0
4986	119	0
4987	109	0
4988	131	0
4989	115	0
4990	126	0
4991	125	0
4992	139	0
4993	139	0
4994	123	0
4995	140	0
4996	129	0
4997	123	0
4998	143	0
4999	166	0
5000	145	0
5001	156	0
5002	149	0
5003	140	0
5004	146	0
5005	125	0
5006	143	0
5007	127	0
5008	151	0
5009	129	0
5010	147	0
5011	121	0
5012	119	0
5013	137	0
5014	126	0
5015	127	0
5016	132	0
5017	121	0
5018	135	0
5019	142	0
5020	127	0
5021	125	0
5022	123	0
5023	105	0
5024	123	0
5025	118	0
5026	91	0
5027	115	0
5028	135	0
5029	131	0
5030	131	0
5031	97	0
5032	136	0
5033	115	0
5034	105	0
5035	114	0
5036	134	0
5037	165	0
5038	147	0
5039	139	0
5040	124	0
5041	121	0
5042	141	0
5043	117	0
5044	135	0
5045	130	0
5046	153	0
5047	129	0
5048	118	0
5049	127	0
5050	130	0
5051	143	0
5052	107	0
5053	127	0
5054	107	0
5055	135	0
5056	151	0
5057	103	0
5058	131	0
5059	115	0
5060	125	0
5061	99	0
5062	92	0
5063	114	0
5064	131	0
5065	115	0
5066	122	0
5067	121	0
5068	151	0
5069	153	0
5070	147	0
5071	129	0
5072	141	0
5073	139	0
5074	123	0
5075	142	0
5076	120	0
5077	131	0
5078	111	0
5079	155	0
5080	127	0
5081	143	0
5082	126	0
5083	121	0
5084	137	0
5085	132	0
5086	144	0
5087	138	0
5088	139	0
5089	143	0
5090	147	0
5091	111	0
5092	127	0
5093	105	0
5094	102	0
5095	119	0
5096	134	0
5097	123	0
5098	111	0
5099	121	0
5100	122	0
5101	123	0
5102	127	0
5103	123	0
5104	125	0
5105	120	0
5106	142	0
5107	112	0
5108	99	0
5109	147	0
5110	132	0
5111	152	0
5112	106	0
5113	127	0
5114	131	0
5115	135	0
5116	135	0
5117	132	0
5118	113	0
5119	150	0
5120	111	0
5121	130	0
5122	134	0
5123	157	0
5124	148	0
5125	131	0
5126	123	0
5127	112	0
5128	123	0
5129	111	0
5130	115	0
5131	145	0
5132	153	0
5133	135	0
5134	119	0
5135	133	0
5136	118	0
5137	153	0
5138	153	0
5139	111	0
5140	100	0
5141	115	0
5142	130	0
5143	131	0
5144	115	0
5145	125	0
5146	131	0
5147	113	0
5148	127	0
5149	121	0
5150	127	0
5151	129	0
5152	129	0
5153	133	0
5154	143	0
5155	116	0
5156	129	0
5157	131	0
5158	140	0
5159	131	0
5160	128	0
5161	155	0
5162	139	0
5163	151	0
5164	129	0
5165	142	0
5166	144	0
5167	125	0
5168	149	0
5169	115	0
5170	126	0
5171	123	0
5172	154	0
5173	134	0
5174	122	0
5175	147	0
5176	115	0
5177	110	0
5178	110	0
5179	136	0
5180	123	0
5181	132	0
5182	123	0
5183	127	0
5184	150	0
5185	128	0
5186	112	0
5187	147	0
5188	115	0
5189	130	0
5190	140	0
5191	135	0
5192	122	0
5193	123	0
5194	139	0
5195	118	0
5196	105	0
5197	134	0
5198	134	0
5199	135	0
5200	147	0
5201	139	0
5202	151	0
5203	135	0
5204	139	0
5205	141	0
5206	137	0
5207	156	0
5208	134	0
5209	110	0
5210	104	0
5211	126	0
5212	110	0
5213	139	0
5214	99	0
5215	111	0
5216	153	0
5217	120	0
5218	115	0
5219	123	0
5220	143	0
5221	151	0
5222	139	0
5223	118	0
5224	134	0
5225	124	0
5226	118	0
5227	101	0
5228	138	0
5229	135	0
5230	112	0
5231	126	0
5232	137	0
5233	141	0
5234	117	0
5235	126	0
5236	131	0
5237	131	0
5238	128	0
5239	158	0
5240	152	0
5241	113	0
5242	129	0
5243	156	0
5244	139	0
5245	125	0
5246	137	0
5247	129	0
5248	126	0
5249	147	0
5250	106	0
5251	112	0
5252	123	0
5253	146	0
5254	112	0
5255	99	0
5256	139	0
5257	130	0
5258	103	0
5259	127	0
5260	139	0
5261	112	0
5262	118	0
5263	119	0
5264	124	0
5265	113	0
5266	107	0
5267	143	0
5268	146	0
5269	115	0
5270	115	0
5271	137	0
5272	124	0
5273	143	0
5274	123	0
5275	151	0
5276	144	0
5277	111	0
5278	150	0
5279	106	0
5280	134	0
5281	140	0
5282	142	0
5283	121	0
5284	144	0
5285	141	0
5286	125	0
5287	144	0
5288	151	0
5289	127	0
5290	125	0
5291	120	0
5292	139	0
5293	135	0
5294	109	0
5295	116	0
5296	125	0
5297	111	0
5298	122	0
5299	115	0
5300	132	0
5301	104	0
5302	119	0
5303	113	0
5304	130	0
5305	97	0
5306	111	0
5307	108	0
5308	145	0
5309	108	0
5310	103	0
5311	136	0
5312	139	0
5313	120	0
5314	116	0
5315	123	0
5316	134	0
5317	111	0
5318	155	0
5319	137	0
5320	148	0
5321	132	0
5322	159	0
5323	151	0
5324	131	0
5325	137	0
5326	152	0
5327	126	0
5328	135	0
5329	129	0
5330	136	0
5331	116	0
5332	129	0
5333	151	0
5334	139	0
5335	129	0
5336	115	0
5337	154	0
5338	131	0
5339	144	0
5340	99	0
5341	122	0
5342	129	0
5343	122	0
5344	127	0
5345	122	0
5346	107	0
5347	137	0
5348	123	0
5349	114	0
5350	110	0
5351	137	0
5352	111	0
5353	146	0
5354	141	0
5355	133	0
5356	130	0
5357	127	0
5358	148	0
5359	134	0
5360	152	0
5361	148	0
5362	145	0
5363	144	0
5364	131	0
5365	130	0
5366	123	0
5367	119	0
5368	110	0
5369	136	0
5370	153	0
5371	119	0
5372	107	0
5373	139	0
5374	137	0
5375	118	0
5376	127	0
5377	135	0
5378	125	0
5379	113	0
5380	130	0
5381	111	0
5382	112	0
5383	133	0
5384	139	0
5385	116	0
5386	117	0
5387	105	0
5388	118	0
5389	137	0
5390	142	0
5391	139	0
5392	142	0
5393	110	0
5394	136	0
5395	137	0
5396	143	0
5397	146	0
5398	123	0
5399	127	0
5400	133	0
5401	135	0
5402	136	0
5403	128	0
5404	131	0
5405	146	0
5406	161	0
5407	119	0
5408	123	0
5409	155	0
5410	134	0
5411	124	0
5412	122	0
5413	140	0
5414	139	0
5415	120	0
5416	118	0
5417	115	0
5418	99	0
5419	111	0
5420	126	0
5421	130	0
5422	139	0
5423	120	0
5424	115	0
5425	147	0
5426	129	0
5427	134	0
5428	131	0
5429	125	0
5430	101	0
5431	121	0
5432	141	0
5433	139	0
5434	129	0
5435	123	0
5436	141	0
5437	161	0
5438	156	0
5439	152	0
5440	135	0
5441	123	0
5442	140	0
5443	167	0
5444	139	0
5445	118	0
5446	139	0
5447	150	0
5448	138	0
5449	147	0
5450	130	0
5451	117	0
5452	116	0
5453	127	0
5454	135	0
5455	137	0
5456	109	0
5457	143	0
5458	105	0
5459	111	0
5460	103	0
5461	151	0
5462	97	0
5463	117	0
5464	147	0
5465	132	0
5466	136	0
5467	129	0
5468	117	0
5469	155	0
5470	135	0
5471	155	0
5472	137	0
5473	122	0
5474	135	0
5475	156	0
5476	113	0
5477	129	0
5478	134	0
5479	149	0
5480	120	0
5481	131	0
5482	139	0
5483	131	0
5484	140	0
5485	113	0
5486	155	0
5487	141	0
5488	123	0
5489	148	0
5490	150	0
5491	130	0
5492	123	0
5493	102	0
5494	121	0
5495	126	0
5496	119	0
5497	116	0
5498	107	0
5499	136	0
5500	150	0
5501	94	0
5502	126	0
5503	148	0
5504	97	0
5505	113	0
5506	113	0
5507	131	0
5508	119	0
5509	118	0
5510	139	0
5511	109	0
5512	122	0
5513	135	0
5514	120	0
5515	143	0
5516	143	0
5517	144	0
5518	111	0
5519	139	0
5520	144	0
5521	110	0
5522	149	0
5523	154	0
5524	148	0
5525	130	0
5526	144	0
5527	149	0
5528	107	0
5529	146	0
5530	137	0
5531	142	0
5532	129	0
5533	102	0
5534	119	0
5535	110	0
5536	118	0
5537	155	0
5538	129	0
5539	130	0
5540	115	0
5541	117	0
5542	143	0
5543	109	0
5544	115	0
5545	127	0
5546	116	0
5547	126	0
5548	150	0
5549	121	0
5550	103	0
5551	132	0
5552	136	0
5553	125	0
5554	151	0
5555	141	0
5556	131	0
5557	122	0
5558	144	0
5559	123	0
5560	131	0
5561	127	0
5562	148	0
5563	151	0
5564	115	0
5565	132	0
5566	135	0
5567	133	0
5568	127	0
5569	123	0
5570	159	0
5571	129	0
5572	140	0
5573	114	0
5574	140	0
5575	129	0
5576	141	0
5577	107	0
5578	126	0
5579	122	0
5580	110	0
5581	102	0
5582	109	0
5583	122	0
5584	127	0
5585	116	0
5586	134	0
5587	140	0
5588	150	0
5589	107	0
5590	107	0
5591	127	0
5592	133	0
5593	131	0
5594	131	0
5595	123	0
5596	136	0
5597	118	0
5598	111	0
5599	124	0
5600	135	0
5601	136	0
5602	109	0
5603	123	0
5604	131	0
5605	159	0
5606	127	0
5607	129	0
5608	129	0
5609	131	0
5610	135	0
5611	129	0
5612	129	0
5613	111	0
5614	129	0
5615	121	0
5616	107	0
5617	131	0
5618	119	0
5619	141	0
5620	111	0
5621	125	0
5622	127	0
5623	113	0
5624	102	0
5625	120	0
5626	128	0
5627	119	0
5628	131	0
5629	111	0
5630	121	0
5631	130	0
5632	129	0
5633	113	0
5634	142	0
5635	127	0
5636	107	0
5637	128	0
5638	127	0
5639	133	0
5640	132	0
5641	154	0
5642	161	0
5643	157	0
5644	123	0
5645	109	0
5646	130	0
5647	133	0
5648	147	0
5649	137	0
5650	151	0
5651	130	0
5652	129	0
5653	131	0
5654	122	0
5655	139	0
5656	111	0
5657	130	0
5658	116	0
5659	118	0
5660	129	0
5661	139	0
5662	110	0
5663	150	0
5664	103	0
5665	125	0
5666	129	0
5667	151	0
5668	111	0
5669	141	0
5670	151	0
5671	135	0
5672	114	0
5673	136	0
5674	127	0
5675	143	0
5676	121	0
5677	141	0
5678	130	0
5679	125	0
5680	140	0
5681	117	0
5682	130	0
5683	129	0
5684	133	0
5685	146	0
5686	135	0
5687	159	0
5688	133	0
5689	115	0
5690	121	0
5691	123	0
5692	124	0
5693	150	0
5694	99	0
5695	107	0
5696	143	0
5697	132	0
5698	139	0
5699	151	0
5700	118	0
5701	121	0
5702	125	0
5703	93	0
5704	136	0
5705	115	0
5706	134	0
5707	111	0
5708	113	0
5709	110	0
5710	115	0
5711	129	0
5712	139	0
5713	118	0
5714	124	0
5715	147	0
5716	150	0
5717	117	0
5718	136	0
5719	115	0
5720	135	0
5721	126	0
5722	153	0
5723	139	0
5724	132	0
5725	149	0
5726	129	0
5727	127	0
5728	153	0
5729	107	0
5730	139	0
5731	142	0
5732	137	0
5733	127	0
5734	102	0
5735	118	0
5736	139	0
5737	135	0
5738	124	0
5739	120	0
5740	139	0
5741	125	0
5742	111	0
5743	113	0
5744	136	0
5745	113	0
5746	103	0
5747	115	0
5748	99	0
5749	147	0
5750	129	0
5751	125	0
5752	135	0
5753	121	0
5754	131	0
5755	139	0
5756	142	0
5757	119	0
5758	140	0
5759	163	0
5760	127	0
5761	128	0
5762	131	0
5763	146	0
5764	133	0
5765	125	0
5766	109	0
5767	146	0
5768	117	0
5769	119	0
5770	131	0
5771	124	0
5772	127	0
5773	137	0
5774	106	0
5775	100	0
5776	149	0
5777	131	0
5778	99	0
5779	125	0
5780	134	0
5781	137	0
5782	110	0
5783	137	0
5784	115	0
5785	101	0
5786	115	0
5787	112	0
5788	136	0
5789	106	0
5790	129	0
5791	146	0
5792	151	0
5793	135	0
5794	124	0
5795	119	0
5796	152	0
5797	138	0
5798	147	0
5799	129	0
5800	142	0
5801	147	0
5802	147	0
5803	150	0
5804	153	0
5805	130	0
5806	139	0
5807	149	0
5808	147	0
5809	127	0
5810	135	0
5811	135	0
5812	112	0
5813	125	0
5814	142	0
5815	139	0
5816	126	0
5817	136	0
5818	141	0
5819	109	0
5820	121	0
5821	132	0
5822	94	0
5823	115	0
5824	135	0
5825	127	0
5826	115	0
5827	138	0
5828	139	0
5829	125	0
5830	122	0
5831	104	0
5832	123	0
5833	114	0
5834	109	0
5835	121	0
5836	127	0
5837	139	0
5838	111	0
5839	131	0
5840	157	0
5841	140	0
5842	115	0
5843	134	0
5844	142	0
5845	139	0
5846	137	0
5847	139	0
5848	105	0
5849	141	0
5850	132	0
5851	111	0
5852	120	0
5853	111	0
5854	147	0
5855	128	0
5856	112	0
5857	107	0
5858	133	0
5859	114	0
5860	119	0
5861	121	0
5862	134	0
5863	145	0
5864	129	0
5865	114	0
5866	120	0
5867	134	0
5868	139	0
5869	113	0
5870	127	0
5871	127	0
5872	128	0
5873	139	0
5874	139	0
5875	138	0
5876	125	0
5877	141	0
5878	138	0
5879	135	0
5880	132	0
5881	135	0
5882	159	0
5883	127	0
5884	133	0
5885	135	0
5886	127	0
5887	113	0
5888	110	0
5889	124	0
5890	119	0
5891	123	0
5892	131	0
5893	107	0
5894	130	0
5895	132	0
5896	107	0
5897	123	0
5898	139	0
5899	107	0
5900	125	0
5901	150	0
5902	122	0
5903	136	0
5904	129	0
5905	135	0
5906	128	0
5907	135	0
5908	134	0
5909	139	0
5910	134	0
5911	140	0
5912	131	0
5913	106	0
5914	115	0
5915	137	0
5916	131	0
5917	151	0
5918	136	0
5919	131	0
5920	149	0
5921	111	0
5922	119	0
5923	147	0
5924	135	0
5925	121	0
5926	127	0
5927	159	0
5928	124	0
5929	129	0
5930	105	0
5931	124	0
5932	132	0
5933	147	0
5934	118	0
5935	123	0
5936	112	0
5937	137	0
5938	127	0
5939	113	0
5940	131	0
5941	127	0
5942	112	0
5943	151	0
5944	123	0
5945	106	0
5946	129	0
5947	103	0
5948	119	0
5949	121	0
5950	103	0
5951	103	0
5952	135	0
5953	118	0
5954	123	0
5955	126	0
5956	130	0
5957	141	0
5958	129	0
5959	118	0
5960	120	0
5961	131	0
5962	134	0
5963	161	0
5964	126	0
5965	128	0
5966	127	0
5967	134	0
5968	149	0
5969	148	0
5970	133	0
5971	123	0
5972	105	0
5973	135	0
5974	120	0
5975	107	0
5976	142	0
5977	113	0
5978	113	0
5979	135	0
5980	112	0
5981	128	0
5982	117	0
5983	117	0
5984	114	0
5985	141	0
5986	112	0
5987	139	0
5988	110	0
5989	120	0
5990	123	0
5991	139	0
5992	141	0
5993	140	0
5994	123	0
5995	138	0
5996	161	0
5997	127	0
5998	143	0
5999	147	0
6000	115	0
6001	149	0
6002	136	0
6003	111	0
6004	152	0
6005	136	0
6006	155	0
6007	152	0
6008	152	0
6009	161	0
6010	152	0
6011	138	0
6012	120	0
6013	135	0
6014	115	0
6015	121	0
6016	127	0
6017	153	0
6018	115	0
6019	119	0
6020	123	0
6021	126	0
6022	143	0
6023	115	0
6024	114	0
6025	117	0
6026	132	0
6027	113	0
6028	109	0
6029	96	0
6030	129	0
6031	141	0
6032	120	0
6033	136	0
6034	143	0
6035	129	0
6036	132	0
6037	132	0
6038	125	0
6039	145	0
6040	140	0
6041	115	0
6042	123	0
6043	122	0
6044	127	0
6045	111	0
6046	150	0
6047	125	0
6048	149	0
6049	124	0
6050	162	0
6051	135	0
6052	139	0
6053	159	0
6054	129	0
6055	116	0
6056	127	0
6057	126	0
6058	123	0
6059	125	0
6060	103	0
6061	101	0
6062	129	0
6063	143	0
6064	114	0
6065	114	0
6066	117	0
6067	137	0
6068	129	0
6069	123	0
6070	104	0
6071	139	0
6072	132	0
6073	131	0
6074	159	0
6075	119	0
6076	158	0
6077	145	0
6078	139	0
6079	120	0
6080	126	0
6081	139	0
6082	118	0
6083	132	0
6084	161	0
6085	123	0
6086	127	0
6087	137	0
6088	129	0
6089	137	0
6090	113	0
6091	123	0
6092	126	0
6093	124	0
6094	139	0
6095	145	0
6096	127	0
6097	130	0
6098	115	0
6099	103	0
6100	115	0
6101	103	0
6102	113	0
6103	126	0
6104	126	0
6105	133	0
6106	126	0
6107	116	0
6108	126	0
6109	127	0
6110	147	0
6111	127	0
6112	126	0
6113	139	0
6114	155	0
6115	125	0
6116	138	0
6117	135	0
6118	137	0
6119	129	0
6120	132	0
6121	151	0
6122	129	0
6123	109	0
6124	142	0
6125	140	0
6126	129	0
6127	135	0
6128	119	0
6129	138	0
6130	138	0
6131	127	0
6132	134	0
6133	136	0
6134	124	0
6135	122	0
6136	139	0
6137	108	0
6138	128	0
6139	99	0
6140	124	0
6141	101	0
6142	121	0
6143	106	0
6144	149	0
6145	104	0
6146	132	0
6147	105	0
6148	123	0
6149	144	0
6150	127	0
6151	113	0
6152	129	0
6153	137	0
6154	138	0
6155	120	0
6156	119	0
6157	139	0
6158	131	0
6159	155	0
6160	137	0
6161	155	0
6162	159	0
6163	141	0
6164	137	0
6165	144	0
6166	141	0
6167	110	0
6168	141	0
6169	148	0
6170	131	0
6171	119	0
6172	131	0
6173	153	0
6174	107	0
6175	118	0
6176	118	0
6177	117	0
6178	106	0
6179	91	0
6180	114	0
6181	97	0
6182	121	0
6183	131	0
6184	113	0
6185	121	0
6186	131	0
6187	105	0
6188	144	0
6189	147	0
6190	122	0
6191	113	0
6192	146	0
6193	143	0
6194	158	0
6195	124	0
6196	133	0
6197	127	0
6198	143	0
6199	164	0
6200	136	0
6201	145	0
6202	132	0
6203	143	0
6204	149	0
6205	138	0
6206	134	0
6207	126	0
6208	143	0
6209	121	0
6210	135	0
6211	127	0
6212	124	0
6213	135	0
6214	112	0
6215	135	0
6216	124	0
6217	113	0
6218	135	0
6219	97	0
6220	125	0
6221	139	0
6222	121	0
6223	115	0
6224	121	0
6225	131	0
6226	124	0
6227	134	0
6228	139	0
6229	151	0
6230	127	0
6231	147	0
6232	145	0
6233	139	0
6234	135	0
6235	141	0
6236	115	0
6237	118	0
6238	147	0
6239	123	0
6240	115	0
6241	159	0
6242	120	0
6243	124	0
6244	135	0
6245	155	0
6246	145	0
6247	136	0
6248	135	0
6249	155	0
6250	132	0
6251	138	0
6252	127	0
6253	151	0
6254	137	0
6255	108	0
6256	132	0
6257	114	0
6258	109	0
6259	115	0
6260	139	0
6261	118	0
6262	131	0
6263	115	0
6264	106	0
6265	99	0
6266	129	0
6267	143	0
6268	118	0
6269	145	0
6270	143	0
6271	148	0
6272	123	0
6273	127	0
6274	137	0
6275	139	0
6276	155	0
6277	143	0
6278	130	0
6279	130	0
6280	127	0
6281	134	0
6282	149	0
6283	155	0
6284	145	0
6285	147	0
6286	125	0
6287	139	0
6288	136	0
6289	164	0
6290	116	0
6291	120	0
6292	135	0
6293	133	0
6294	151	0
6295	130	0
6296	115	0
6297	114	0
6298	132	0
6299	110	0
6300	131	0
6301	103	0
6302	115	0
6303	111	0
6304	123	0
6305	103	0
6306	132	0
6307	127	0
6308	119	0
6309	115	0
6310	136	0
6311	145	0
6312	120	0
6313	109	0
6314	115	0
6315	134	0
6316	133	0
6317	133	0
6318	139	0
6319	165	0
6320	145	0
6321	135	0
6322	147	0
6323	129	0
6324	148	0
6325	129	0
6326	145	0
6327	141	0
6328	145	0
6329	152	0
6330	121	0
6331	142	0
6332	123	0
6333	102	0
6334	113	0
6335	103	0
6336	147	0
6337	129	0
6338	115	0
6339	122	0
6340	139	0
6341	103	0
6342	135	0
6343	129	0
6344	114	0
6345	127	0
6346	126	0
6347	108	0
6348	118	0
6349	109	0
6350	139	0
6351	136	0
6352	143	0
6353	145	0
6354	133	0
6355	135	0
6356	139	0
6357	135	0
6358	144	0
6359	113	0
6360	141	0
6361	133	0
6362	141	0
6363	131	0
6364	121	0
6365	134	0
6366	141	0
6367	128	0
6368	113	0
6369	161	0
6370	135	0
6371	123	0
6372	104	0
6373	131	0
6374	122	0
6375	130	0
6376	136	0
6377	122	0
6378	106	0
6379	121	0
6380	115	0
6381	92	0
6382	138	0
6383	130	0
6384	115	0
6385	116	0
6386	140	0
6387	123	0
6388	131	0
6389	139	0
6390	110	0
6391	129	0
6392	113	0
6393	134	0
6394	147	0
6395	123	0
6396	150	0
6397	125	0
6398	151	0
6399	131	0
6400	131	0
6401	154	0
6402	123	0
6403	131	0
6404	131	0
6405	151	0
6406	119	0
6407	143	0
6408	131	0
6409	130	0
6410	140	0
6411	121	0
6412	139	0
6413	126	0
6414	117	0
6415	139	0
6416	136	0
6417	125	0
6418	129	0
6419	153	0
6420	107	0
6421	117	0
6422	124	0
6423	128	0
6424	127	0
6425	139	0
6426	136	0
6427	123	0
6428	123	0
6429	123	0
6430	125	0
6431	141	0
6432	112	0
6433	140	0
6434	132	0
6435	111	0
6436	128	0
6437	129	0
6438	131	0
6439	140	0
6440	137	0
6441	147	0
6442	121	0
6443	151	0
6444	131	0
6445	121	0
6446	134	0
6447	144	0
6448	141	0
6449	137	0
6450	128	0
6451	139	0
6452	128	0
6453	118	0
6454	127	0
6455	127	0
6456	111	0
6457	115	0
6458	95	0
6459	120	0
6460	115	0
6461	102	0
6462	124	0
6463	92	0
6464	110	0
6465	127	0
6466	129	0
6467	99	0
6468	143	0
6469	139	0
6470	115	0
6471	122	0
6472	118	0
6473	135	0
6474	126	0
6475	123	0
6476	116	0
6477	113	0
6478	145	0
6479	140	0
6480	151	0
6481	137	0
6482	113	0
6483	139	0
6484	137	0
6485	153	0
6486	143	0
6487	128	0
6488	122	0
6489	137	0
6490	142	0
6491	135	0
6492	132	0
6493	132	0
6494	99	0
6495	108	0
6496	152	0
6497	126	0
6498	92	0
6499	115	0
6500	129	0
6501	123	0
6502	129	0
6503	129	0
6504	132	0
6505	110	0
6506	127	0
6507	128	0
6508	131	0
6509	153	0
6510	117	0
6511	108	0
6512	139	0
6513	139	0
6514	113	0
6515	126	0
6516	123	0
6517	119	0
6518	131	0
6519	154	0
6520	121	0
6521	129	0
6522	161	0
6523	125	0
6524	136	0
6525	134	0
6526	142	0
6527	153	0
6528	141	0
6529	130	0
6530	158	0
6531	111	0
6532	133	0
6533	111	0
6534	132	0
6535	113	0
6536	126	0
6537	117	0
6538	122	0
6539	119	0
6540	116	0
6541	141	0
6542	125	0
6543	127	0
6544	120	0
6545	130	0
6546	123	0
6547	127	0
6548	114	0
6549	136	0
6550	127	0
6551	121	0
6552	131	0
6553	129	0
6554	115	0
6555	131	0
6556	154	0
6557	132	0
6558	126	0
6559	112	0
6560	129	0
6561	132	0
6562	145	0
6563	135	0
6564	132	0
6565	154	0
6566	146	0
6567	141	0
6568	114	0
6569	119	0
6570	118	0
6571	139	0
6572	147	0
6573	119	0
6574	128	0
6575	119	0
6576	113	0
6577	127	0
6578	118	0
6579	113	0
6580	126	0
6581	131	0
6582	120	0
6583	123	0
6584	120	0
6585	118	0
6586	147	0
6587	127	0
6588	133	0
6589	136	0
6590	116	0
6591	143	0
6592	140	0
6593	101	0
6594	119	0
6595	131	0
6596	108	0
6597	139	0
6598	125	0
6599	149	0
6600	130	0
6601	143	0
6602	150	0
6603	162	0
6604	155	0
6605	158	0
6606	116	0
6607	162	0
6608	134	0
6609	143	0
6610	150	0
6611	126	0
6612	136	0
6613	128	0
6614	146	0
6615	113	0
6616	142	0
6617	110	0
6618	137	0
6619	139	0
6620	107	0
6621	124	0
6622	118	0
6623	123	0
6624	116	0
6625	139	0
6626	108	0
6627	146	0
6628	129	0
6629	142	0
6630	134	0
6631	126	0
6632	135	0
6633	143	0
6634	127	0
6635	154	0
6636	129	0
6637	159	0
6638	163	0
6639	133	0
6640	131	0
6641	143	0
6642	132	0
6643	124	0
6644	135	0
6645	142	0
6646	114	0
6647	137	0
6648	137	0
6649	136	0
6650	121	0
6651	112	0
6652	131	0
6653	105	0
6654	136	0
6655	132	0
6656	97	0
6657	149	0
6658	105	0
6659	131	0
6660	139	0
6661	127	0
6662	105	0
6663	96	0
6664	130	0
6665	113	0
6666	123	0
6667	137	0
6668	113	0
6669	102	0
6670	136	0
6671	116	0
6672	136	0
6673	127	0
6674	130	0
6675	138	0
6676	124	0
6677	123	0
6678	115	0
6679	153	0
6680	148	0
6681	137	0
6682	139	0
6683	140	0
6684	129	0
6685	116	0
6686	119	0
6687	109	0
6688	127	0
6689	154	0
6690	163	0
6691	111	0
6692	122	0
6693	133	0
6694	131	0
6695	111	0
6696	117	0
6697	99	0
6698	134	0
6699	139	0
6700	114	0
6701	118	0
6702	132	0
6703	132	0
6704	113	0
6705	107	0
6706	135	0
6707	125	0
6708	131	0
6709	132	0
6710	122	0
6711	123	0
6712	139	0
6713	133	0
6714	126	0
6715	122	0
6716	120	0
6717	146	0
6718	139	0
6719	139	0
6720	134	0
6721	140	0
6722	133	0
6723	164	0
6724	123	0
6725	144	0
6726	135	0
6727	125	0
6728	110	0
6729	132	0
6730	144	0
6731	115	0
6732	126	0
6733	135	0
6734	125	0
6735	121	0
6736	117	0
6737	127	0
6738	115	0
6739	126	0
6740	127	0
6741	119	0
6742	113	0
6743	103	0
6744	151	0
6745	92	0
6746	134	0
6747	149	0
6748	112	0
6749	117	0
6750	115	0
6751	141	0
6752	131	0
6753	152	0
6754	139	0
6755	123	0
6756	135	0
6757	163	0
6758	163	0
6759	135	0
6760	131	0
6761	157	0
6762	130	0
6763	126	0
6764	127	0
6765	163	0
6766	135	0
6767	136	0
6768	118	0
6769	137	0
6770	158	0
6771	145	0
6772	139	0
6773	132	0
6774	152	0
6775	145	0
6776	131	0
6777	118	0
6778	105	0
6779	131	0
6780	111	0
6781	115	0
6782	119	0
6783	154	0
6784	122	0
6785	116	0
6786	130	0
6787	107	0
6788	117	0
6789	123	0
6790	126	0
6791	124	0
6792	105	0
6793	106	0
6794	140	0
6795	128	0
6796	141	0
6797	137	0
6798	154	0
6799	145	0
6800	142	0
6801	143	0
6802	149	0
6803	133	0
6804	139	0
6805	116	0
6806	129	0
6807	159	0
6808	139	0
6809	162	0
6810	113	0
6811	135	0
6812	147	0
6813	145	0
6814	127	0
6815	141	0
6816	147	0
6817	113	0
6818	147	0
6819	131	0
6820	127	0
6821	119	0
6822	127	0
6823	135	0
6824	123	0
6825	121	0
6826	111	0
6827	123	0
6828	136	0
6829	119	0
6830	119	0
6831	141	0
6832	141	0
6833	111	0
6834	128	0
6835	141	0
6836	127	0
6837	147	0
6838	111	0
6839	117	0
6840	163	0
6841	161	0
6842	124	0
6843	132	0
6844	119	0
6845	114	0
6846	137	0
6847	135	0
6848	113	0
6849	126	0
6850	139	0
6851	145	0
6852	121	0
6853	134	0
6854	148	0
6855	115	0
6856	124	0
6857	147	0
6858	123	0
6859	140	0
6860	117	0
6861	147	0
6862	125	0
6863	129	0
6864	107	0
6865	134	0
6866	121	0
6867	111	0
6868	128	0
6869	132	0
6870	113	0
6871	127	0
6872	158	0
6873	154	0
6874	142	0
6875	129	0
6876	143	0
6877	111	0
6878	139	0
6879	129	0
6880	142	0
6881	135	0
6882	115	0
6883	152	0
6884	128	0
6885	139	0
6886	137	0
6887	131	0
6888	138	0
6889	129	0
6890	124	0
6891	112	0
6892	120	0
6893	123	0
6894	122	0
6895	111	0
6896	124	0
6897	114	0
6898	115	0
6899	121	0
6900	139	0
6901	135	0
6902	131	0
6903	114	0
6904	127	0
6905	109	0
6906	136	0
6907	123	0
6908	129	0
6909	120	0
6910	127	0
6911	131	0
6912	129	0
6913	137	0
6914	124	0
6915	140	0
6916	147	0
6917	151	0
6918	147	0
6919	155	0
6920	127	0
6921	127	0
6922	137	0
6923	130	0
6924	129	0
6925	154	0
6926	123	0
6927	106	0
6928	126	0
6929	151	0
6930	107	0
6931	128	0
6932	132	0
6933	131	0
6934	112	0
6935	107	0
6936	113	0
6937	95	0
6938	118	0
6939	111	0
6940	128	0
6941	126	0
6942	135	0
6943	112	0
6944	98	0
6945	121	0
6946	100	0
6947	142	0
6948	128	0
6949	136	0
6950	125	0
6951	146	0
6952	118	0
6953	139	0
6954	135	0
6955	159	0
6956	136	0
6957	125	0
6958	133	0
6959	139	0
6960	126	0
6961	153	0
6962	129	0
6963	155	0
6964	135	0
6965	127	0
6966	151	0
6967	135	0
6968	135	0
6969	131	0
6970	119	0
6971	147	0
6972	124	0
6973	119	0
6974	153	0
6975	137	0
6976	106	0
6977	147	0
6978	131	0
6979	114	0
6980	139	0
6981	121	0
6982	129	0
6983	124	0
6984	113	0
6985	130	0
6986	122	0
6987	118	0
6988	115	0
6989	118	0
6990	130	0
6991	106	0
6992	131	0
6993	124	0
6994	116	0
6995	159	0
6996	140	0
6997	125	0
6998	113	0
6999	115	0
7000	145	0
7001	145	0
7002	165	0
7003	166	0
7004	127	0
7005	158	0
7006	131	0
7007	166	0
7008	148	0
7009	126	0
7010	131	0
7011	140	0
7012	119	0
7013	132	0
7014	159	0
7015	116	0
7016	146	0
7017	110	0
7018	106	0
7019	105	0
7020	134	0
7021	118	0
7022	122	0
7023	131	0
7024	121	0
7025	134	0
7026	129	0
7027	138	0
7028	138	0
7029	122	0
7030	117	0
7031	118	0
7032	131	0
7033	123	0
7034	124	0
7035	131	0
7036	131	0
7037	129	0
7038	129	0
7039	140	0
7040	113	0
7041	143	0
7042	149	0
7043	140	0
7044	139	0
7045	135	0
7046	137	0
7047	141	0
7048	135	0
7049	156	0
7050	140	0
7051	135	0
7052	105	0
7053	123	0
7054	108	0
7055	123	0
7056	124	0
7057	129	0
7058	115	0
7059	126	0
7060	135	0
7061	95	0
7062	119	0
7063	146	0
7064	135	0
7065	123	0
7066	143	0
7067	131	0
7068	129	0
7069	135	0
7070	107	0
7071	122	0
7072	126	0
7073	144	0
7074	150	0
7075	140	0
7076	147	0
7077	105	0
7078	109	0
7079	142	0
7080	141	0
7081	142	0
7082	118	0
7083	138	0
7084	139	0
7085	139	0
7086	150	0
7087	155	0
7088	159	0
7089	130	0
7090	127	0
7091	159	0
7092	149	0
7093	130	0
7094	114	0
7095	115	0
7096	128	0
7097	147	0
7098	130	0
7099	108	0
7100	147	0
7101	125	0
7102	121	0
7103	112	0
7104	140	0
7105	152	0
7106	123	0
7107	137	0
7108	144	0
7109	117	0
7110	123	0
7111	123	0
7112	116	0
7113	153	0
7114	145	0
7115	116	0
7116	147	0
7117	123	0
7118	147	0
7119	126	0
7120	129	0
7121	158	0
7122	148	0
7123	137	0
7124	149	0
7125	126	0
7126	106	0
7127	135	0
7128	111	0
7129	138	0
7130	116	0
7131	142	0
7132	129	0
7133	152	0
7134	112	0
7135	123	0
7136	127	0
7137	139	0
7138	127	0
7139	125	0
7140	143	0
7141	103	0
7142	125	0
7143	149	0
7144	123	0
7145	128	0
7146	119	0
7147	119	0
7148	108	0
7149	131	0
7150	119	0
7151	121	0
7152	119	0
7153	145	0
7154	140	0
7155	129	0
7156	115	0
7157	149	0
7158	142	0
7159	134	0
7160	142	0
7161	147	0
7162	142	0
7163	111	0
7164	133	0
7165	129	0
7166	162	0
7167	144	0
7168	137	0
7169	115	0
7170	142	0
7171	147	0
7172	129	0
7173	115	0
7174	131	0
7175	149	0
7176	111	0
7177	144	0
7178	138	0
7179	117	0
7180	116	0
7181	115	0
7182	99	0
7183	109	0
7184	122	0
7185	107	0
7186	111	0
7187	124	0
7188	117	0
7189	135	0
7190	147	0
7191	115	0
7192	140	0
7193	139	0
7194	156	0
7195	121	0
7196	139	0
7197	134	0
7198	131	0
7199	143	0
7200	145	0
7201	148	0
7202	131	0
7203	139	0
7204	139	0
7205	145	0
7206	144	0
7207	151	0
7208	127	0
7209	123	0
7210	129	0
7211	120	0
7212	126	0
7213	135	0
7214	133	0
7215	116	0
7216	108	0
7217	115	0
7218	130	0
7219	118	0
7220	116	0
7221	137	0
7222	133	0
7223	116	0
7224	128	0
7225	127	0
7226	122	0
7227	107	0
7228	115	0
7229	134	0
7230	130	0
7231	117	0
7232	140	0
7233	135	0
7234	146	0
7235	144	0
7236	143	0
7237	120	0
7238	141	0
7239	139	0
7240	111	0
7241	142	0
7242	114	0
7243	121	0
7244	127	0
7245	155	0
7246	143	0
7247	112	0
7248	135	0
7249	147	0
7250	118	0
7251	155	0
7252	102	0
7253	131	0
7254	143	0
7255	134	0
7256	131	0
7257	135	0
7258	135	0
7259	115	0
7260	124	0
7261	131	0
7262	99	0
7263	143	0
7264	115	0
7265	145	0
7266	131	0
7267	135	0
7268	113	0
7269	144	0
7270	119	0
7271	129	0
7272	112	0
7273	119	0
7274	139	0
7275	147	0
7276	126	0
7277	139	0
7278	131	0
7279	121	0
7280	128	0
7281	126	0
7282	139	0
7283	120	0
7284	155	0
7285	122	0
7286	143	0
7287	147	0
7288	137	0
7289	151	0
7290	124	0
7291	114	0
7292	129	0
7293	121	0
7294	147	0
7295	130	0
7296	123	0
7297	147	0
7298	129	0
7299	115	0
7300	138	0
7301	131	0
7302	107	0
7303	118	0
7304	129	0
7305	143	0
7306	127	0
7307	133	0
7308	111	0
7309	130	0
7310	106	0
7311	111	0
7312	148	0
7313	119	0
7314	134	0
7315	150	0
7316	117	0
7317	151	0
7318	109	0
7319	138	0
7320	120	0
7321	151	0
7322	130	0
7323	142	0
7324	135	0
7325	118	0
7326	153	0
7327	150	0
7328	124	0
7329	138	0
7330	139	0
7331	149	0
7332	117	0
7333	104	0
7334	118	0
7335	118	0
7336	100	0
7337	123	0
7338	141	0
7339	98	0
7340	123	0
7341	120	0
7342	115	0
7343	123	0
7344	121	0
7345	140	0
7346	131	0
7347	145	0
7348	133	0
7349	136	0
7350	136	0
7351	129	0
7352	129	0
7353	113	0
7354	141	0
7355	123	0
7356	156	0
7357	158	0
7358	117	0
7359	153	0
7360	131	0
7361	143	0
7362	134	0
7363	146	0
7364	153	0
7365	116	0
7366	151	0
7367	148	0
7368	151	0
7369	141	0
7370	131	0
7371	107	0
7372	123	0
7373	113	0
7374	116	0
7375	135	0
7376	126	0
7377	126	0
7378	100	0
7379	129	0
7380	115	0
7381	110	0
7382	139	0
7383	132	0
7384	135	0
7385	127	0
7386	110	0
7387	105	0
7388	105	0
7389	113	0
7390	129	0
7391	147	0
7392	139	0
7393	118	0
7394	129	0
7395	137	0
7396	145	0
7397	151	0
7398	145	0
7399	123	0
7400	107	0
7401	159	0
7402	150	0
7403	150	0
7404	159	0
7405	139	0
7406	141	0
7407	143	0
7408	126	0
7409	128	0
7410	135	0
7411	156	0
7412	115	0
7413	119	0
7414	107	0
7415	115	0
7416	118	0
7417	123	0
7418	103	0
7419	114	0
7420	116	0
7421	123	0
7422	97	0
7423	132	0
7424	147	0
7425	137	0
7426	152	0
7427	131	0
7428	145	0
7429	131	0
7430	144	0
7431	99	0
7432	131	0
7433	131	0
7434	119	0
7435	134	0
7436	147	0
7437	124	0
7438	133	0
7439	129	0
7440	165	0
7441	139	0
7442	162	0
7443	161	0
7444	159	0
7445	153	0
7446	147	0
7447	164	0
7448	142	0
7449	123	0
7450	108	0
7451	118	0
7452	111	0
7453	106	0
7454	125	0
7455	120	0
7456	97	0
7457	113	0
7458	95	0
7459	135	0
7460	119	0
7461	129	0
7462	135	0
7463	127	0
7464	111	0
7465	134	0
7466	127	0
7467	137	0
7468	135	0
7469	99	0
7470	135	0
7471	127	0
7472	121	0
7473	127	0
7474	139	0
7475	131	0
7476	128	0
7477	141	0
7478	122	0
7479	126	0
7480	167	0
7481	124	0
7482	137	0
7483	129	0
7484	147	0
7485	135	0
7486	129	0
7487	140	0
7488	145	0
7489	157	0
7490	136	0
7491	107	0
7492	145	0
7493	127	0
7494	111	0
7495	151	0
7496	115	0
7497	131	0
7498	135	0
7499	126	0
7500	118	0
7501	135	0
7502	112	0
7503	127	0
7504	126	0
7505	97	0
7506	151	0
7507	93	0
7508	135	0
7509	151	0
7510	121	0
7511	119	0
7512	135	0
7513	140	0
7514	129	0
7515	116	0
7516	126	0
7517	142	0
7518	127	0
7519	140	0
7520	153	0
7521	147	0
7522	127	0
7523	128	0
7524	127	0
7525	135	0
7526	135	0
7527	147	0
7528	121	0
7529	141	0
7530	106	0
7531	116	0
7532	136	0
7533	157	0
7534	117	0
7535	141	0
7536	127	0
7537	127	0
7538	131	0
7539	97	0
7540	129	0
7541	144	0
7542	123	0
7543	121	0
7544	137	0
7545	134	0
7546	135	0
7547	108	0
7548	115	0
7549	129	0
7550	148	0
7551	135	0
7552	129	0
7553	127	0
7554	126	0
7555	117	0
7556	107	0
7557	143	0
7558	143	0
7559	121	0
7560	143	0
7561	141	0
7562	143	0
7563	166	0
7564	140	0
7565	135	0
7566	128	0
7567	145	0
7568	153	0
7569	141	0
7570	135	0
7571	125	0
7572	144	0
7573	127	0
7574	128	0
7575	149	0
7576	131	0
7577	127	0
7578	126	0
7579	105	0
7580	114	0
7581	116	0
7582	114	0
7583	127	0
7584	132	0
7585	127	0
7586	122	0
7587	118	0
7588	141	0
7589	107	0
7590	147	0
7591	135	0
7592	143	0
7593	146	0
7594	126	0
7595	145	0
7596	109	0
7597	147	0
7598	133	0
7599	121	0
7600	135	0
7601	143	0
7602	158	0
7603	128	0
7604	134	0
7605	139	0
7606	143	0
7607	151	0
7608	119	0
7609	122	0
7610	137	0
7611	109	0
7612	141	0
7613	110	0
7614	142	0
7615	115	0
7616	144	0
7617	140	0
7618	131	0
7619	96	0
7620	97	0
7621	131	0
7622	143	0
7623	128	0
7624	96	0
7625	148	0
7626	143	0
7627	121	0
7628	137	0
7629	147	0
7630	128	0
7631	100	0
7632	107	0
7633	130	0
7634	127	0
7635	112	0
7636	142	0
7637	110	0
7638	118	0
7639	167	0
7640	160	0
7641	123	0
7642	123	0
7643	143	0
7644	150	0
7645	137	0
7646	120	0
7647	135	0
7648	120	0
7649	143	0
7650	137	0
7651	143	0
7652	128	0
7653	116	0
7654	117	0
7655	155	0
7656	124	0
7657	111	0
7658	118	0
7659	95	0
7660	96	0
7661	107	0
7662	149	0
7663	151	0
7664	137	0
7665	140	0
7666	115	0
7667	120	0
7668	99	0
7669	152	0
7670	131	0
7671	101	0
7672	137	0
7673	110	0
7674	143	0
7675	147	0
7676	129	0
7677	123	0
7678	135	0
7679	166	0
7680	122	0
7681	129	0
7682	111	0
7683	145	0
7684	136	0
7685	125	0
7686	131	0
7687	146	0
7688	123	0
7689	135	0
7690	132	0
7691	116	0
7692	106	0
7693	129	0
7694	115	0
7695	119	0
7696	105	0
7697	108	0
7698	114	0
7699	131	0
7700	115	0
7701	117	0
7702	117	0
7703	105	0
7704	108	0
7705	121	0
7706	117	0
7707	113	0
7708	131	0
7709	131	0
7710	115	0
7711	120	0
7712	106	0
7713	137	0
7714	140	0
7715	147	0
7716	122	0
7717	145	0
7718	124	0
7719	152	0
7720	139	0
7721	127	0
7722	156	0
7723	147	0
7724	142	0
7725	115	0
7726	135	0
7727	138	0
7728	121	0
7729	126	0
7730	110	0
7731	131	0
7732	157	0
7733	135	0
7734	123	0
7735	115	0
7736	129	0
7737	113	0
7738	145	0
7739	125	0
7740	114	0
7741	127	0
7742	107	0
7743	98	0
7744	127	0
7745	131	0
7746	113	0
7747	137	0
7748	121	0
7749	123	0
7750	131	0
7751	135	0
7752	127	0
7753	158	0
7754	135	0
7755	145	0
7756	136	0
7757	137	0
7758	167	0
7759	123	0
7760	112	0
7761	138	0
7762	134	0
7763	124	0
7764	158	0
7765	161	0
7766	140	0
7767	135	0
7768	127	0
7769	132	0
7770	148	0
7771	117	0
7772	133	0
7773	150	0
7774	132	0
7775	147	0
7776	117	0
7777	118	0
7778	127	0
7779	115	0
7780	138	0
7781	147	0
7782	139	0
7783	132	0
7784	107	0
7785	112	0
7786	94	0
7787	98	0
7788	137	0
7789	132	0
7790	113	0
7791	109	0
7792	153	0
7793	133	0
7794	125	0
7795	128	0
7796	115	0
7797	135	0
7798	143	0
7799	154	0
7800	134	0
7801	158	0
7802	129	0
7803	127	0
7804	155	0
7805	147	0
7806	148	0
7807	145	0
7808	135	0
7809	155	0
7810	121	0
7811	110	0
7812	124	0
7813	142	0
7814	131	0
7815	115	0
7816	125	0
7817	134	0
7818	113	0
7819	117	0
7820	138	0
7821	129	0
7822	102	0
7823	139	0
7824	114	0
7825	108	0
7826	118	0
7827	123	0
7828	103	0
7829	147	0
7830	103	0
7831	114	0
7832	137	0
7833	144	0
7834	122	0
7835	151	0
7836	158	0
7837	135	0
7838	151	0
7839	145	0
7840	139	0
7841	153	0
7842	166	0
7843	158	0
7844	161	0
7845	131	0
7846	142	0
7847	129	0
7848	133	0
7849	117	0
7850	143	0
7851	113	0
7852	126	0
7853	130	0
7854	154	0
7855	121	0
7856	129	0
7857	113	0
7858	102	0
7859	124	0
7860	103	0
7861	118	0
7862	120	0
7863	115	0
7864	119	0
7865	127	0
7866	133	0
7867	135	0
7868	107	0
7869	106	0
7870	115	0
7871	150	0
7872	127	0
7873	161	0
7874	135	0
7875	146	0
7876	161	0
7877	123	0
7878	138	0
7879	132	0
7880	147	0
7881	142	0
7882	155	0
7883	148	0
7884	138	0
7885	152	0
7886	135	0
7887	137	0
7888	110	0
7889	128	0
7890	129	0
7891	102	0
7892	139	0
7893	114	0
7894	135	0
7895	150	0
7896	104	0
7897	117	0
7898	129	0
7899	102	0
7900	135	0
7901	119	0
7902	115	0
7903	125	0
7904	137	0
7905	142	0
7906	115	0
7907	127	0
7908	123	0
7909	138	0
7910	129	0
7911	137	0
7912	120	0
7913	147	0
7914	142	0
7915	132	0
7916	159	0
7917	111	0
7918	123	0
7919	137	0
7920	111	0
7921	142	0
7922	152	0
7923	137	0
7924	120	0
7925	151	0
7926	152	0
7927	135	0
7928	138	0
7929	123	0
7930	140	0
7931	110	0
7932	127	0
7933	139	0
7934	135	0
7935	121	0
7936	121	0
7937	138	0
7938	137	0
7939	115	0
7940	154	0
7941	136	0
7942	149	0
7943	108	0
7944	122	0
7945	131	0
7946	99	0
7947	134	0
7948	113	0
7949	139	0
7950	141	0
7951	116	0
7952	127	0
7953	141	0
7954	131	0
7955	163	0
7956	135	0
7957	123	0
7958	117	0
7959	157	0
7960	124	0
7961	140	0
7962	109	0
7963	135	0
7964	142	0
7965	115	0
7966	150	0
7967	123	0
7968	135	0
7969	156	0
7970	119	0
7971	124	0
7972	135	0
7973	135	0
7974	146	0
7975	139	0
7976	119	0
7977	106	0
7978	124	0
7979	119	0
7980	115	0
7981	127	0
7982	126	0
7983	117	0
7984	128	0
7985	146	0
7986	128	0
7987	124	0
7988	95	0
7989	121	0
7990	139	0
7991	107	0
7992	147	0
7993	118	0
7994	152	0
7995	119	0
7996	110	0
7997	139	0
7998	107	0
7999	115	0
