Oscilloscope data. 
Time step = 1,250 uS
Voltage step = 31,25 mV
Zero level = 115

N 	Smpl.	Trig

0	123	0
1	125	0
2	119	0
3	123	0
4	115	0
5	114	0
6	114	0
7	121	0
8	116	0
9	116	0
10	102	0
11	113	0
12	103	0
13	99	0
14	104	0
15	100	0
16	111	0
17	101	0
18	106	0
19	103	0
20	124	0
21	110	0
22	104	0
23	111	0
24	123	0
25	117	0
26	111	0
27	109	0
28	123	0
29	120	0
30	122	0
31	129	0
32	129	0
33	129	0
34	125	0
35	127	0
36	122	0
37	120	0
38	119	0
39	114	0
40	125	0
41	127	0
42	123	0
43	123	0
44	123	0
45	111	0
46	109	0
47	115	0
48	109	0
49	113	0
50	113	0
51	115	0
52	115	0
53	111	0
54	103	0
55	111	0
56	113	0
57	115	0
58	118	0
59	114	0
60	107	0
61	121	0
62	122	0
63	111	0
64	118	0
65	111	0
66	115	0
67	123	0
68	130	0
69	123	0
70	118	0
71	118	0
72	125	0
73	127	0
74	121	0
75	132	0
76	125	0
77	119	0
78	117	0
79	113	0
80	110	0
81	120	0
82	116	0
83	118	0
84	109	0
85	115	0
86	113	0
87	113	0
88	117	0
89	108	0
90	115	0
91	103	0
92	105	0
93	110	0
94	113	0
95	121	0
96	115	0
97	107	0
98	126	0
99	111	0
100	117	0
101	113	0
102	119	0
103	131	0
104	127	0
105	123	0
106	113	0
107	131	0
108	120	0
109	127	0
110	118	0
111	122	0
112	131	0
113	131	0
114	120	0
115	118	0
116	121	0
117	117	0
118	116	0
119	109	0
120	123	0
121	99	0
122	115	0
123	113	0
124	106	0
125	107	0
126	97	0
127	111	0
128	106	0
129	107	0
130	113	0
131	106	0
132	111	0
133	118	0
134	105	0
135	120	0
136	105	0
137	116	0
138	112	0
139	107	0
140	124	0
141	112	0
142	115	0
143	119	0
144	119	0
145	117	0
146	115	0
147	126	0
148	125	0
149	125	0
150	126	0
151	119	0
152	113	0
153	118	0
154	120	0
155	111	0
156	115	0
157	119	0
158	117	0
159	111	0
160	113	0
161	105	0
162	120	0
163	109	0
164	113	0
165	105	0
166	117	0
167	111	0
168	110	0
169	119	0
170	115	0
171	119	0
172	107	0
173	111	0
174	113	0
175	114	0
176	119	0
177	113	0
178	115	0
179	122	0
180	119	0
181	118	0
182	121	0
183	123	0
184	109	0
185	121	0
186	119	0
187	121	0
188	119	0
189	115	0
190	123	0
191	111	0
192	116	0
193	111	0
194	114	0
195	114	0
196	112	0
197	117	0
198	117	0
199	117	0
200	110	0
201	121	0
202	107	0
203	107	0
204	108	0
205	111	0
206	117	0
207	110	0
208	107	0
209	117	0
210	119	0
211	112	0
212	111	0
213	118	0
214	121	0
215	123	0
216	122	0
217	128	0
218	113	0
219	117	0
220	121	0
221	113	0
222	125	0
223	123	0
224	121	0
225	122	0
226	127	0
227	116	0
228	126	0
229	119	0
230	122	0
231	119	0
232	119	0
233	118	0
234	113	0
235	112	0
236	111	0
237	105	0
238	111	0
239	120	0
240	111	0
241	107	0
242	105	0
243	111	0
244	119	0
245	113	0
246	114	0
247	114	0
248	111	0
249	117	0
250	113	0
251	114	0
252	120	0
253	127	0
254	120	0
255	117	0
256	129	0
257	121	0
258	123	0
259	112	0
260	120	0
261	131	0
262	125	0
263	113	0
264	118	0
265	124	0
266	120	0
267	121	0
268	115	0
269	118	0
270	114	0
271	111	0
272	110	0
273	114	0
274	113	0
275	115	0
276	115	0
277	101	0
278	117	0
279	107	0
280	106	0
281	108	0
282	101	0
283	111	0
284	106	0
285	115	0
286	110	0
287	114	0
288	110	0
289	109	0
290	117	0
291	117	0
292	120	0
293	125	0
294	117	0
295	119	0
296	129	0
297	120	0
298	124	0
299	127	0
300	122	0
301	119	0
302	123	0
303	119	0
304	109	0
305	118	0
306	124	0
307	122	0
308	121	0
309	113	0
310	118	0
311	111	0
312	117	0
313	108	0
314	107	0
315	113	0
316	108	0
317	111	0
318	97	0
319	109	0
320	108	0
321	110	0
322	99	0
323	109	0
324	110	0
325	107	0
326	105	0
327	115	0
328	110	0
329	115	0
330	121	0
331	118	0
332	114	0
333	115	0
334	121	0
335	120	0
336	123	0
337	125	0
338	121	0
339	128	0
340	119	0
341	129	0
342	129	0
343	114	0
344	126	0
345	121	0
346	118	0
347	111	0
348	110	0
349	113	0
350	107	0
351	101	0
352	106	0
353	120	0
354	113	0
355	103	0
356	110	0
357	101	0
358	109	0
359	97	0
360	109	0
361	115	0
362	109	0
363	102	0
364	113	0
365	114	0
366	112	0
367	113	0
368	123	0
369	111	0
370	120	0
371	119	0
372	126	0
373	123	0
374	124	0
375	125	0
376	121	0
377	131	0
378	125	0
379	130	0
380	119	0
381	125	0
382	121	0
383	127	0
384	113	0
385	125	0
386	117	0
387	121	0
388	111	0
389	124	0
390	107	0
391	103	0
392	102	0
393	101	0
394	101	0
395	115	0
396	112	0
397	99	0
398	103	0
399	104	0
400	119	0
401	104	0
402	108	0
403	110	0
404	121	0
405	111	0
406	118	0
407	121	0
408	116	0
409	129	0
410	124	0
411	123	0
412	127	0
413	135	0
414	126	0
415	133	0
416	133	0
417	123	0
418	124	0
419	121	0
420	132	0
421	122	0
422	121	0
423	111	0
424	116	0
425	108	0
426	103	0
427	106	0
428	101	0
429	97	0
430	105	0
431	105	0
432	113	0
433	103	0
434	113	0
435	107	0
436	99	0
437	102	0
438	120	0
439	115	0
440	117	0
441	106	0
442	106	0
443	126	0
444	123	0
445	119	0
446	129	0
447	123	0
448	129	0
449	133	0
450	133	0
451	128	0
452	123	0
453	128	0
454	125	0
455	127	0
456	123	0
457	123	0
458	125	0
459	118	0
460	124	0
461	125	0
462	112	0
463	107	0
464	111	0
465	105	0
466	99	0
467	104	0
468	105	0
469	105	0
470	108	0
471	104	0
472	97	0
473	97	0
474	107	0
475	109	0
476	113	0
477	112	0
478	116	0
479	108	0
480	109	0
481	123	0
482	120	0
483	110	0
484	120	0
485	129	0
486	126	0
487	123	0
488	122	0
489	128	0
490	125	0
491	137	0
492	139	0
493	132	0
494	130	0
495	133	0
496	117	0
497	123	0
498	112	0
499	123	0
500	110	0
501	117	0
502	101	0
503	110	0
504	102	0
505	97	0
506	99	0
507	105	0
508	103	0
509	100	0
510	92	0
511	97	0
512	97	0
513	113	0
514	101	0
515	105	0
516	110	0
517	115	0
518	105	0
519	116	0
520	121	0
521	117	0
522	137	0
523	136	0
524	131	0
525	132	0
526	122	0
527	134	0
528	137	0
529	123	0
530	137	0
531	133	0
532	132	0
533	129	0
534	125	0
535	118	0
536	122	0
537	108	0
538	121	0
539	125	0
540	105	0
541	104	0
542	110	0
543	97	0
544	103	0
545	103	0
546	98	0
547	97	0
548	99	0
549	98	0
550	95	0
551	107	0
552	105	0
553	105	0
554	110	0
555	102	0
556	117	0
557	119	0
558	112	0
559	125	0
560	115	0
561	123	0
562	129	0
563	136	0
564	133	0
565	136	0
566	125	0
567	133	0
568	137	0
569	129	0
570	125	0
571	135	0
572	123	0
573	136	0
574	129	0
575	117	0
576	123	0
577	115	0
578	104	0
579	108	0
580	103	0
581	106	0
582	100	0
583	101	0
584	93	0
585	102	0
586	94	0
587	97	0
588	110	0
589	99	0
590	103	0
591	111	0
592	111	0
593	110	0
594	105	0
595	114	0
596	111	0
597	131	0
598	117	0
599	119	0
600	139	0
601	126	0
602	134	0
603	131	0
604	135	0
605	124	0
606	137	0
607	140	0
608	131	0
609	121	0
610	126	0
611	127	0
612	124	0
613	123	0
614	113	0
615	119	0
616	121	0
617	112	0
618	99	0
619	100	0
620	105	0
621	97	0
622	109	0
623	97	0
624	101	0
625	99	0
626	99	0
627	110	0
628	98	0
629	111	0
630	105	0
631	107	0
632	114	0
633	107	0
634	121	0
635	117	0
636	124	0
637	125	0
638	128	0
639	128	0
640	131	0
641	126	0
642	127	0
643	128	0
644	123	0
645	132	0
646	125	0
647	123	0
648	133	0
649	113	0
650	131	0
651	121	0
652	124	0
653	119	0
654	105	0
655	115	0
656	102	0
657	112	0
658	109	0
659	97	0
660	107	0
661	107	0
662	107	0
663	101	0
664	109	0
665	98	0
666	105	0
667	110	0
668	109	0
669	111	0
670	111	0
671	126	0
672	126	0
673	129	0
674	117	0
675	125	0
676	123	0
677	131	0
678	132	0
679	133	0
680	135	0
681	130	0
682	132	0
683	131	0
684	135	0
685	123	0
686	125	0
687	120	0
688	129	0
689	115	0
690	119	0
691	118	0
692	115	0
693	112	0
694	106	0
695	110	0
696	109	0
697	109	0
698	109	0
699	97	0
700	103	0
701	102	0
702	109	0
703	103	0
704	117	0
705	109	0
706	110	0
707	112	0
708	115	0
709	116	0
710	119	0
711	112	0
712	128	0
713	113	0
714	127	0
715	128	0
716	128	0
717	125	0
718	124	0
719	133	0
720	121	0
721	121	0
722	132	0
723	121	0
724	119	0
725	121	0
726	120	0
727	117	0
728	109	0
729	119	0
730	121	0
731	115	0
732	107	0
733	109	0
734	103	0
735	104	0
736	109	0
737	104	0
738	109	0
739	102	0
740	106	0
741	110	0
742	109	0
743	105	0
744	103	0
745	112	0
746	120	0
747	115	0
748	111	0
749	119	0
750	115	0
751	129	0
752	125	0
753	122	0
754	133	0
755	125	0
756	130	0
757	125	0
758	121	0
759	131	0
760	129	0
761	125	0
762	118	0
763	134	0
764	113	0
765	118	0
766	117	0
767	125	0
768	113	0
769	120	0
770	115	0
771	117	0
772	108	0
773	113	0
774	115	0
775	97	0
776	102	0
777	101	0
778	100	0
779	100	0
780	111	0
781	115	0
782	107	0
783	113	0
784	113	0
785	109	0
786	112	0
787	115	0
788	121	0
789	122	0
790	123	0
791	129	0
792	131	0
793	132	0
794	117	0
795	126	0
796	119	0
797	121	0
798	127	0
799	126	0
800	119	0
801	118	0
802	112	0
803	123	0
804	113	0
805	117	0
806	122	0
807	113	0
808	116	0
809	115	0
810	119	0
811	110	0
812	109	0
813	106	0
814	110	0
815	101	0
816	118	0
817	117	0
818	111	0
819	117	0
820	111	0
821	116	0
822	117	0
823	109	0
824	125	0
825	117	0
826	111	0
827	123	0
828	115	0
829	121	0
830	119	0
831	125	0
832	117	0
833	129	0
834	131	0
835	126	0
836	113	0
837	115	0
838	124	0
839	119	0
840	121	0
841	123	0
842	124	0
843	113	0
844	113	0
845	116	0
846	100	0
847	111	0
848	107	0
849	105	0
850	107	0
851	105	0
852	112	0
853	105	0
854	100	0
855	112	0
856	105	0
857	121	0
858	123	0
859	114	0
860	109	0
861	117	0
862	117	0
863	114	0
864	118	0
865	115	0
866	116	0
867	126	0
868	124	0
869	121	0
870	125	0
871	123	0
872	121	0
873	120	0
874	119	0
875	119	0
876	126	0
877	122	0
878	117	0
879	117	0
880	115	0
881	118	0
882	105	0
883	117	0
884	118	0
885	110	0
886	108	0
887	113	0
888	115	0
889	102	0
890	113	0
891	114	0
892	111	0
893	113	0
894	107	0
895	111	0
896	111	0
897	123	0
898	115	0
899	117	0
900	116	0
901	116	0
902	111	0
903	122	0
904	123	0
905	115	0
906	121	0
907	118	0
908	137	0
909	131	0
910	128	0
911	121	0
912	117	0
913	118	0
914	126	0
915	119	0
916	127	0
917	109	0
918	119	0
919	118	0
920	115	0
921	112	0
922	109	0
923	118	0
924	111	0
925	109	0
926	113	0
927	105	0
928	100	0
929	111	0
930	111	0
931	109	0
932	111	0
933	118	0
934	115	0
935	111	0
936	110	0
937	113	0
938	114	0
939	122	0
940	117	0
941	118	0
942	123	0
943	125	0
944	125	0
945	111	0
946	123	0
947	118	0
948	116	0
949	126	0
950	119	0
951	118	0
952	122	0
953	113	0
954	121	0
955	119	0
956	118	0
957	118	0
958	117	0
959	111	0
960	118	0
961	118	0
962	113	0
963	107	0
964	110	0
965	102	0
966	113	0
967	110	0
968	112	0
969	120	0
970	119	0
971	113	0
972	109	0
973	113	0
974	114	0
975	115	0
976	107	0
977	117	0
978	121	0
979	111	0
980	115	0
981	120	0
982	133	0
983	119	0
984	115	0
985	121	0
986	125	0
987	120	0
988	117	0
989	112	0
990	121	0
991	117	0
992	123	0
993	125	0
994	119	0
995	121	0
996	118	0
997	118	0
998	113	0
999	108	0
1000	108	0
1001	119	0
1002	117	0
1003	113	0
1004	107	0
1005	112	0
1006	111	0
1007	107	0
1008	113	0
1009	123	0
1010	108	0
1011	111	0
1012	107	0
1013	116	0
1014	119	0
1015	116	0
1016	115	0
1017	113	0
1018	113	0
1019	111	0
1020	116	0
1021	128	0
1022	127	0
1023	117	0
1024	115	0
1025	123	0
1026	115	0
1027	124	0
1028	121	0
1029	123	0
1030	123	0
1031	115	0
1032	115	0
1033	106	0
1034	115	0
1035	118	0
1036	117	0
1037	115	0
1038	115	0
1039	99	0
1040	107	0
1041	107	0
1042	109	0
1043	112	0
1044	101	0
1045	105	0
1046	115	0
1047	107	0
1048	118	0
1049	119	0
1050	125	0
1051	127	0
1052	127	0
1053	124	0
1054	124	0
1055	118	0
1056	115	0
1057	111	0
1058	121	0
1059	124	0
1060	127	0
1061	125	0
1062	128	0
1063	121	0
1064	121	0
1065	121	0
1066	117	0
1067	125	0
1068	128	0
1069	125	0
1070	115	0
1071	118	0
1072	108	0
1073	123	0
1074	113	0
1075	115	0
1076	110	0
1077	109	0
1078	107	0
1079	112	0
1080	113	0
1081	107	0
1082	104	0
1083	104	0
1084	105	0
1085	115	0
1086	108	0
1087	111	0
1088	103	0
1089	126	0
1090	117	0
1091	113	0
1092	118	0
1093	126	0
1094	127	0
1095	116	0
1096	116	0
1097	125	0
1098	127	0
1099	119	0
1100	125	0
1101	117	0
1102	115	0
1103	133	0
1104	127	0
1105	128	0
1106	118	0
1107	115	0
1108	118	0
1109	115	0
1110	113	0
1111	117	0
1112	109	0
1113	105	0
1114	111	0
1115	115	0
1116	110	0
1117	113	0
1118	105	0
1119	103	0
1120	113	0
1121	101	0
1122	110	0
1123	111	0
1124	111	0
1125	115	0
1126	120	0
1127	105	0
1128	115	0
1129	122	0
1130	125	0
1131	118	0
1132	125	0
1133	115	0
1134	123	0
1135	116	0
1136	127	0
1137	129	0
1138	121	0
1139	125	0
1140	118	0
1141	129	0
1142	121	0
1143	118	0
1144	121	0
1145	124	0
1146	125	0
1147	121	0
1148	121	0
1149	116	0
1150	110	0
1151	114	0
1152	118	0
1153	115	0
1154	104	0
1155	103	0
1156	101	0
1157	103	0
1158	111	0
1159	109	0
1160	109	0
1161	117	0
1162	107	0
1163	120	0
1164	113	0
1165	115	0
1166	107	0
1167	119	0
1168	127	0
1169	120	0
1170	126	0
1171	117	0
1172	127	0
1173	133	0
1174	123	0
1175	123	0
1176	125	0
1177	124	0
1178	122	0
1179	127	0
1180	122	0
1181	121	0
1182	123	0
1183	121	0
1184	110	0
1185	115	0
1186	109	0
1187	113	0
1188	107	0
1189	112	0
1190	111	0
1191	109	0
1192	107	0
1193	99	0
1194	106	0
1195	98	0
1196	107	0
1197	105	0
1198	100	0
1199	106	0
1200	115	0
1201	115	0
1202	113	0
1203	112	0
1204	112	0
1205	112	0
1206	120	0
1207	115	0
1208	125	0
1209	132	0
1210	125	0
1211	121	0
1212	129	0
1213	135	0
1214	132	0
1215	136	0
1216	127	0
1217	124	0
1218	127	0
1219	129	0
1220	126	0
1221	119	0
1222	117	0
1223	116	0
1224	125	0
1225	112	0
1226	117	0
1227	114	0
1228	109	0
1229	107	0
1230	107	0
1231	97	0
1232	108	0
1233	104	0
1234	109	0
1235	108	0
1236	101	0
1237	101	0
1238	105	0
1239	111	0
1240	117	0
1241	113	0
1242	125	0
1243	105	0
1244	118	0
1245	130	0
1246	114	0
1247	117	0
1248	133	0
1249	131	0
1250	119	0
1251	125	0
1252	129	0
1253	127	0
1254	131	0
1255	134	0
1256	129	0
1257	134	0
1258	125	0
1259	124	0
1260	125	0
1261	127	0
1262	105	0
1263	108	0
1264	111	0
1265	110	0
1266	111	0
1267	110	0
1268	102	0
1269	104	0
1270	103	0
1271	96	0
1272	103	0
1273	103	0
1274	96	0
1275	109	0
1276	110	0
1277	107	0
1278	113	0
1279	111	0
1280	113	0
1281	118	0
1282	123	0
1283	123	0
1284	137	0
1285	122	0
1286	130	0
1287	126	0
1288	134	0
1289	128	0
1290	139	0
1291	131	0
1292	122	0
1293	138	0
1294	134	0
1295	123	0
1296	117	0
1297	124	0
1298	121	0
1299	122	0
1300	113	0
1301	115	0
1302	113	0
1303	115	0
1304	94	0
1305	106	0
1306	105	0
1307	111	0
1308	97	0
1309	97	0
1310	99	0
1311	101	0
1312	109	0
1313	107	0
1314	109	0
1315	111	0
1316	119	0
1317	102	0
1318	107	0
1319	122	0
1320	123	0
1321	115	0
1322	125	0
1323	141	0
1324	128	0
1325	133	0
1326	133	0
1327	131	0
1328	129	0
1329	134	0
1330	131	0
1331	131	0
1332	131	0
1333	134	0
1334	122	0
1335	126	0
1336	120	0
1337	123	0
1338	112	0
1339	119	0
1340	106	0
1341	105	0
1342	108	0
1343	101	0
1344	111	0
1345	98	0
1346	94	0
1347	101	0
1348	104	0
1349	93	0
1350	101	0
1351	100	0
1352	107	0
1353	109	0
1354	104	0
1355	117	0
1356	111	0
1357	123	0
1358	118	0
1359	121	0
1360	123	0
1361	122	0
1362	137	0
1363	126	0
1364	133	0
1365	133	0
1366	139	0
1367	126	0
1368	140	0
1369	128	0
1370	128	0
1371	132	0
1372	131	0
1373	123	0
1374	118	0
1375	122	0
1376	117	0
1377	119	0
1378	115	0
1379	102	0
1380	105	0
1381	105	0
1382	99	0
1383	96	0
1384	107	0
1385	106	0
1386	95	0
1387	106	0
1388	105	0
1389	110	0
1390	113	0
1391	99	0
1392	108	0
1393	105	0
1394	114	0
1395	111	0
1396	118	0
1397	111	0
1398	126	0
1399	126	0
1400	122	0
1401	143	0
1402	125	0
1403	130	0
1404	135	0
1405	129	0
1406	140	0
1407	137	0
1408	134	0
1409	127	0
1410	137	0
1411	138	0
1412	129	0
1413	121	0
1414	120	0
1415	120	0
1416	110	0
1417	107	0
1418	109	0
1419	109	0
1420	100	0
1421	107	0
1422	101	0
1423	99	0
1424	97	0
1425	99	0
1426	107	0
1427	107	0
1428	99	0
1429	105	0
1430	109	0
1431	112	0
1432	107	0
1433	107	0
1434	125	0
1435	125	0
1436	129	0
1437	121	0
1438	126	0
1439	122	0
1440	126	0
1441	140	0
1442	141	0
1443	136	0
1444	136	0
1445	137	0
1446	135	0
1447	129	0
1448	118	0
1449	133	0
1450	119	0
1451	125	0
1452	111	0
1453	111	0
1454	112	0
1455	103	0
1456	114	0
1457	105	0
1458	101	0
1459	101	0
1460	104	0
1461	119	0
1462	111	0
1463	106	0
1464	114	0
1465	112	0
1466	102	0
1467	107	0
1468	110	0
1469	119	0
1470	110	0
1471	112	0
1472	121	0
1473	120	0
1474	122	0
1475	125	0
1476	132	0
1477	121	0
1478	120	0
1479	125	0
1480	133	0
1481	126	0
1482	129	0
1483	127	0
1484	133	0
1485	125	0
1486	122	0
1487	133	0
1488	118	0
1489	121	0
1490	120	0
1491	126	0
1492	111	0
1493	104	0
1494	109	0
1495	101	0
1496	101	0
1497	106	0
1498	105	0
1499	103	0
1500	102	0
1501	109	0
1502	105	0
1503	102	0
1504	111	0
1505	115	0
1506	113	0
1507	113	0
1508	123	0
1509	116	0
1510	119	0
1511	121	0
1512	127	0
1513	119	0
1514	134	0
1515	123	0
1516	126	0
1517	134	0
1518	126	0
1519	129	0
1520	131	0
1521	117	0
1522	134	0
1523	131	0
1524	125	0
1525	129	0
1526	121	0
1527	121	0
1528	118	0
1529	118	0
1530	107	0
1531	116	0
1532	105	0
1533	105	0
1534	109	0
1535	101	0
1536	101	0
1537	105	0
1538	97	0
1539	107	0
1540	102	0
1541	95	0
1542	96	0
1543	105	0
1544	113	0
1545	111	0
1546	110	0
1547	109	0
1548	111	0
1549	127	0
1550	128	0
1551	115	0
1552	125	0
1553	129	0
1554	131	0
1555	131	0
1556	137	0
1557	121	0
1558	125	0
1559	135	0
1560	121	0
1561	127	0
1562	115	0
1563	129	0
1564	125	0
1565	129	0
1566	117	0
1567	114	0
1568	114	0
1569	106	0
1570	107	0
1571	105	0
1572	97	0
1573	109	0
1574	97	0
1575	102	0
1576	107	0
1577	103	0
1578	110	0
1579	109	0
1580	115	0
1581	102	0
1582	108	0
1583	123	0
1584	117	0
1585	117	0
1586	109	0
1587	119	0
1588	127	0
1589	120	0
1590	127	0
1591	126	0
1592	126	0
1593	120	0
1594	117	0
1595	134	0
1596	127	0
1597	133	0
1598	115	0
1599	121	0
1600	121	0
1601	125	0
1602	120	0
1603	130	0
1604	115	0
1605	121	0
1606	125	0
1607	111	0
1608	103	0
1609	117	0
1610	114	0
1611	105	0
1612	104	0
1613	105	0
1614	111	0
1615	111	0
1616	103	0
1617	113	0
1618	105	0
1619	115	0
1620	107	0
1621	111	0
1622	113	0
1623	109	0
1624	117	0
1625	116	0
1626	121	0
1627	127	0
1628	119	0
1629	123	0
1630	125	0
1631	117	0
1632	126	0
1633	119	0
1634	119	0
1635	134	0
1636	125	0
1637	113	0
1638	121	0
1639	121	0
1640	115	0
1641	129	0
1642	121	0
1643	106	0
1644	103	0
1645	113	0
1646	125	0
1647	117	0
1648	103	0
1649	113	0
1650	112	0
1651	110	0
1652	109	0
1653	104	0
1654	112	0
1655	114	0
1656	109	0
1657	111	0
1658	113	0
1659	108	0
1660	116	0
1661	123	0
1662	123	0
1663	127	0
1664	121	0
1665	117	0
1666	126	0
1667	126	0
1668	118	0
1669	113	0
1670	123	0
1671	116	0
1672	122	0
1673	126	0
1674	115	0
1675	125	0
1676	111	0
1677	118	0
1678	129	0
1679	117	0
1680	118	0
1681	114	0
1682	109	0
1683	115	0
1684	111	0
1685	107	0
1686	109	0
1687	119	0
1688	99	0
1689	102	0
1690	114	0
1691	111	0
1692	117	0
1693	110	0
1694	107	0
1695	111	0
1696	111	0
1697	115	0
1698	122	0
1699	113	0
1700	123	0
1701	113	0
1702	121	0
1703	131	0
1704	120	0
1705	108	0
1706	117	0
1707	123	0
1708	123	0
1709	117	0
1710	124	0
1711	125	0
1712	117	0
1713	118	0
1714	121	0
1715	113	0
1716	121	0
1717	113	0
1718	122	0
1719	123	0
1720	113	0
1721	117	0
1722	111	0
1723	109	0
1724	115	0
1725	117	0
1726	112	0
1727	117	0
1728	116	0
1729	114	0
1730	116	0
1731	108	0
1732	109	0
1733	113	0
1734	120	0
1735	109	0
1736	120	0
1737	121	0
1738	121	0
1739	119	0
1740	121	0
1741	125	0
1742	119	0
1743	123	0
1744	121	0
1745	125	0
1746	118	0
1747	124	0
1748	117	0
1749	124	0
1750	125	0
1751	121	0
1752	115	0
1753	111	0
1754	125	0
1755	111	0
1756	116	0
1757	114	0
1758	110	0
1759	113	0
1760	124	0
1761	109	0
1762	107	0
1763	114	0
1764	109	0
1765	114	0
1766	113	0
1767	110	0
1768	104	0
1769	111	0
1770	112	0
1771	109	0
1772	119	0
1773	115	0
1774	112	0
1775	118	0
1776	122	0
1777	117	0
1778	111	0
1779	125	0
1780	115	0
1781	116	0
1782	118	0
1783	119	0
1784	125	0
1785	126	0
1786	117	0
1787	115	0
1788	119	0
1789	125	0
1790	116	0
1791	125	0
1792	129	0
1793	124	0
1794	118	0
1795	109	0
1796	115	0
1797	110	0
1798	112	0
1799	112	0
1800	112	0
1801	109	0
1802	111	0
1803	106	0
1804	109	0
1805	111	0
1806	120	0
1807	118	0
1808	110	0
1809	118	0
1810	111	0
1811	113	0
1812	110	0
1813	125	0
1814	109	0
1815	111	0
1816	115	0
1817	121	0
1818	111	0
1819	122	0
1820	121	0
1821	127	0
1822	118	0
1823	118	0
1824	121	0
1825	117	0
1826	125	0
1827	119	0
1828	125	0
1829	119	0
1830	119	0
1831	114	0
1832	129	0
1833	116	0
1834	116	0
1835	115	0
1836	123	0
1837	115	0
1838	115	0
1839	113	0
1840	105	0
1841	107	0
1842	102	0
1843	108	0
1844	119	0
1845	121	0
1846	113	0
1847	103	0
1848	113	0
1849	109	0
1850	110	0
1851	115	0
1852	117	0
1853	107	0
1854	119	0
1855	113	0
1856	114	0
1857	119	0
1858	115	0
1859	125	0
1860	121	0
1861	128	0
1862	128	0
1863	123	0
1864	111	0
1865	125	0
1866	134	0
1867	112	0
1868	120	0
1869	113	0
1870	122	0
1871	118	0
1872	113	0
1873	113	0
1874	113	0
1875	118	0
1876	107	0
1877	118	0
1878	115	0
1879	102	0
1880	113	0
1881	110	0
1882	107	0
1883	111	0
1884	108	0
1885	113	0
1886	108	0
1887	111	0
1888	117	0
1889	116	0
1890	117	0
1891	118	0
1892	121	0
1893	110	0
1894	115	0
1895	126	0
1896	129	0
1897	127	0
1898	130	0
1899	127	0
1900	125	0
1901	124	0
1902	121	0
1903	118	0
1904	126	0
1905	122	0
1906	125	0
1907	117	0
1908	121	0
1909	113	0
1910	115	0
1911	119	0
1912	115	0
1913	119	0
1914	113	0
1915	102	0
1916	111	0
1917	113	0
1918	101	0
1919	108	0
1920	101	0
1921	107	0
1922	113	0
1923	114	0
1924	102	0
1925	115	0
1926	110	0
1927	113	0
1928	117	0
1929	128	0
1930	117	0
1931	112	0
1932	127	0
1933	121	0
1934	125	0
1935	116	0
1936	127	0
1937	124	0
1938	128	0
1939	127	0
1940	123	0
1941	112	0
1942	113	0
1943	121	0
1944	124	0
1945	113	0
1946	120	0
1947	109	0
1948	108	0
1949	112	0
1950	120	0
1951	113	0
1952	111	0
1953	99	0
1954	105	0
1955	110	0
1956	109	0
1957	105	0
1958	103	0
1959	110	0
1960	111	0
1961	106	0
1962	117	0
1963	119	0
1964	103	0
1965	115	0
1966	112	0
1967	121	0
1968	118	0
1969	115	0
1970	117	0
1971	125	0
1972	117	0
1973	117	0
1974	126	0
1975	133	0
1976	126	0
1977	130	0
1978	125	0
1979	123	0
1980	134	0
1981	119	0
1982	121	0
1983	119	0
1984	120	0
1985	109	0
1986	113	0
1987	117	0
1988	117	0
1989	112	0
1990	101	0
1991	105	0
1992	113	0
1993	106	0
1994	94	0
1995	108	0
1996	104	0
1997	108	0
1998	108	0
1999	113	0
2000	109	0
2001	115	0
2002	111	0
2003	107	0
2004	117	0
2005	125	0
2006	116	0
2007	113	0
2008	127	0
2009	116	0
2010	126	0
2011	133	0
2012	127	0
2013	127	0
2014	125	0
2015	133	0
2016	124	0
2017	134	0
2018	130	0
2019	119	0
2020	125	0
2021	119	0
2022	126	0
2023	120	0
2024	118	0
2025	109	0
2026	116	0
2027	123	0
2028	109	0
2029	99	0
2030	102	0
2031	107	0
2032	105	0
2033	99	0
2034	96	0
2035	97	0
2036	101	0
2037	101	0
2038	113	0
2039	115	0
2040	116	0
2041	121	0
2042	117	0
2043	118	0
2044	115	0
2045	111	0
2046	123	0
2047	126	0
2048	127	0
2049	123	0
2050	135	0
2051	125	0
2052	126	0
2053	131	0
2054	126	0
2055	123	0
2056	121	0
2057	125	0
2058	127	0
2059	118	0
2060	121	0
2061	112	0
2062	115	0
2063	112	0
2064	114	0
2065	115	0
2066	103	0
2067	99	0
2068	98	0
2069	91	0
2070	103	0
2071	101	0
2072	105	0
2073	99	0
2074	109	0
2075	111	0
2076	113	0
2077	105	0
2078	111	0
2079	115	0
2080	117	0
2081	113	0
2082	133	0
2083	118	0
2084	129	0
2085	130	0
2086	116	0
2087	136	0
2088	138	0
2089	134	0
2090	136	0
2091	132	0
2092	139	0
2093	127	0
2094	135	0
2095	136	0
2096	130	0
2097	123	0
2098	128	0
2099	116	0
2100	116	0
2101	113	0
2102	111	0
2103	114	0
2104	102	0
2105	97	0
2106	97	0
2107	100	0
2108	107	0
2109	101	0
2110	99	0
2111	110	0
2112	92	0
2113	109	0
2114	111	0
2115	108	0
2116	117	0
2117	104	0
2118	111	0
2119	113	0
2120	113	0
2121	123	0
2122	126	0
2123	127	0
2124	128	0
2125	125	0
2126	131	0
2127	137	0
2128	137	0
2129	129	0
2130	131	0
2131	139	0
2132	136	0
2133	129	0
2134	131	0
2135	115	0
2136	121	0
2137	121	0
2138	118	0
2139	111	0
2140	109	0
2141	106	0
2142	108	0
2143	111	0
2144	99	0
2145	106	0
2146	92	0
2147	103	0
2148	96	0
2149	97	0
2150	95	0
2151	97	0
2152	106	0
2153	105	0
2154	109	0
2155	113	0
2156	111	0
2157	120	0
2158	117	0
2159	123	0
2160	121	0
2161	121	0
2162	133	0
2163	128	0
2164	127	0
2165	129	0
2166	129	0
2167	141	0
2168	141	0
2169	127	0
2170	138	0
2171	129	0
2172	123	0
2173	119	0
2174	117	0
2175	121	0
2176	118	0
2177	114	0
2178	113	0
2179	119	0
2180	109	0
2181	105	0
2182	107	0
2183	117	0
2184	102	0
2185	101	0
2186	97	0
2187	95	0
2188	100	0
2189	107	0
2190	97	0
2191	103	0
2192	109	0
2193	110	0
2194	114	0
2195	117	0
2196	121	0
2197	118	0
2198	134	0
2199	124	0
2200	127	0
2201	125	0
2202	129	0
2203	129	0
2204	139	0
2205	136	0
2206	135	0
2207	131	0
2208	129	0
2209	117	0
2210	127	0
2211	130	0
2212	123	0
2213	127	0
2214	117	0
2215	117	0
2216	111	0
2217	121	0
2218	103	0
2219	95	0
2220	99	0
2221	105	0
2222	101	0
2223	99	0
2224	94	0
2225	110	0
2226	104	0
2227	105	0
2228	99	0
2229	105	0
2230	104	0
2231	122	0
2232	118	0
2233	121	0
2234	115	0
2235	119	0
2236	125	0
2237	129	0
2238	121	0
2239	133	0
2240	123	0
2241	127	0
2242	137	0
2243	131	0
2244	130	0
2245	129	0
2246	132	0
2247	131	0
2248	127	0
2249	121	0
2250	120	0
2251	120	0
2252	121	0
2253	113	0
2254	111	0
2255	105	0
2256	109	0
2257	102	0
2258	105	0
2259	110	0
2260	94	0
2261	89	0
2262	98	0
2263	103	0
2264	99	0
2265	107	0
2266	110	0
2267	107	0
2268	109	0
2269	111	0
2270	117	0
2271	117	0
2272	115	0
2273	121	0
2274	123	0
2275	127	0
2276	125	0
2277	139	0
2278	133	0
2279	133	0
2280	138	0
2281	135	0
2282	132	0
2283	119	0
2284	127	0
2285	131	0
2286	119	0
2287	123	0
2288	126	0
2289	121	0
2290	113	0
2291	117	0
2292	103	0
2293	101	0
2294	116	0
2295	98	0
2296	102	0
2297	102	0
2298	100	0
2299	111	0
2300	102	0
2301	102	0
2302	103	0
2303	105	0
2304	104	0
2305	105	0
2306	113	0
2307	110	0
2308	117	0
2309	115	0
2310	118	0
2311	118	0
2312	118	0
2313	118	0
2314	125	0
2315	136	0
2316	128	0
2317	129	0
2318	125	0
2319	124	0
2320	137	0
2321	131	0
2322	131	0
2323	121	0
2324	123	0
2325	123	0
2326	121	0
2327	111	0
2328	117	0
2329	114	0
2330	105	0
2331	108	0
2332	104	0
2333	103	0
2334	109	0
2335	105	0
2336	93	0
2337	105	0
2338	99	0
2339	101	0
2340	102	0
2341	101	0
2342	108	0
2343	105	0
2344	118	0
2345	103	0
2346	113	0
2347	122	0
2348	121	0
2349	113	0
2350	120	0
2351	113	0
2352	122	0
2353	127	0
2354	126	0
2355	128	0
2356	129	0
2357	118	0
2358	119	0
2359	124	0
2360	127	0
2361	129	0
2362	130	0
2363	127	0
2364	121	0
2365	121	0
2366	125	0
2367	116	0
2368	115	0
2369	115	0
2370	109	0
2371	103	0
2372	110	0
2373	107	0
2374	112	0
2375	101	0
2376	104	0
2377	99	0
2378	112	0
2379	107	0
2380	113	0
2381	105	0
2382	105	0
2383	115	0
2384	103	0
2385	113	0
2386	112	0
2387	117	0
2388	126	0
2389	122	0
2390	117	0
2391	129	0
2392	128	0
2393	129	0
2394	121	0
2395	129	0
2396	129	0
2397	132	0
2398	127	0
2399	127	0
2400	115	0
2401	131	0
2402	129	0
2403	126	0
2404	121	0
2405	109	0
2406	112	0
2407	113	0
2408	109	0
2409	114	0
2410	113	0
2411	107	0
2412	110	0
2413	112	0
2414	111	0
2415	107	0
2416	111	0
2417	116	0
2418	114	0
2419	101	0
2420	113	0
2421	117	0
2422	109	0
2423	115	0
2424	110	0
2425	122	0
2426	115	0
2427	119	0
2428	128	0
2429	129	0
2430	124	0
2431	130	0
2432	117	0
2433	123	0
2434	127	0
2435	130	0
2436	121	0
2437	125	0
2438	123	0
2439	124	0
2440	115	0
2441	113	0
2442	129	0
2443	105	0
2444	109	0
2445	115	0
2446	105	0
2447	111	0
2448	109	0
2449	107	0
2450	105	0
2451	110	0
2452	112	0
2453	107	0
2454	102	0
2455	102	0
2456	120	0
2457	112	0
2458	109	0
2459	113	0
2460	123	0
2461	124	0
2462	118	0
2463	133	0
2464	117	0
2465	121	0
2466	117	0
2467	126	0
2468	123	0
2469	114	0
2470	116	0
2471	121	0
2472	131	0
2473	119	0
2474	117	0
2475	115	0
2476	119	0
2477	110	0
2478	112	0
2479	123	0
2480	122	0
2481	117	0
2482	113	0
2483	115	0
2484	110	0
2485	110	0
2486	126	0
2487	107	0
2488	107	0
2489	113	0
2490	107	0
2491	112	0
2492	109	0
2493	108	0
2494	113	0
2495	111	0
2496	105	0
2497	113	0
2498	117	0
2499	121	0
2500	111	0
2501	125	0
2502	123	0
2503	114	0
2504	118	0
2505	117	0
2506	121	0
2507	119	0
2508	122	0
2509	116	0
2510	125	0
2511	122	0
2512	128	0
2513	118	0
2514	124	0
2515	119	0
2516	115	0
2517	119	0
2518	113	0
2519	119	0
2520	114	0
2521	121	0
2522	117	0
2523	113	0
2524	115	0
2525	123	0
2526	113	0
2527	111	0
2528	102	0
2529	110	0
2530	107	0
2531	101	0
2532	115	0
2533	104	0
2534	116	0
2535	120	0
2536	118	0
2537	121	0
2538	115	0
2539	119	0
2540	108	0
2541	117	0
2542	125	0
2543	121	0
2544	123	0
2545	112	0
2546	115	0
2547	112	0
2548	113	0
2549	129	0
2550	121	0
2551	124	0
2552	124	0
2553	120	0
2554	121	0
2555	120	0
2556	121	0
2557	117	0
2558	113	0
2559	123	0
2560	121	0
2561	117	0
2562	117	0
2563	108	0
2564	114	0
2565	105	0
2566	107	0
2567	109	0
2568	117	0
2569	109	0
2570	121	0
2571	118	0
2572	111	0
2573	106	0
2574	115	0
2575	113	0
2576	115	0
2577	121	0
2578	129	0
2579	126	0
2580	119	0
2581	114	0
2582	123	0
2583	125	0
2584	119	0
2585	125	0
2586	113	0
2587	125	0
2588	128	0
2589	118	0
2590	120	0
2591	126	0
2592	117	0
2593	112	0
2594	116	0
2595	113	0
2596	121	0
2597	109	0
2598	113	0
2599	115	0
2600	112	0
2601	111	0
2602	117	0
2603	113	0
2604	111	0
2605	121	0
2606	109	0
2607	111	0
2608	124	0
2609	109	0
2610	120	0
2611	123	0
2612	109	0
2613	114	0
2614	110	0
2615	121	0
2616	123	0
2617	121	0
2618	122	0
2619	119	0
2620	127	0
2621	115	0
2622	113	0
2623	126	0
2624	122	0
2625	119	0
2626	125	0
2627	120	0
2628	118	0
2629	125	0
2630	113	0
2631	117	0
2632	121	0
2633	123	0
2634	108	0
2635	111	0
2636	111	0
2637	113	0
2638	119	0
2639	118	0
2640	109	0
2641	105	0
2642	103	0
2643	110	0
2644	117	0
2645	105	0
2646	109	0
2647	104	0
2648	127	0
2649	117	0
2650	119	0
2651	121	0
2652	118	0
2653	116	0
2654	118	0
2655	118	0
2656	117	0
2657	123	0
2658	119	0
2659	115	0
2660	125	0
2661	129	0
2662	121	0
2663	127	0
2664	125	0
2665	121	0
2666	129	0
2667	113	0
2668	115	0
2669	117	0
2670	111	0
2671	110	0
2672	111	0
2673	112	0
2674	116	0
2675	109	0
2676	117	0
2677	113	0
2678	103	0
2679	106	0
2680	111	0
2681	109	0
2682	109	0
2683	105	0
2684	117	0
2685	102	0
2686	118	0
2687	109	0
2688	108	0
2689	114	0
2690	118	0
2691	118	0
2692	115	0
2693	114	0
2694	123	0
2695	123	0
2696	121	0
2697	119	0
2698	113	0
2699	129	0
2700	121	0
2701	128	0
2702	118	0
2703	123	0
2704	121	0
2705	127	0
2706	119	0
2707	123	0
2708	112	0
2709	120	0
2710	121	0
2711	115	0
2712	105	0
2713	101	0
2714	106	0
2715	109	0
2716	109	0
2717	110	0
2718	111	0
2719	106	0
2720	108	0
2721	111	0
2722	106	0
2723	100	0
2724	113	0
2725	112	0
2726	121	0
2727	125	0
2728	119	0
2729	116	0
2730	114	0
2731	115	0
2732	124	0
2733	119	0
2734	119	0
2735	125	0
2736	125	0
2737	117	0
2738	122	0
2739	131	0
2740	114	0
2741	118	0
2742	126	0
2743	128	0
2744	118	0
2745	125	0
2746	124	0
2747	113	0
2748	123	0
2749	114	0
2750	115	0
2751	118	0
2752	105	0
2753	109	0
2754	107	0
2755	106	0
2756	105	0
2757	111	0
2758	110	0
2759	111	0
2760	109	0
2761	114	0
2762	103	0
2763	121	0
2764	118	0
2765	117	0
2766	113	0
2767	127	0
2768	127	0
2769	125	0
2770	116	0
2771	125	0
2772	125	0
2773	125	0
2774	133	0
2775	118	0
2776	130	0
2777	135	0
2778	131	0
2779	127	0
2780	126	0
2781	128	0
2782	130	0
2783	119	0
2784	113	0
2785	109	0
2786	115	0
2787	109	0
2788	121	0
2789	115	0
2790	109	0
2791	100	0
2792	105	0
2793	109	0
2794	99	0
2795	114	0
2796	101	0
2797	96	0
2798	108	0
2799	104	0
2800	105	0
2801	109	0
2802	107	0
2803	118	0
2804	117	0
2805	123	0
2806	118	0
2807	125	0
2808	125	0
2809	131	0
2810	127	0
2811	133	0
2812	132	0
2813	125	0
2814	129	0
2815	127	0
2816	131	0
2817	132	0
2818	129	0
2819	118	0
2820	117	0
2821	127	0
2822	116	0
2823	113	0
2824	118	0
2825	106	0
2826	119	0
2827	103	0
2828	104	0
2829	102	0
2830	106	0
2831	107	0
2832	102	0
2833	101	0
2834	106	0
2835	105	0
2836	107	0
2837	107	0
2838	105	0
2839	103	0
2840	109	0
2841	101	0
2842	115	0
2843	113	0
2844	113	0
2845	120	0
2846	127	0
2847	118	0
2848	126	0
2849	126	0
2850	123	0
2851	126	0
2852	125	0
2853	139	0
2854	131	0
2855	125	0
2856	133	0
2857	120	0
2858	125	0
2859	122	0
2860	130	0
2861	121	0
2862	113	0
2863	121	0
2864	111	0
2865	98	0
2866	107	0
2867	112	0
2868	106	0
2869	102	0
2870	98	0
2871	104	0
2872	100	0
2873	115	0
2874	103	0
2875	105	0
2876	94	0
2877	97	0
2878	111	0
2879	105	0
2880	120	0
2881	118	0
2882	122	0
2883	119	0
2884	124	0
2885	125	0
2886	125	0
2887	125	0
2888	131	0
2889	132	0
2890	141	0
2891	134	0
2892	129	0
2893	124	0
2894	121	0
2895	126	0
2896	129	0
2897	115	0
2898	128	0
2899	121	0
2900	120	0
2901	114	0
2902	109	0
2903	107	0
2904	98	0
2905	103	0
2906	93	0
2907	95	0
2908	103	0
2909	99	0
2910	105	0
2911	100	0
2912	99	0
2913	111	0
2914	113	0
2915	109	0
2916	107	0
2917	108	0
2918	113	0
2919	114	0
2920	120	0
2921	118	0
2922	129	0
2923	119	0
2924	125	0
2925	135	0
2926	137	0
2927	130	0
2928	136	0
2929	135	0
2930	137	0
2931	133	0
2932	123	0
2933	126	0
2934	126	0
2935	125	0
2936	117	0
2937	113	0
2938	113	0
2939	117	0
2940	113	0
2941	107	0
2942	103	0
2943	98	0
2944	105	0
2945	111	0
2946	99	0
2947	97	0
2948	95	0
2949	101	0
2950	99	0
2951	97	0
2952	109	0
2953	103	0
2954	117	0
2955	111	0
2956	115	0
2957	117	0
2958	113	0
2959	116	0
2960	127	0
2961	129	0
2962	129	0
2963	135	0
2964	139	0
2965	129	0
2966	141	0
2967	130	0
2968	127	0
2969	135	0
2970	125	0
2971	133	0
2972	131	0
2973	127	0
2974	124	0
2975	115	0
2976	114	0
2977	115	0
2978	116	0
2979	114	0
2980	103	0
2981	109	0
2982	101	0
2983	97	0
2984	102	0
2985	99	0
2986	100	0
2987	104	0
2988	97	0
2989	95	0
2990	109	0
2991	116	0
2992	113	0
2993	117	0
2994	111	0
2995	113	0
2996	126	0
2997	123	0
2998	121	0
2999	129	0
3000	135	0
3001	131	0
3002	137	0
3003	138	0
3004	134	0
3005	131	0
3006	130	0
3007	121	0
3008	137	0
3009	133	0
3010	127	0
3011	122	0
3012	120	0
3013	123	0
3014	109	0
3015	115	0
3016	115	0
3017	99	0
3018	99	0
3019	111	0
3020	97	0
3021	103	0
3022	105	0
3023	94	0
3024	105	0
3025	106	0
3026	97	0
3027	101	0
3028	110	0
3029	115	0
3030	103	0
3031	105	0
3032	123	0
3033	118	0
3034	117	0
3035	126	0
3036	123	0
3037	121	0
3038	130	0
3039	131	0
3040	121	0
3041	129	0
3042	139	0
3043	127	0
3044	139	0
3045	126	0
3046	128	0
3047	121	0
3048	121	0
3049	121	0
3050	123	0
3051	120	0
3052	122	0
3053	105	0
3054	107	0
3055	113	0
3056	115	0
3057	99	0
3058	99	0
3059	97	0
3060	105	0
3061	99	0
3062	97	0
3063	97	0
3064	109	0
3065	107	0
3066	106	0
3067	105	0
3068	114	0
3069	114	0
3070	113	0
3071	117	0
3072	125	0
3073	121	0
3074	125	0
3075	117	0
3076	125	0
3077	124	0
3078	135	0
3079	138	0
3080	137	0
3081	129	0
3082	135	0
3083	125	0
3084	123	0
3085	126	0
3086	115	0
3087	116	0
3088	118	0
3089	123	0
3090	119	0
3091	122	0
3092	110	0
3093	101	0
3094	110	0
3095	103	0
3096	97	0
3097	107	0
3098	109	0
3099	104	0
3100	99	0
3101	91	0
3102	103	0
3103	103	0
3104	101	0
3105	99	0
3106	108	0
3107	117	0
3108	116	0
3109	113	0
3110	115	0
3111	111	0
3112	123	0
3113	135	0
3114	121	0
3115	124	0
3116	117	0
3117	127	0
3118	134	0
3119	129	0
3120	131	0
3121	127	0
3122	125	0
3123	124	0
3124	121	0
3125	118	0
3126	125	0
3127	115	0
3128	111	0
3129	120	0
3130	119	0
3131	116	0
3132	110	0
3133	106	0
3134	102	0
3135	112	0
3136	111	0
3137	103	0
3138	102	0
3139	102	0
3140	102	0
3141	105	0
3142	109	0
3143	112	0
3144	106	0
3145	112	0
3146	111	0
3147	110	0
3148	119	0
3149	123	0
3150	125	0
3151	132	0
3152	126	0
3153	121	0
3154	125	0
3155	127	0
3156	126	0
3157	129	0
3158	127	0
3159	123	0
3160	129	0
3161	121	0
3162	121	0
3163	128	0
3164	129	0
3165	111	0
3166	115	0
3167	118	0
3168	115	0
3169	107	0
3170	107	0
3171	102	0
3172	101	0
3173	107	0
3174	104	0
3175	98	0
3176	111	0
3177	107	0
3178	110	0
3179	99	0
3180	105	0
3181	115	0
3182	111	0
3183	108	0
3184	105	0
3185	115	0
3186	123	0
3187	119	0
3188	117	0
3189	123	0
3190	121	0
3191	126	0
3192	126	0
3193	119	0
3194	123	0
3195	126	0
3196	129	0
3197	123	0
3198	133	0
3199	113	0
3200	129	0
3201	117	0
3202	123	0
3203	127	0
3204	113	0
3205	112	0
3206	116	0
3207	113	0
3208	102	0
3209	109	0
3210	109	0
3211	105	0
3212	109	0
3213	115	0
3214	100	0
3215	110	0
3216	105	0
3217	100	0
3218	107	0
3219	116	0
3220	109	0
3221	109	0
3222	115	0
3223	108	0
3224	113	0
3225	122	0
3226	123	0
3227	121	0
3228	127	0
3229	125	0
3230	123	0
3231	124	0
3232	121	0
3233	119	0
3234	127	0
3235	117	0
3236	126	0
3237	121	0
3238	125	0
3239	124	0
3240	133	0
3241	115	0
3242	115	0
3243	116	0
3244	109	0
3245	121	0
3246	118	0
3247	109	0
3248	111	0
3249	113	0
3250	109	0
3251	107	0
3252	109	0
3253	107	0
3254	110	0
3255	106	0
3256	103	0
3257	111	0
3258	109	0
3259	115	0
3260	115	0
3261	109	0
3262	117	0
3263	112	0
3264	121	0
3265	111	0
3266	125	0
3267	127	0
3268	121	0
3269	132	0
3270	136	0
3271	127	0
3272	121	0
3273	116	0
3274	129	0
3275	127	0
3276	127	0
3277	117	0
3278	121	0
3279	117	0
3280	120	0
3281	111	0
3282	114	0
3283	112	0
3284	114	0
3285	113	0
3286	111	0
3287	110	0
3288	105	0
3289	112	0
3290	109	0
3291	111	0
3292	114	0
3293	111	0
3294	105	0
3295	114	0
3296	111	0
3297	115	0
3298	116	0
3299	115	0
3300	113	0
3301	113	0
3302	117	0
3303	121	0
3304	127	0
3305	115	0
3306	123	0
3307	123	0
3308	118	0
3309	125	0
3310	119	0
3311	122	0
3312	121	0
3313	131	0
3314	114	0
3315	119	0
3316	123	0
3317	121	0
3318	109	0
3319	117	0
3320	117	0
3321	114	0
3322	111	0
3323	107	0
3324	113	0
3325	111	0
3326	113	0
3327	115	0
3328	113	0
3329	113	0
3330	117	0
3331	109	0
3332	109	0
3333	120	0
3334	119	0
3335	106	0
3336	119	0
3337	117	0
3338	121	0
3339	115	0
3340	129	0
3341	127	0
3342	121	0
3343	112	0
3344	108	0
3345	119	0
3346	115	0
3347	122	0
3348	118	0
3349	123	0
3350	122	0
3351	125	0
3352	120	0
3353	123	0
3354	121	0
3355	115	0
3356	113	0
3357	117	0
3358	110	0
3359	123	0
3360	113	0
3361	111	0
3362	112	0
3363	120	0
3364	105	0
3365	120	0
3366	115	0
3367	107	0
3368	107	0
3369	107	0
3370	123	0
3371	115	0
3372	117	0
3373	113	0
3374	105	0
3375	108	0
3376	117	0
3377	121	0
3378	122	0
3379	131	0
3380	118	0
3381	115	0
3382	121	0
3383	114	0
3384	121	0
3385	117	0
3386	125	0
3387	125	0
3388	119	0
3389	125	0
3390	123	0
3391	113	0
3392	129	0
3393	125	0
3394	114	0
3395	122	0
3396	121	0
3397	114	0
3398	109	0
3399	113	0
3400	115	0
3401	113	0
3402	106	0
3403	113	0
3404	119	0
3405	110	0
3406	105	0
3407	105	0
3408	123	0
3409	107	0
3410	105	0
3411	106	0
3412	108	0
3413	118	0
3414	115	0
3415	113	0
3416	109	0
3417	129	0
3418	121	0
3419	123	0
3420	117	0
3421	123	0
3422	117	0
3423	118	0
3424	123	0
3425	118	0
3426	119	0
3427	125	0
3428	119	0
3429	117	0
3430	129	0
3431	121	0
3432	121	0
3433	106	0
3434	115	0
3435	111	0
3436	118	0
3437	109	0
3438	117	0
3439	113	0
3440	115	0
3441	103	0
3442	107	0
3443	113	0
3444	114	0
3445	111	0
3446	115	0
3447	106	0
3448	105	0
3449	113	0
3450	118	0
3451	121	0
3452	126	0
3453	124	0
3454	123	0
3455	122	0
3456	117	0
3457	109	0
3458	127	0
3459	119	0
3460	123	0
3461	122	0
3462	129	0
3463	121	0
3464	125	0
3465	117	0
3466	124	0
3467	117	0
3468	120	0
3469	127	0
3470	113	0
3471	120	0
3472	107	0
3473	113	0
3474	113	0
3475	111	0
3476	103	0
3477	103	0
3478	105	0
3479	106	0
3480	107	0
3481	111	0
3482	111	0
3483	117	0
3484	118	0
3485	111	0
3486	112	0
3487	121	0
3488	109	0
3489	119	0
3490	115	0
3491	121	0
3492	128	0
3493	126	0
3494	121	0
3495	119	0
3496	121	0
3497	127	0
3498	117	0
3499	121	0
3500	126	0
3501	126	0
3502	120	0
3503	131	0
3504	125	0
3505	131	0
3506	133	0
3507	126	0
3508	121	0
3509	125	0
3510	121	0
3511	109	0
3512	115	0
3513	114	0
3514	109	0
3515	116	0
3516	100	0
3517	109	0
3518	109	0
3519	119	0
3520	101	0
3521	111	0
3522	103	0
3523	115	0
3524	113	0
3525	121	0
3526	113	0
3527	112	0
3528	119	0
3529	113	0
3530	125	0
3531	122	0
3532	111	0
3533	119	0
3534	128	0
3535	121	0
3536	132	0
3537	127	0
3538	125	0
3539	124	0
3540	134	0
3541	125	0
3542	125	0
3543	120	0
3544	117	0
3545	119	0
3546	121	0
3547	115	0
3548	121	0
3549	109	0
3550	123	0
3551	115	0
3552	106	0
3553	115	0
3554	109	0
3555	113	0
3556	105	0
3557	110	0
3558	108	0
3559	107	0
3560	106	0
3561	109	0
3562	111	0
3563	117	0
3564	112	0
3565	118	0
3566	115	0
3567	113	0
3568	124	0
3569	118	0
3570	127	0
3571	113	0
3572	127	0
3573	135	0
3574	134	0
3575	123	0
3576	123	0
3577	118	0
3578	123	0
3579	135	0
3580	118	0
3581	125	0
3582	124	0
3583	113	0
3584	119	0
3585	113	0
3586	109	0
3587	124	0
3588	109	0
3589	110	0
3590	109	0
3591	110	0
3592	109	0
3593	113	0
3594	97	0
3595	107	0
3596	115	0
3597	98	0
3598	101	0
3599	105	0
3600	105	0
3601	110	0
3602	107	0
3603	119	0
3604	123	0
3605	113	0
3606	125	0
3607	113	0
3608	120	0
3609	141	0
3610	119	0
3611	125	0
3612	129	0
3613	125	0
3614	133	0
3615	128	0
3616	117	0
3617	120	0
3618	133	0
3619	127	0
3620	119	0
3621	119	0
3622	115	0
3623	120	0
3624	116	0
3625	113	0
3626	112	0
3627	101	0
3628	106	0
3629	105	0
3630	107	0
3631	105	0
3632	105	0
3633	99	0
3634	111	0
3635	99	0
3636	110	0
3637	99	0
3638	115	0
3639	106	0
3640	101	0
3641	118	0
3642	113	0
3643	120	0
3644	122	0
3645	119	0
3646	121	0
3647	123	0
3648	119	0
3649	121	0
3650	135	0
3651	129	0
3652	125	0
3653	139	0
3654	123	0
3655	126	0
3656	122	0
3657	123	0
3658	121	0
3659	128	0
3660	115	0
3661	114	0
3662	115	0
3663	105	0
3664	108	0
3665	110	0
3666	101	0
3667	109	0
3668	104	0
3669	98	0
3670	105	0
3671	105	0
3672	98	0
3673	107	0
3674	100	0
3675	111	0
3676	108	0
3677	110	0
3678	121	0
3679	109	0
3680	116	0
3681	110	0
3682	123	0
3683	132	0
3684	123	0
3685	131	0
3686	129	0
3687	121	0
3688	139	0
3689	127	0
3690	129	0
3691	133	0
3692	133	0
3693	129	0
3694	129	0
3695	123	0
3696	134	0
3697	110	0
3698	119	0
3699	121	0
3700	108	0
3701	109	0
3702	120	0
3703	107	0
3704	105	0
3705	102	0
3706	105	0
3707	102	0
3708	97	0
3709	101	0
3710	95	0
3711	99	0
3712	99	0
3713	101	0
3714	99	0
3715	111	0
3716	101	0
3717	113	0
3718	112	0
3719	118	0
3720	122	0
3721	125	0
3722	118	0
3723	137	0
3724	129	0
3725	131	0
3726	133	0
3727	145	0
3728	131	0
3729	137	0
3730	137	0
3731	131	0
3732	132	0
3733	126	0
3734	130	0
3735	118	0
3736	116	0
3737	111	0
3738	113	0
3739	106	0
3740	111	0
3741	108	0
3742	107	0
3743	93	0
3744	107	0
3745	97	0
3746	94	0
3747	105	0
3748	110	0
3749	111	0
3750	97	0
3751	97	0
3752	103	0
3753	107	0
3754	113	0
3755	120	0
3756	109	0
3757	109	0
3758	116	0
3759	121	0
3760	119	0
3761	131	0
3762	133	0
3763	124	0
3764	129	0
3765	127	0
3766	139	0
3767	127	0
3768	126	0
3769	129	0
3770	119	0
3771	131	0
3772	121	0
3773	123	0
3774	123	0
3775	125	0
3776	117	0
3777	115	0
3778	119	0
3779	115	0
3780	113	0
3781	101	0
3782	109	0
3783	93	0
3784	94	0
3785	112	0
3786	102	0
3787	99	0
3788	106	0
3789	105	0
3790	106	0
3791	119	0
3792	113	0
3793	113	0
3794	117	0
3795	123	0
3796	118	0
3797	113	0
3798	133	0
3799	122	0
3800	129	0
3801	125	0
3802	123	0
3803	131	0
3804	129	0
3805	130	0
3806	129	0
3807	123	0
3808	129	0
3809	119	0
3810	122	0
3811	126	0
3812	123	0
3813	117	0
3814	103	0
3815	122	0
3816	107	0
3817	105	0
3818	109	0
3819	112	0
3820	110	0
3821	113	0
3822	102	0
3823	106	0
3824	96	0
3825	95	0
3826	108	0
3827	97	0
3828	107	0
3829	100	0
3830	109	0
3831	107	0
3832	108	0
3833	114	0
3834	115	0
3835	127	0
3836	121	0
3837	129	0
3838	121	0
3839	137	0
3840	134	0
3841	140	0
3842	138	0
3843	139	0
3844	135	0
3845	134	0
3846	133	0
3847	127	0
3848	133	0
3849	121	0
3850	130	0
3851	118	0
3852	117	0
3853	109	0
3854	109	0
3855	105	0
3856	102	0
3857	105	0
3858	106	0
3859	103	0
3860	102	0
3861	103	0
3862	93	0
3863	99	0
3864	105	0
3865	108	0
3866	107	0
3867	111	0
3868	105	0
3869	117	0
3870	119	0
3871	107	0
3872	121	0
3873	125	0
3874	123	0
3875	126	0
3876	135	0
3877	130	0
3878	135	0
3879	134	0
3880	127	0
3881	124	0
3882	131	0
3883	141	0
3884	136	0
3885	126	0
3886	123	0
3887	125	0
3888	123	0
3889	120	0
3890	109	0
3891	109	0
3892	110	0
3893	118	0
3894	105	0
3895	107	0
3896	106	0
3897	100	0
3898	105	0
3899	97	0
3900	102	0
3901	103	0
3902	110	0
3903	103	0
3904	109	0
3905	98	0
3906	114	0
3907	106	0
3908	116	0
3909	114	0
3910	125	0
3911	123	0
3912	115	0
3913	119	0
3914	126	0
3915	127	0
3916	125	0
3917	133	0
3918	121	0
3919	127	0
3920	130	0
3921	129	0
3922	131	0
3923	123	0
3924	125	0
3925	124	0
3926	115	0
3927	114	0
3928	125	0
3929	111	0
3930	113	0
3931	105	0
3932	109	0
3933	109	0
3934	113	0
3935	100	0
3936	105	0
3937	107	0
3938	105	0
3939	89	0
3940	108	0
3941	101	0
3942	112	0
3943	113	0
3944	113	0
3945	113	0
3946	123	0
3947	120	0
3948	121	0
3949	120	0
3950	125	0
3951	135	0
3952	123	0
3953	127	0
3954	133	0
3955	129	0
3956	122	0
3957	133	0
3958	123	0
3959	127	0
3960	131	0
3961	126	0
3962	125	0
3963	125	0
3964	119	0
3965	109	0
3966	126	0
3967	105	0
3968	110	0
3969	117	0
3970	105	0
3971	107	0
3972	115	0
3973	120	0
3974	108	0
3975	117	0
3976	104	0
3977	111	0
3978	105	0
3979	107	0
3980	104	0
3981	111	0
3982	110	0
3983	109	0
3984	113	0
3985	119	0
3986	126	0
3987	118	0
3988	114	0
3989	121	0
3990	119	0
3991	121	0
3992	131	0
3993	131	0
3994	126	0
3995	122	0
3996	121	0
3997	134	0
3998	115	0
3999	125	0
4000	128	0
4001	123	0
4002	120	0
4003	111	0
4004	126	0
4005	115	0
4006	113	0
4007	114	0
4008	115	0
4009	112	0
4010	112	0
4011	108	0
4012	113	0
4013	111	0
4014	97	0
4015	113	0
4016	109	0
4017	113	0
4018	117	0
4019	105	0
4020	110	0
4021	116	0
4022	111	0
4023	108	0
4024	115	0
4025	116	0
4026	120	0
4027	123	0
4028	129	0
4029	126	0
4030	133	0
4031	126	0
4032	123	0
4033	119	0
4034	125	0
4035	125	0
4036	125	0
4037	125	0
4038	121	0
4039	113	0
4040	114	0
4041	112	0
4042	123	0
4043	117	0
4044	121	0
4045	113	0
4046	113	0
4047	114	0
4048	107	0
4049	111	0
4050	105	0
4051	105	0
4052	103	0
4053	108	0
4054	117	0
4055	113	0
4056	110	0
4057	107	0
4058	115	0
4059	115	0
4060	112	0
4061	109	0
4062	105	0
4063	127	0
4064	117	0
4065	111	0
4066	120	0
4067	116	0
4068	119	0
4069	121	0
4070	117	0
4071	123	0
4072	129	0
4073	113	0
4074	117	0
4075	117	0
4076	117	0
4077	115	0
4078	111	0
4079	115	0
4080	119	0
4081	106	0
4082	112	0
4083	114	0
4084	121	0
4085	111	0
4086	111	0
4087	111	0
4088	113	0
4089	111	0
4090	104	0
4091	121	0
4092	102	0
4093	119	0
4094	113	0
4095	107	0
4096	106	0
4097	123	0
4098	117	0
4099	118	0
4100	113	0
4101	113	0
4102	117	0
4103	111	0
4104	125	0
4105	114	0
4106	123	0
4107	129	0
4108	119	0
4109	128	0
4110	112	0
4111	129	0
4112	113	0
4113	131	0
4114	117	0
4115	113	0
4116	121	0
4117	112	0
4118	117	0
4119	111	0
4120	109	0
4121	110	0
4122	115	0
4123	117	0
4124	111	0
4125	106	0
4126	102	0
4127	118	0
4128	114	0
4129	107	0
4130	113	0
4131	119	0
4132	101	0
4133	111	0
4134	114	0
4135	113	0
4136	115	0
4137	109	0
4138	111	0
4139	107	0
4140	119	0
4141	113	0
4142	113	0
4143	127	0
4144	118	0
4145	118	0
4146	118	0
4147	135	0
4148	124	0
4149	114	0
4150	122	0
4151	122	0
4152	117	0
4153	121	0
4154	128	0
4155	121	0
4156	118	0
4157	109	0
4158	105	0
4159	108	0
4160	118	0
4161	107	0
4162	106	0
4163	113	0
4164	108	0
4165	107	0
4166	110	0
4167	104	0
4168	118	0
4169	113	0
4170	111	0
4171	114	0
4172	114	0
4173	110	0
4174	113	0
4175	113	0
4176	114	0
4177	110	0
4178	117	0
4179	113	0
4180	126	0
4181	127	0
4182	127	0
4183	117	0
4184	115	0
4185	117	0
4186	120	0
4187	121	0
4188	129	0
4189	119	0
4190	127	0
4191	117	0
4192	113	0
4193	115	0
4194	107	0
4195	115	0
4196	106	0
4197	108	0
4198	113	0
4199	118	0
4200	121	0
4201	112	0
4202	109	0
4203	121	0
4204	109	0
4205	101	0
4206	105	0
4207	113	0
4208	118	0
4209	117	0
4210	110	0
4211	108	0
4212	109	0
4213	120	0
4214	115	0
4215	121	0
4216	123	0
4217	122	0
4218	116	0
4219	119	0
4220	119	0
4221	127	0
4222	110	0
4223	113	0
4224	127	0
4225	118	0
4226	119	0
4227	127	0
4228	123	0
4229	116	0
4230	117	0
4231	123	0
4232	119	0
4233	128	0
4234	121	0
4235	102	0
4236	120	0
4237	117	0
4238	102	0
4239	109	0
4240	120	0
4241	111	0
4242	110	0
4243	113	0
4244	104	0
4245	107	0
4246	121	0
4247	111	0
4248	109	0
4249	116	0
4250	125	0
4251	105	0
4252	118	0
4253	121	0
4254	116	0
4255	125	0
4256	113	0
4257	129	0
4258	127	0
4259	127	0
4260	127	0
4261	129	0
4262	117	0
4263	127	0
4264	123	0
4265	119	0
4266	118	0
4267	122	0
4268	118	0
4269	120	0
4270	110	0
4271	118	0
4272	115	0
4273	111	0
4274	123	0
4275	109	0
4276	107	0
4277	101	0
4278	117	0
4279	107	0
4280	115	0
4281	110	0
4282	105	0
4283	112	0
4284	107	0
4285	114	0
4286	123	0
4287	114	0
4288	113	0
4289	120	0
4290	117	0
4291	115	0
4292	119	0
4293	111	0
4294	113	0
4295	113	0
4296	127	0
4297	126	0
4298	123	0
4299	126	0
4300	127	0
4301	127	0
4302	127	0
4303	121	0
4304	118	0
4305	125	0
4306	121	0
4307	129	0
4308	121	0
4309	110	0
4310	110	0
4311	114	0
4312	101	0
4313	111	0
4314	105	0
4315	111	0
4316	109	0
4317	105	0
4318	117	0
4319	104	0
4320	104	0
4321	109	0
4322	111	0
4323	116	0
4324	118	0
4325	111	0
4326	118	0
4327	118	0
4328	113	0
4329	113	0
4330	118	0
4331	131	0
4332	123	0
4333	117	0
4334	119	0
4335	128	0
4336	126	0
4337	126	0
4338	128	0
4339	127	0
4340	118	0
4341	131	0
4342	126	0
4343	119	0
4344	115	0
4345	117	0
4346	121	0
4347	109	0
4348	115	0
4349	118	0
4350	113	0
4351	112	0
4352	104	0
4353	104	0
4354	111	0
4355	107	0
4356	99	0
4357	107	0
4358	113	0
4359	103	0
4360	105	0
4361	103	0
4362	111	0
4363	109	0
4364	111	0
4365	113	0
4366	123	0
4367	121	0
4368	117	0
4369	117	0
4370	121	0
4371	137	0
4372	129	0
4373	130	0
4374	116	0
4375	129	0
4376	126	0
4377	130	0
4378	127	0
4379	129	0
4380	127	0
4381	122	0
4382	134	0
4383	120	0
4384	129	0
4385	118	0
4386	112	0
4387	113	0
4388	118	0
4389	115	0
4390	111	0
4391	100	0
4392	111	0
4393	105	0
4394	101	0
4395	107	0
4396	107	0
4397	107	0
4398	111	0
4399	109	0
4400	107	0
4401	118	0
4402	107	0
4403	109	0
4404	119	0
4405	123	0
4406	110	0
4407	127	0
4408	117	0
4409	120	0
4410	123	0
4411	122	0
4412	129	0
4413	121	0
4414	137	0
4415	121	0
4416	125	0
4417	133	0
4418	127	0
4419	127	0
4420	113	0
4421	117	0
4422	128	0
4423	107	0
4424	115	0
4425	111	0
4426	115	0
4427	113	0
4428	105	0
4429	110	0
4430	93	0
4431	111	0
4432	97	0
4433	102	0
4434	98	0
4435	109	0
4436	102	0
4437	118	0
4438	111	0
4439	110	0
4440	121	0
4441	109	0
4442	121	0
4443	111	0
4444	118	0
4445	130	0
4446	113	0
4447	127	0
4448	121	0
4449	127	0
4450	134	0
4451	125	0
4452	133	0
4453	125	0
4454	133	0
4455	128	0
4456	134	0
4457	127	0
4458	128	0
4459	120	0
4460	123	0
4461	107	0
4462	105	0
4463	117	0
4464	108	0
4465	105	0
4466	106	0
4467	101	0
4468	101	0
4469	101	0
4470	100	0
4471	107	0
4472	101	0
4473	105	0
4474	112	0
4475	102	0
4476	112	0
4477	106	0
4478	108	0
4479	105	0
4480	122	0
4481	121	0
4482	107	0
4483	126	0
4484	123	0
4485	129	0
4486	133	0
4487	138	0
4488	125	0
4489	125	0
4490	133	0
4491	133	0
4492	134	0
4493	126	0
4494	130	0
4495	129	0
4496	131	0
4497	115	0
4498	123	0
4499	121	0
4500	109	0
4501	109	0
4502	111	0
4503	101	0
4504	102	0
4505	99	0
4506	96	0
4507	111	0
4508	98	0
4509	101	0
4510	97	0
4511	105	0
4512	105	0
4513	109	0
4514	109	0
4515	103	0
4516	121	0
4517	107	0
4518	105	0
4519	128	0
4520	109	0
4521	127	0
4522	130	0
4523	129	0
4524	125	0
4525	123	0
4526	134	0
4527	125	0
4528	130	0
4529	132	0
4530	135	0
4531	128	0
4532	131	0
4533	126	0
4534	130	0
4535	126	0
4536	118	0
4537	117	0
4538	125	0
4539	113	0
4540	103	0
4541	110	0
4542	106	0
4543	109	0
4544	101	0
4545	93	0
4546	101	0
4547	100	0
4548	102	0
4549	110	0
4550	103	0
4551	103	0
4552	109	0
4553	112	0
4554	105	0
4555	113	0
4556	112	0
4557	123	0
4558	115	0
4559	111	0
4560	127	0
4561	126	0
4562	129	0
4563	129	0
4564	142	0
4565	131	0
4566	133	0
4567	140	0
4568	129	0
4569	129	0
4570	125	0
4571	127	0
4572	124	0
4573	125	0
4574	118	0
4575	110	0
4576	107	0
4577	118	0
4578	106	0
4579	103	0
4580	105	0
4581	110	0
4582	102	0
4583	104	0
4584	99	0
4585	101	0
4586	99	0
4587	97	0
4588	99	0
4589	103	0
4590	95	0
4591	107	0
4592	106	0
4593	115	0
4594	115	0
4595	112	0
4596	113	0
4597	119	0
4598	117	0
4599	125	0
4600	138	0
4601	135	0
4602	135	0
4603	139	0
4604	121	0
4605	129	0
4606	132	0
4607	123	0
4608	134	0
4609	125	0
4610	123	0
4611	129	0
4612	125	0
4613	118	0
4614	113	0
4615	116	0
4616	107	0
4617	106	0
4618	94	0
4619	105	0
4620	102	0
4621	97	0
4622	95	0
4623	109	0
4624	101	0
4625	102	0
4626	101	0
4627	113	0
4628	101	0
4629	106	0
4630	105	0
4631	104	0
4632	125	0
4633	118	0
4634	115	0
4635	120	0
4636	126	0
4637	129	0
4638	125	0
4639	133	0
4640	124	0
4641	134	0
4642	142	0
4643	123	0
4644	137	0
4645	129	0
4646	121	0
4647	136	0
4648	127	0
4649	115	0
4650	129	0
4651	117	0
4652	121	0
4653	113	0
4654	117	0
4655	104	0
4656	105	0
4657	109	0
4658	109	0
4659	103	0
4660	97	0
4661	91	0
4662	104	0
4663	98	0
4664	112	0
4665	105	0
4666	109	0
4667	103	0
4668	110	0
4669	108	0
4670	113	0
4671	118	0
4672	119	0
4673	126	0
4674	120	0
4675	131	0
4676	128	0
4677	119	0
4678	134	0
4679	126	0
4680	129	0
4681	121	0
4682	129	0
4683	125	0
4684	136	0
4685	133	0
4686	125	0
4687	117	0
4688	119	0
4689	118	0
4690	117	0
4691	111	0
4692	115	0
4693	111	0
4694	102	0
4695	103	0
4696	108	0
4697	107	0
4698	103	0
4699	97	0
4700	101	0
4701	105	0
4702	101	0
4703	105	0
4704	105	0
4705	112	0
4706	103	0
4707	110	0
4708	119	0
4709	117	0
4710	115	0
4711	122	0
4712	119	0
4713	132	0
4714	132	0
4715	132	0
4716	121	0
4717	130	0
4718	134	0
4719	135	0
4720	134	0
4721	125	0
4722	124	0
4723	121	0
4724	120	0
4725	121	0
4726	114	0
4727	116	0
4728	117	0
4729	117	0
4730	104	0
4731	109	0
4732	117	0
4733	111	0
4734	97	0
4735	110	0
4736	103	0
4737	107	0
4738	109	0
4739	111	0
4740	111	0
4741	92	0
4742	105	0
4743	111	0
4744	107	0
4745	107	0
4746	120	0
4747	115	0
4748	110	0
4749	117	0
4750	114	0
4751	115	0
4752	118	0
4753	123	0
4754	131	0
4755	134	0
4756	127	0
4757	137	0
4758	123	0
4759	129	0
4760	125	0
4761	123	0
4762	119	0
4763	127	0
4764	127	0
4765	123	0
4766	115	0
4767	109	0
4768	111	0
4769	110	0
4770	115	0
4771	107	0
4772	107	0
4773	107	0
4774	109	0
4775	101	0
4776	99	0
4777	113	0
4778	107	0
4779	102	0
4780	102	0
4781	105	0
4782	107	0
4783	110	0
4784	114	0
4785	113	0
4786	114	0
4787	115	0
4788	125	0
4789	129	0
4790	129	0
4791	121	0
4792	118	0
4793	125	0
4794	129	0
4795	131	0
4796	122	0
4797	120	0
4798	117	0
4799	122	0
4800	127	0
4801	129	0
4802	121	0
4803	118	0
4804	123	0
4805	111	0
4806	115	0
4807	112	0
4808	113	0
4809	118	0
4810	109	0
4811	107	0
4812	102	0
4813	108	0
4814	99	0
4815	99	0
4816	109	0
4817	109	0
4818	104	0
4819	119	0
4820	105	0
4821	111	0
4822	111	0
4823	107	0
4824	118	0
4825	117	0
4826	117	0
4827	123	0
4828	118	0
4829	126	0
4830	129	0
4831	121	0
4832	128	0
4833	119	0
4834	121	0
4835	124	0
4836	117	0
4837	117	0
4838	129	0
4839	119	0
4840	122	0
4841	118	0
4842	122	0
4843	119	0
4844	105	0
4845	107	0
4846	113	0
4847	105	0
4848	110	0
4849	107	0
4850	103	0
4851	113	0
4852	107	0
4853	117	0
4854	111	0
4855	111	0
4856	110	0
4857	118	0
4858	119	0
4859	117	0
4860	115	0
4861	105	0
4862	121	0
4863	122	0
4864	121	0
4865	121	0
4866	123	0
4867	119	0
4868	121	0
4869	120	0
4870	112	0
4871	127	0
4872	121	0
4873	125	0
4874	122	0
4875	127	0
4876	133	0
4877	118	0
4878	111	0
4879	111	0
4880	125	0
4881	115	0
4882	109	0
4883	113	0
4884	113	0
4885	113	0
4886	111	0
4887	110	0
4888	116	0
4889	116	0
4890	109	0
4891	111	0
4892	109	0
4893	119	0
4894	102	0
4895	118	0
4896	110	0
4897	109	0
4898	115	0
4899	118	0
4900	117	0
4901	109	0
4902	127	0
4903	126	0
4904	116	0
4905	115	0
4906	122	0
4907	126	0
4908	124	0
4909	119	0
4910	136	0
4911	123	0
4912	111	0
4913	126	0
4914	117	0
4915	121	0
4916	117	0
4917	125	0
4918	114	0
4919	117	0
4920	116	0
4921	118	0
4922	111	0
4923	118	0
4924	109	0
4925	109	0
4926	111	0
4927	115	0
4928	109	0
4929	111	0
4930	125	0
4931	111	0
4932	113	0
4933	127	0
4934	118	0
4935	120	0
4936	109	0
4937	111	0
4938	115	0
4939	119	0
4940	113	0
4941	116	0
4942	115	0
4943	123	0
4944	117	0
4945	121	0
4946	118	0
4947	121	0
4948	118	0
4949	113	0
4950	125	0
4951	115	0
4952	123	0
4953	125	0
4954	115	0
4955	116	0
4956	119	0
4957	107	0
4958	111	0
4959	118	0
4960	110	0
4961	119	0
4962	121	0
4963	121	0
4964	102	0
4965	111	0
4966	113	0
4967	111	0
4968	107	0
4969	111	0
4970	105	0
4971	115	0
4972	122	0
4973	118	0
4974	107	0
4975	108	0
4976	116	0
4977	116	0
4978	108	0
4979	119	0
4980	115	0
4981	126	0
4982	124	0
4983	126	0
4984	121	0
4985	119	0
4986	123	0
4987	127	0
4988	123	0
4989	119	0
4990	125	0
4991	119	0
4992	114	0
4993	121	0
4994	110	0
4995	113	0
4996	111	0
4997	113	0
4998	113	0
4999	123	0
5000	119	0
5001	118	0
5002	113	0
5003	118	0
5004	117	0
5005	118	0
5006	104	0
5007	115	0
5008	100	0
5009	113	0
5010	113	0
5011	109	0
5012	105	0
5013	113	0
5014	110	0
5015	117	0
5016	119	0
5017	120	0
5018	118	0
5019	121	0
5020	122	0
5021	121	0
5022	118	0
5023	123	0
5024	112	0
5025	121	0
5026	117	0
5027	127	0
5028	129	0
5029	109	0
5030	119	0
5031	122	0
5032	123	0
5033	115	0
5034	117	0
5035	125	0
5036	116	0
5037	117	0
5038	117	0
5039	115	0
5040	112	0
5041	108	0
5042	103	0
5043	119	0
5044	111	0
5045	105	0
5046	111	0
5047	107	0
5048	119	0
5049	101	0
5050	111	0
5051	117	0
5052	117	0
5053	115	0
5054	121	0
5055	111	0
5056	125	0
5057	117	0
5058	121	0
5059	137	0
5060	119	0
5061	123	0
5062	123	0
5063	118	0
5064	123	0
5065	118	0
5066	115	0
5067	121	0
5068	120	0
5069	117	0
5070	113	0
5071	124	0
5072	109	0
5073	109	0
5074	113	0
5075	109	0
5076	117	0
5077	115	0
5078	108	0
5079	101	0
5080	111	0
5081	113	0
5082	103	0
5083	114	0
5084	98	0
5085	119	0
5086	115	0
5087	117	0
5088	111	0
5089	117	0
5090	113	0
5091	122	0
5092	113	0
5093	127	0
5094	114	0
5095	115	0
5096	125	0
5097	119	0
5098	121	0
5099	123	0
5100	126	0
5101	129	0
5102	120	0
5103	125	0
5104	125	0
5105	125	0
5106	123	0
5107	117	0
5108	115	0
5109	120	0
5110	117	0
5111	107	0
5112	127	0
5113	108	0
5114	115	0
5115	111	0
5116	99	0
5117	111	0
5118	107	0
5119	108	0
5120	104	0
5121	108	0
5122	101	0
5123	111	0
5124	113	0
5125	115	0
5126	117	0
5127	122	0
5128	110	0
5129	117	0
5130	119	0
5131	123	0
5132	111	0
5133	122	0
5134	117	0
5135	121	0
5136	125	0
5137	129	0
5138	125	0
5139	122	0
5140	127	0
5141	123	0
5142	116	0
5143	121	0
5144	117	0
5145	123	0
5146	117	0
5147	121	0
5148	126	0
5149	110	0
5150	104	0
5151	108	0
5152	100	0
5153	113	0
5154	113	0
5155	109	0
5156	116	0
5157	111	0
5158	103	0
5159	104	0
5160	114	0
5161	103	0
5162	106	0
5163	106	0
5164	118	0
5165	117	0
5166	116	0
5167	113	0
5168	108	0
5169	121	0
5170	122	0
5171	113	0
5172	122	0
5173	123	0
5174	132	0
5175	121	0
5176	127	0
5177	120	0
5178	123	0
5179	118	0
5180	129	0
5181	118	0
5182	131	0
5183	120	0
5184	121	0
5185	117	0
5186	117	0
5187	117	0
5188	106	0
5189	109	0
5190	100	0
5191	119	0
5192	104	0
5193	104	0
5194	97	0
5195	98	0
5196	107	0
5197	96	0
5198	102	0
5199	105	0
5200	111	0
5201	107	0
5202	119	0
5203	124	0
5204	118	0
5205	119	0
5206	111	0
5207	127	0
5208	119	0
5209	119	0
5210	125	0
5211	127	0
5212	129	0
5213	127	0
5214	130	0
5215	133	0
5216	132	0
5217	121	0
5218	123	0
5219	127	0
5220	125	0
5221	121	0
5222	113	0
5223	121	0
5224	106	0
5225	107	0
5226	106	0
5227	101	0
5228	113	0
5229	113	0
5230	109	0
5231	101	0
5232	102	0
5233	109	0
5234	101	0
5235	109	0
5236	97	0
5237	101	0
5238	111	0
5239	109	0
5240	106	0
5241	122	0
5242	111	0
5243	123	0
5244	113	0
5245	123	0
5246	123	0
5247	125	0
5248	133	0
5249	121	0
5250	127	0
5251	136	0
5252	129	0
5253	129	0
5254	124	0
5255	129	0
5256	121	0
5257	125	0
5258	118	0
5259	119	0
5260	116	0
5261	121	0
5262	109	0
5263	117	0
5264	109	0
5265	103	0
5266	105	0
5267	108	0
5268	102	0
5269	100	0
5270	107	0
5271	93	0
5272	99	0
5273	105	0
5274	99	0
5275	107	0
5276	110	0
5277	104	0
5278	113	0
5279	105	0
5280	105	0
5281	125	0
5282	117	0
5283	128	0
5284	129	0
5285	128	0
5286	118	0
5287	126	0
5288	135	0
5289	130	0
5290	131	0
5291	132	0
5292	130	0
5293	126	0
5294	127	0
5295	121	0
5296	123	0
5297	113	0
5298	119	0
5299	118	0
5300	111	0
5301	111	0
5302	118	0
5303	101	0
5304	113	0
5305	105	0
5306	102	0
5307	101	0
5308	107	0
5309	109	0
5310	97	0
5311	105	0
5312	101	0
5313	102	0
5314	113	0
5315	117	0
5316	121	0
5317	119	0
5318	113	0
5319	117	0
5320	115	0
5321	123	0
5322	122	0
5323	128	0
5324	127	0
5325	130	0
5326	127	0
5327	137	0
5328	135	0
5329	133	0
5330	138	0
5331	133	0
5332	133	0
5333	123	0
5334	119	0
5335	127	0
5336	117	0
5337	117	0
5338	119	0
5339	111	0
5340	105	0
5341	104	0
5342	114	0
5343	106	0
5344	101	0
5345	98	0
5346	110	0
5347	107	0
5348	99	0
5349	102	0
5350	105	0
5351	111	0
5352	107	0
5353	109	0
5354	109	0
5355	111	0
5356	109	0
5357	116	0
5358	127	0
5359	121	0
5360	117	0
5361	131	0
5362	131	0
5363	130	0
5364	141	0
5365	130	0
5366	133	0
5367	129	0
5368	127	0
5369	131	0
5370	126	0
5371	124	0
5372	131	0
5373	121	0
5374	116	0
5375	114	0
5376	114	0
5377	123	0
5378	111	0
5379	104	0
5380	107	0
5381	93	0
5382	107	0
5383	102	0
5384	103	0
5385	97	0
5386	101	0
5387	111	0
5388	101	0
5389	108	0
5390	109	0
5391	99	0
5392	105	0
5393	105	0
5394	113	0
5395	121	0
5396	143	0
5397	133	0
5398	131	0
5399	125	0
5400	123	0
5401	135	0
5402	135	0
5403	127	0
5404	136	0
5405	132	0
5406	133	0
5407	137	0
5408	127	0
5409	123	0
5410	129	0
5411	128	0
5412	116	0
5413	119	0
5414	121	0
5415	119	0
5416	110	0
5417	107	0
5418	107	0
5419	108	0
5420	97	0
5421	97	0
5422	91	0
5423	101	0
5424	101	0
5425	97	0
5426	98	0
5427	113	0
5428	111	0
5429	109	0
5430	103	0
5431	99	0
5432	113	0
5433	114	0
5434	111	0
5435	120	0
5436	127	0
5437	135	0
5438	124	0
5439	134	0
5440	125	0
5441	137	0
5442	141	0
5443	131	0
5444	129	0
5445	134	0
5446	127	0
5447	126	0
5448	123	0
5449	119	0
5450	121	0
5451	117	0
5452	106	0
5453	111	0
5454	118	0
5455	103	0
5456	103	0
5457	99	0
5458	99	0
5459	101	0
5460	96	0
5461	96	0
5462	103	0
5463	107	0
5464	105	0
5465	106	0
5466	105	0
5467	99	0
5468	109	0
5469	114	0
5470	114	0
5471	118	0
5472	123	0
5473	116	0
5474	117	0
5475	121	0
5476	126	0
5477	121	0
5478	125	0
5479	130	0
5480	135	0
5481	142	0
5482	133	0
5483	133	0
5484	126	0
5485	127	0
5486	113	0
5487	121	0
5488	129	0
5489	116	0
5490	120	0
5491	115	0
5492	110	0
5493	101	0
5494	104	0
5495	99	0
5496	103	0
5497	96	0
5498	105	0
5499	113	0
5500	101	0
5501	101	0
5502	109	0
5503	102	0
5504	107	0
5505	101	0
5506	107	0
5507	108	0
5508	119	0
5509	109	0
5510	111	0
5511	117	0
5512	124	0
5513	132	0
5514	138	0
5515	129	0
5516	135	0
5517	129	0
5518	124	0
5519	142	0
5520	124	0
5521	131	0
5522	129	0
5523	126	0
5524	120	0
5525	119	0
5526	124	0
5527	113	0
5528	117	0
5529	116	0
5530	115	0
5531	103	0
5532	113	0
5533	118	0
5534	101	0
5535	99	0
5536	111	0
5537	100	0
5538	105	0
5539	113	0
5540	102	0
5541	105	0
5542	107	0
5543	108	0
5544	111	0
5545	109	0
5546	117	0
5547	117	0
5548	121	0
5549	119	0
5550	122	0
5551	121	0
5552	121	0
5553	120	0
5554	128	0
5555	137	0
5556	123	0
5557	130	0
5558	123	0
5559	124	0
5560	117	0
5561	117	0
5562	123	0
5563	118	0
5564	123	0
5565	129	0
5566	114	0
5567	114	0
5568	107	0
5569	117	0
5570	120	0
5571	102	0
5572	101	0
5573	106	0
5574	97	0
5575	94	0
5576	107	0
5577	110	0
5578	109	0
5579	101	0
5580	113	0
5581	105	0
5582	110	0
5583	105	0
5584	113	0
5585	120	0
5586	114	0
5587	121	0
5588	117	0
5589	112	0
5590	123	0
5591	123	0
5592	130	0
5593	122	0
5594	129	0
5595	126	0
5596	127	0
5597	130	0
5598	125	0
5599	122	0
5600	117	0
5601	127	0
5602	121	0
5603	113	0
5604	113	0
5605	114	0
5606	115	0
5607	116	0
5608	107	0
5609	105	0
5610	111	0
5611	114	0
5612	107	0
5613	111	0
5614	99	0
5615	101	0
5616	108	0
5617	103	0
5618	113	0
5619	112	0
5620	107	0
5621	119	0
5622	109	0
5623	121	0
5624	117	0
5625	121	0
5626	122	0
5627	121	0
5628	132	0
5629	117	0
5630	113	0
5631	123	0
5632	123	0
5633	128	0
5634	121	0
5635	117	0
5636	120	0
5637	133	0
5638	123	0
5639	125	0
5640	118	0
5641	124	0
5642	125	0
5643	111	0
5644	107	0
5645	115	0
5646	113	0
5647	106	0
5648	115	0
5649	114	0
5650	111	0
5651	103	0
5652	115	0
5653	110	0
5654	105	0
5655	111	0
5656	105	0
5657	109	0
5658	119	0
5659	113	0
5660	119	0
5661	113	0
5662	113	0
5663	110	0
5664	117	0
5665	128	0
5666	122	0
5667	122	0
5668	126	0
5669	113	0
5670	121	0
5671	127	0
5672	125	0
5673	127	0
5674	121	0
5675	124	0
5676	119	0
5677	125	0
5678	118	0
5679	117	0
5680	124	0
5681	119	0
5682	113	0
5683	113	0
5684	111	0
5685	117	0
5686	109	0
5687	122	0
5688	107	0
5689	103	0
5690	119	0
5691	111	0
5692	109	0
5693	115	0
5694	111	0
5695	112	0
5696	117	0
5697	112	0
5698	105	0
5699	115	0
5700	117	0
5701	116	0
5702	115	0
5703	120	0
5704	117	0
5705	121	0
5706	124	0
5707	130	0
5708	126	0
5709	125	0
5710	123	0
5711	114	0
5712	114	0
5713	119	0
5714	127	0
5715	117	0
5716	113	0
5717	114	0
5718	119	0
5719	121	0
5720	117	0
5721	121	0
5722	113	0
5723	113	0
5724	110	0
5725	112	0
5726	113	0
5727	115	0
5728	110	0
5729	120	0
5730	111	0
5731	105	0
5732	112	0
5733	117	0
5734	103	0
5735	115	0
5736	105	0
5737	123	0
5738	127	0
5739	119	0
5740	107	0
5741	121	0
5742	122	0
5743	114	0
5744	119	0
5745	118	0
5746	118	0
5747	116	0
5748	127	0
5749	123	0
5750	123	0
5751	129	0
5752	115	0
5753	120	0
5754	119	0
5755	119	0
5756	125	0
5757	109	0
5758	121	0
5759	110	0
5760	113	0
5761	109	0
5762	113	0
5763	111	0
5764	112	0
5765	105	0
5766	108	0
5767	106	0
5768	117	0
5769	109	0
5770	119	0
5771	109	0
5772	116	0
5773	115	0
5774	115	0
5775	123	0
5776	122	0
5777	115	0
5778	113	0
5779	121	0
5780	117	0
5781	114	0
5782	119	0
5783	114	0
5784	113	0
5785	124	0
5786	129	0
5787	121	0
5788	125	0
5789	118	0
5790	125	0
5791	126	0
5792	127	0
5793	115	0
5794	125	0
5795	115	0
5796	109	0
5797	109	0
5798	117	0
5799	118	0
5800	110	0
5801	109	0
5802	112	0
5803	113	0
5804	119	0
5805	106	0
5806	113	0
5807	113	0
5808	109	0
5809	118	0
5810	116	0
5811	112	0
5812	118	0
5813	109	0
5814	111	0
5815	119	0
5816	121	0
5817	124	0
5818	128	0
5819	121	0
5820	122	0
5821	111	0
5822	113	0
5823	117	0
5824	125	0
5825	122	0
5826	117	0
5827	122	0
5828	117	0
5829	121	0
5830	127	0
5831	114	0
5832	122	0
5833	119	0
5834	112	0
5835	115	0
5836	116	0
5837	114	0
5838	107	0
5839	113	0
5840	112	0
5841	119	0
5842	105	0
5843	107	0
5844	107	0
5845	116	0
5846	115	0
5847	116	0
5848	110	0
5849	105	0
5850	124	0
5851	117	0
5852	115	0
5853	105	0
5854	117	0
5855	117	0
5856	125	0
5857	125	0
5858	118	0
5859	129	0
5860	125	0
5861	120	0
5862	123	0
5863	123	0
5864	116	0
5865	123	0
5866	120	0
5867	117	0
5868	115	0
5869	127	0
5870	117	0
5871	110	0
5872	119	0
5873	111	0
5874	115	0
5875	109	0
5876	109	0
5877	113	0
5878	109	0
5879	105	0
5880	113	0
5881	113	0
5882	107	0
5883	114	0
5884	112	0
5885	117	0
5886	113	0
5887	108	0
5888	113	0
5889	107	0
5890	118	0
5891	116	0
5892	123	0
5893	126	0
5894	118	0
5895	121	0
5896	122	0
5897	113	0
5898	122	0
5899	125	0
5900	129	0
5901	130	0
5902	126	0
5903	121	0
5904	113	0
5905	125	0
5906	111	0
5907	115	0
5908	126	0
5909	110	0
5910	113	0
5911	107	0
5912	120	0
5913	101	0
5914	97	0
5915	103	0
5916	107	0
5917	107	0
5918	112	0
5919	110	0
5920	102	0
5921	111	0
5922	108	0
5923	107	0
5924	116	0
5925	115	0
5926	110	0
5927	109	0
5928	118	0
5929	120	0
5930	123	0
5931	123	0
5932	120	0
5933	115	0
5934	129	0
5935	113	0
5936	113	0
5937	123	0
5938	131	0
5939	127	0
5940	123	0
5941	129	0
5942	125	0
5943	119	0
5944	109	0
5945	126	0
5946	113	0
5947	119	0
5948	111	0
5949	110	0
5950	114	0
5951	109	0
5952	107	0
5953	105	0
5954	105	0
5955	102	0
5956	106	0
5957	109	0
5958	107	0
5959	104	0
5960	106	0
5961	111	0
5962	113	0
5963	110	0
5964	121	0
5965	118	0
5966	113	0
5967	123	0
5968	118	0
5969	121	0
5970	134	0
5971	125	0
5972	113	0
5973	119	0
5974	121	0
5975	134	0
5976	120	0
5977	124	0
5978	137	0
5979	127	0
5980	131	0
5981	123	0
5982	122	0
5983	128	0
5984	117	0
5985	126	0
5986	116	0
5987	118	0
5988	117	0
5989	110	0
5990	114	0
5991	97	0
5992	105	0
5993	106	0
5994	107	0
5995	101	0
5996	103	0
5997	111	0
5998	109	0
5999	111	0
6000	117	0
6001	102	0
6002	112	0
6003	119	0
6004	113	0
6005	121	0
6006	115	0
6007	119	0
6008	119	0
6009	120	0
6010	125	0
6011	119	0
6012	135	0
6013	131	0
6014	129	0
6015	129	0
6016	118	0
6017	128	0
6018	127	0
6019	123	0
6020	124	0
6021	121	0
6022	121	0
6023	122	0
6024	124	0
6025	125	0
6026	107	0
6027	103	0
6028	110	0
6029	107	0
6030	107	0
6031	100	0
6032	101	0
6033	109	0
6034	101	0
6035	113	0
6036	105	0
6037	114	0
6038	106	0
6039	105	0
6040	110	0
6041	114	0
6042	121	0
6043	113	0
6044	121	0
6045	115	0
6046	131	0
6047	121	0
6048	131	0
6049	121	0
6050	131	0
6051	141	0
6052	128	0
6053	131	0
6054	119	0
6055	131	0
6056	129	0
6057	127	0
6058	125	0
6059	127	0
6060	121	0
6061	127	0
6062	111	0
6063	107	0
6064	113	0
6065	109	0
6066	109	0
6067	99	0
6068	106	0
6069	107	0
6070	100	0
6071	102	0
6072	101	0
6073	113	0
6074	102	0
6075	107	0
6076	103	0
6077	115	0
6078	109	0
6079	105	0
6080	113	0
6081	121	0
6082	120	0
6083	125	0
6084	121	0
6085	121	0
6086	127	0
6087	124	0
6088	135	0
6089	121	0
6090	130	0
6091	128	0
6092	126	0
6093	130	0
6094	122	0
6095	119	0
6096	126	0
6097	127	0
6098	115	0
6099	119	0
6100	122	0
6101	117	0
6102	105	0
6103	118	0
6104	107	0
6105	95	0
6106	102	0
6107	101	0
6108	97	0
6109	99	0
6110	91	0
6111	102	0
6112	100	0
6113	111	0
6114	104	0
6115	104	0
6116	109	0
6117	105	0
6118	115	0
6119	118	0
6120	121	0
6121	121	0
6122	134	0
6123	124	0
6124	131	0
6125	131	0
6126	133	0
6127	127	0
6128	133	0
6129	134	0
6130	130	0
6131	131	0
6132	137	0
6133	123	0
6134	127	0
6135	133	0
6136	129	0
6137	121	0
6138	111	0
6139	117	0
6140	105	0
6141	98	0
6142	115	0
6143	102	0
6144	116	0
6145	112	0
6146	97	0
6147	96	0
6148	95	0
6149	101	0
6150	105	0
6151	105	0
6152	107	0
6153	121	0
6154	107	0
6155	112	0
6156	108	0
6157	121	0
6158	122	0
6159	127	0
6160	137	0
6161	125	0
6162	132	0
6163	129	0
6164	128	0
6165	136	0
6166	135	0
6167	129	0
6168	130	0
6169	129	0
6170	127	0
6171	129	0
6172	127	0
6173	111	0
6174	125	0
6175	126	0
6176	117	0
6177	117	0
6178	104	0
6179	114	0
6180	104	0
6181	104	0
6182	91	0
6183	105	0
6184	103	0
6185	101	0
6186	107	0
6187	101	0
6188	99	0
6189	99	0
6190	102	0
6191	97	0
6192	97	0
6193	111	0
6194	115	0
6195	120	0
6196	118	0
6197	117	0
6198	126	0
6199	129	0
6200	120	0
6201	126	0
6202	121	0
6203	136	0
6204	131	0
6205	137	0
6206	129	0
6207	139	0
6208	133	0
6209	129	0
6210	123	0
6211	127	0
6212	122	0
6213	117	0
6214	121	0
6215	118	0
6216	98	0
6217	113	0
6218	109	0
6219	111	0
6220	105	0
6221	96	0
6222	102	0
6223	101	0
6224	99	0
6225	97	0
6226	101	0
6227	112	0
6228	95	0
6229	112	0
6230	115	0
6231	111	0
6232	103	0
6233	118	0
6234	123	0
6235	122	0
6236	123	0
6237	134	0
6238	129	0
6239	121	0
6240	129	0
6241	136	0
6242	128	0
6243	133	0
6244	127	0
6245	131	0
6246	135	0
6247	141	0
6248	125	0
6249	118	0
6250	123	0
6251	122	0
6252	111	0
6253	113	0
6254	108	0
6255	102	0
6256	107	0
6257	103	0
6258	96	0
6259	97	0
6260	105	0
6261	100	0
6262	97	0
6263	91	0
6264	103	0
6265	101	0
6266	107	0
6267	98	0
6268	109	0
6269	112	0
6270	111	0
6271	115	0
6272	121	0
6273	118	0
6274	125	0
6275	127	0
6276	129	0
6277	121	0
6278	132	0
6279	129	0
6280	123	0
6281	128	0
6282	126	0
6283	137	0
6284	143	0
6285	129	0
6286	129	0
6287	127	0
6288	117	0
6289	116	0
6290	121	0
6291	115	0
6292	119	0
6293	109	0
6294	119	0
6295	106	0
6296	108	0
6297	102	0
6298	105	0
6299	96	0
6300	102	0
6301	91	0
6302	109	0
6303	106	0
6304	107	0
6305	103	0
6306	113	0
6307	113	0
6308	121	0
6309	123	0
6310	117	0
6311	117	0
6312	118	0
6313	123	0
6314	124	0
6315	129	0
6316	135	0
6317	135	0
6318	132	0
6319	121	0
6320	121	0
6321	118	0
6322	119	0
6323	121	0
6324	120	0
6325	127	0
6326	114	0
6327	126	0
6328	111	0
6329	121	0
6330	112	0
6331	111	0
6332	117	0
6333	96	0
6334	103	0
6335	105	0
6336	112	0
6337	103	0
6338	107	0
6339	110	0
6340	106	0
6341	109	0
6342	115	0
6343	109	0
6344	113	0
6345	113	0
6346	110	0
6347	115	0
6348	121	0
6349	122	0
6350	125	0
6351	126	0
6352	123	0
6353	131	0
6354	131	0
6355	119	0
6356	118	0
6357	129	0
6358	128	0
6359	127	0
6360	129	0
6361	119	0
6362	130	0
6363	113	0
6364	115	0
6365	117	0
6366	121	0
6367	117	0
6368	114	0
6369	109	0
6370	114	0
6371	107	0
6372	103	0
6373	105	0
6374	107	0
6375	99	0
6376	105	0
6377	103	0
6378	101	0
6379	107	0
6380	107	0
6381	99	0
6382	110	0
6383	113	0
6384	117	0
6385	121	0
6386	113	0
6387	121	0
6388	122	0
6389	115	0
6390	118	0
6391	125	0
6392	131	0
6393	122	0
6394	115	0
6395	119	0
6396	125	0
6397	138	0
6398	120	0
6399	120	0
6400	121	0
6401	117	0
6402	127	0
6403	113	0
6404	118	0
6405	111	0
6406	117	0
6407	109	0
6408	113	0
6409	113	0
6410	105	0
6411	110	0
6412	105	0
6413	105	0
6414	105	0
6415	115	0
6416	102	0
6417	103	0
6418	108	0
6419	113	0
6420	113	0
6421	122	0
6422	123	0
6423	116	0
6424	105	0
6425	125	0
6426	111	0
6427	121	0
6428	122	0
6429	126	0
6430	133	0
6431	126	0
6432	129	0
6433	123	0
6434	131	0
6435	117	0
6436	122	0
6437	118	0
6438	117	0
6439	121	0
6440	125	0
6441	126	0
6442	121	0
6443	117	0
6444	112	0
6445	116	0
6446	118	0
6447	115	0
6448	111	0
6449	111	0
6450	113	0
6451	105	0
6452	107	0
6453	109	0
6454	108	0
6455	107	0
6456	109	0
6457	113	0
6458	112	0
6459	117	0
6460	111	0
6461	118	0
6462	111	0
6463	112	0
6464	121	0
6465	116	0
6466	125	0
6467	115	0
6468	118	0
6469	133	0
6470	123	0
6471	123	0
6472	122	0
6473	114	0
6474	119	0
6475	121	0
6476	127	0
6477	119	0
6478	123	0
6479	123	0
6480	112	0
6481	109	0
6482	117	0
6483	111	0
6484	113	0
6485	105	0
6486	102	0
6487	110	0
6488	107	0
6489	101	0
6490	117	0
6491	120	0
6492	117	0
6493	111	0
6494	103	0
6495	108	0
6496	114	0
6497	115	0
6498	113	0
6499	113	0
6500	111	0
6501	127	0
6502	113	0
6503	117	0
6504	114	0
6505	117	0
6506	117	0
6507	118	0
6508	119	0
6509	114	0
6510	121	0
6511	113	0
6512	115	0
6513	123	0
6514	121	0
6515	119	0
6516	121	0
6517	112	0
6518	120	0
6519	113	0
6520	113	0
6521	109	0
6522	109	0
6523	119	0
6524	113	0
6525	109	0
6526	115	0
6527	109	0
6528	107	0
6529	109	0
6530	111	0
6531	123	0
6532	118	0
6533	111	0
6534	119	0
6535	115	0
6536	121	0
6537	111	0
6538	126	0
6539	121	0
6540	117	0
6541	112	0
6542	116	0
6543	120	0
6544	128	0
6545	127	0
6546	119	0
6547	133	0
6548	120	0
6549	126	0
6550	120	0
6551	116	0
6552	118	0
6553	119	0
6554	111	0
6555	121	0
6556	119	0
6557	122	0
6558	114	0
6559	117	0
6560	112	0
6561	116	0
6562	121	0
6563	115	0
6564	113	0
6565	117	0
6566	109	0
6567	111	0
6568	114	0
6569	117	0
6570	115	0
6571	127	0
6572	107	0
6573	109	0
6574	125	0
6575	117	0
6576	118	0
6577	109	0
6578	110	0
6579	116	0
6580	120	0
6581	121	0
6582	120	0
6583	117	0
6584	109	0
6585	127	0
6586	117	0
6587	123	0
6588	110	0
6589	126	0
6590	122	0
6591	129	0
6592	122	0
6593	117	0
6594	109	0
6595	113	0
6596	115	0
6597	107	0
6598	119	0
6599	106	0
6600	107	0
6601	107	0
6602	107	0
6603	105	0
6604	113	0
6605	108	0
6606	113	0
6607	105	0
6608	113	0
6609	123	0
6610	113	0
6611	115	0
6612	115	0
6613	113	0
6614	123	0
6615	118	0
6616	113	0
6617	123	0
6618	121	0
6619	113	0
6620	122	0
6621	118	0
6622	129	0
6623	118	0
6624	119	0
6625	121	0
6626	113	0
6627	125	0
6628	119	0
6629	130	0
6630	114	0
6631	120	0
6632	117	0
6633	121	0
6634	119	0
6635	116	0
6636	116	0
6637	109	0
6638	111	0
6639	109	0
6640	114	0
6641	108	0
6642	113	0
6643	113	0
6644	108	0
6645	113	0
6646	107	0
6647	115	0
6648	107	0
6649	113	0
6650	103	0
6651	112	0
6652	117	0
6653	124	0
6654	131	0
6655	113	0
6656	121	0
6657	125	0
6658	120	0
6659	123	0
6660	125	0
6661	119	0
6662	125	0
6663	111	0
6664	129	0
6665	129	0
6666	125	0
6667	115	0
6668	131	0
6669	121	0
6670	118	0
6671	127	0
6672	117	0
6673	114	0
6674	113	0
6675	111	0
6676	118	0
6677	103	0
6678	115	0
6679	111	0
6680	104	0
6681	109	0
6682	114	0
6683	111	0
6684	109	0
6685	103	0
6686	119	0
6687	115	0
6688	114	0
6689	122	0
6690	114	0
6691	117	0
6692	121	0
6693	107	0
6694	121	0
6695	123	0
6696	117	0
6697	119	0
6698	115	0
6699	120	0
6700	125	0
6701	116	0
6702	110	0
6703	119	0
6704	115	0
6705	123	0
6706	121	0
6707	126	0
6708	113	0
6709	110	0
6710	119	0
6711	113	0
6712	111	0
6713	121	0
6714	110	0
6715	110	0
6716	112	0
6717	97	0
6718	108	0
6719	115	0
6720	116	0
6721	109	0
6722	111	0
6723	111	0
6724	107	0
6725	114	0
6726	118	0
6727	121	0
6728	121	0
6729	115	0
6730	113	0
6731	122	0
6732	121	0
6733	120	0
6734	127	0
6735	121	0
6736	127	0
6737	131	0
6738	134	0
6739	119	0
6740	130	0
6741	122	0
6742	131	0
6743	119	0
6744	119	0
6745	118	0
6746	120	0
6747	117	0
6748	112	0
6749	110	0
6750	111	0
6751	104	0
6752	111	0
6753	111	0
6754	103	0
6755	110	0
6756	101	0
6757	113	0
6758	94	0
6759	111	0
6760	109	0
6761	113	0
6762	123	0
6763	118	0
6764	119	0
6765	115	0
6766	117	0
6767	125	0
6768	118	0
6769	123	0
6770	122	0
6771	126	0
6772	127	0
6773	117	0
6774	119	0
6775	123	0
6776	125	0
6777	129	0
6778	118	0
6779	126	0
6780	124	0
6781	136	0
6782	130	0
6783	122	0
6784	117	0
6785	115	0
6786	115	0
6787	113	0
6788	117	0
6789	107	0
6790	106	0
6791	104	0
6792	107	0
6793	102	0
6794	100	0
6795	106	0
6796	109	0
6797	105	0
6798	105	0
6799	119	0
6800	109	0
6801	107	0
6802	109	0
6803	115	0
6804	111	0
6805	115	0
6806	123	0
6807	124	0
6808	129	0
6809	123	0
6810	127	0
6811	124	0
6812	133	0
6813	127	0
6814	131	0
6815	125	0
6816	123	0
6817	131	0
6818	117	0
6819	127	0
6820	127	0
6821	117	0
6822	110	0
6823	117	0
6824	121	0
6825	111	0
6826	110	0
6827	107	0
6828	96	0
6829	106	0
6830	109	0
6831	97	0
6832	101	0
6833	104	0
6834	99	0
6835	111	0
6836	109	0
6837	109	0
6838	107	0
6839	104	0
6840	111	0
6841	118	0
6842	111	0
6843	109	0
6844	118	0
6845	123	0
6846	131	0
6847	119	0
6848	125	0
6849	133	0
6850	132	0
6851	129	0
6852	120	0
6853	135	0
6854	121	0
6855	129	0
6856	125	0
6857	127	0
6858	121	0
6859	125	0
6860	125	0
6861	115	0
6862	129	0
6863	109	0
6864	110	0
6865	103	0
6866	105	0
6867	95	0
6868	111	0
6869	103	0
6870	94	0
6871	94	0
6872	101	0
6873	103	0
6874	100	0
6875	110	0
6876	97	0
6877	107	0
6878	111	0
6879	122	0
6880	117	0
6881	115	0
6882	113	0
6883	131	0
6884	123	0
6885	128	0
6886	131	0
6887	133	0
6888	131	0
6889	131	0
6890	127	0
6891	145	0
6892	130	0
6893	133	0
6894	127	0
6895	125	0
6896	115	0
6897	119	0
6898	122	0
6899	113	0
6900	121	0
6901	106	0
6902	119	0
6903	101	0
6904	107	0
6905	105	0
6906	104	0
6907	101	0
6908	93	0
6909	106	0
6910	98	0
6911	102	0
6912	109	0
6913	102	0
6914	109	0
6915	105	0
6916	105	0
6917	104	0
6918	110	0
6919	119	0
6920	113	0
6921	119	0
6922	119	0
6923	119	0
6924	126	0
6925	133	0
6926	138	0
6927	130	0
6928	138	0
6929	129	0
6930	130	0
6931	127	0
6932	133	0
6933	124	0
6934	114	0
6935	113	0
6936	125	0
6937	110	0
6938	113	0
6939	112	0
6940	103	0
6941	106	0
6942	105	0
6943	110	0
6944	96	0
6945	104	0
6946	101	0
6947	96	0
6948	99	0
6949	100	0
6950	103	0
6951	96	0
6952	106	0
6953	109	0
6954	115	0
6955	110	0
6956	113	0
6957	123	0
6958	123	0
6959	126	0
6960	123	0
6961	127	0
6962	136	0
6963	137	0
6964	132	0
6965	123	0
6966	135	0
6967	131	0
6968	145	0
6969	129	0
6970	129	0
6971	124	0
6972	113	0
6973	127	0
6974	118	0
6975	127	0
6976	118	0
6977	111	0
6978	113	0
6979	111	0
6980	100	0
6981	101	0
6982	105	0
6983	101	0
6984	105	0
6985	94	0
6986	97	0
6987	103	0
6988	104	0
6989	101	0
6990	118	0
6991	111	0
6992	101	0
6993	113	0
6994	115	0
6995	110	0
6996	113	0
6997	122	0
6998	123	0
6999	129	0
7000	123	0
7001	124	0
7002	129	0
7003	145	0
7004	133	0
7005	131	0
7006	126	0
7007	126	0
7008	119	0
7009	126	0
7010	122	0
7011	126	0
7012	117	0
7013	121	0
7014	123	0
7015	116	0
7016	112	0
7017	105	0
7018	110	0
7019	103	0
7020	110	0
7021	97	0
7022	97	0
7023	107	0
7024	102	0
7025	97	0
7026	96	0
7027	101	0
7028	109	0
7029	109	0
7030	97	0
7031	107	0
7032	111	0
7033	114	0
7034	122	0
7035	123	0
7036	125	0
7037	125	0
7038	127	0
7039	123	0
7040	130	0
7041	125	0
7042	133	0
7043	129	0
7044	125	0
7045	129	0
7046	127	0
7047	118	0
7048	131	0
7049	120	0
7050	114	0
7051	124	0
7052	113	0
7053	103	0
7054	109	0
7055	103	0
7056	113	0
7057	101	0
7058	105	0
7059	115	0
7060	106	0
7061	106	0
7062	105	0
7063	95	0
7064	99	0
7065	102	0
7066	115	0
7067	107	0
7068	109	0
7069	113	0
7070	101	0
7071	117	0
7072	114	0
7073	119	0
7074	123	0
7075	127	0
7076	126	0
7077	125	0
7078	134	0
7079	120	0
7080	131	0
7081	135	0
7082	130	0
7083	118	0
7084	127	0
7085	125	0
7086	130	0
7087	121	0
7088	118	0
7089	121	0
7090	115	0
7091	111	0
7092	113	0
7093	110	0
7094	105	0
7095	107	0
7096	103	0
7097	102	0
7098	103	0
7099	98	0
7100	112	0
7101	104	0
7102	101	0
7103	107	0
7104	103	0
7105	107	0
7106	113	0
7107	111	0
7108	117	0
7109	119	0
7110	113	0
7111	114	0
7112	119	0
7113	133	0
7114	120	0
7115	114	0
7116	128	0
7117	124	0
7118	125	0
7119	128	0
7120	129	0
7121	126	0
7122	127	0
7123	125	0
7124	123	0
7125	123	0
7126	121	0
7127	113	0
7128	115	0
7129	113	0
7130	118	0
7131	109	0
7132	116	0
7133	101	0
7134	111	0
7135	111	0
7136	99	0
7137	108	0
7138	104	0
7139	103	0
7140	109	0
7141	98	0
7142	111	0
7143	114	0
7144	109	0
7145	103	0
7146	105	0
7147	116	0
7148	129	0
7149	117	0
7150	116	0
7151	126	0
7152	118	0
7153	129	0
7154	127	0
7155	124	0
7156	128	0
7157	128	0
7158	125	0
7159	130	0
7160	126	0
7161	129	0
7162	118	0
7163	120	0
7164	116	0
7165	123	0
7166	111	0
7167	105	0
7168	111	0
7169	112	0
7170	117	0
7171	107	0
7172	102	0
7173	105	0
7174	101	0
7175	108	0
7176	110	0
7177	107	0
7178	114	0
7179	113	0
7180	105	0
7181	108	0
7182	117	0
7183	116	0
7184	106	0
7185	115	0
7186	122	0
7187	119	0
7188	121	0
7189	120	0
7190	115	0
7191	123	0
7192	125	0
7193	127	0
7194	126	0
7195	135	0
7196	137	0
7197	123	0
7198	123	0
7199	125	0
7200	128	0
7201	125	0
7202	117	0
7203	115	0
7204	114	0
7205	109	0
7206	111	0
7207	112	0
7208	109	0
7209	109	0
7210	115	0
7211	109	0
7212	113	0
7213	104	0
7214	99	0
7215	113	0
7216	113	0
7217	112	0
7218	112	0
7219	106	0
7220	112	0
7221	115	0
7222	120	0
7223	113	0
7224	124	0
7225	121	0
7226	120	0
7227	133	0
7228	123	0
7229	122	0
7230	125	0
7231	113	0
7232	125	0
7233	128	0
7234	120	0
7235	126	0
7236	121	0
7237	121	0
7238	121	0
7239	123	0
7240	112	0
7241	125	0
7242	121	0
7243	121	0
7244	111	0
7245	105	0
7246	112	0
7247	105	0
7248	117	0
7249	109	0
7250	106	0
7251	116	0
7252	103	0
7253	102	0
7254	107	0
7255	110	0
7256	108	0
7257	111	0
7258	113	0
7259	111	0
7260	109	0
7261	121	0
7262	116	0
7263	123	0
7264	116	0
7265	127	0
7266	134	0
7267	127	0
7268	126	0
7269	131	0
7270	122	0
7271	116	0
7272	125	0
7273	121	0
7274	123	0
7275	129	0
7276	123	0
7277	115	0
7278	116	0
7279	114	0
7280	115	0
7281	115	0
7282	111	0
7283	119	0
7284	113	0
7285	113	0
7286	107	0
7287	111	0
7288	110	0
7289	117	0
7290	103	0
7291	109	0
7292	115	0
7293	115	0
7294	100	0
7295	113	0
7296	110	0
7297	126	0
7298	116	0
7299	111	0
7300	111	0
7301	111	0
7302	123	0
7303	120	0
7304	130	0
7305	125	0
7306	119	0
7307	117	0
7308	123	0
7309	115	0
7310	113	0
7311	118	0
7312	126	0
7313	119	0
7314	127	0
7315	125	0
7316	113	0
7317	125	0
7318	117	0
7319	118	0
7320	114	0
7321	113	0
7322	116	0
7323	107	0
7324	111	0
7325	117	0
7326	107	0
7327	111	0
7328	106	0
7329	113	0
7330	109	0
7331	111	0
7332	121	0
7333	114	0
7334	109	0
7335	110	0
7336	110	0
7337	107	0
7338	125	0
7339	115	0
7340	121	0
7341	118	0
7342	127	0
7343	133	0
7344	117	0
7345	126	0
7346	117	0
7347	117	0
7348	115	0
7349	113	0
7350	129	0
7351	126	0
7352	127	0
7353	125	0
7354	129	0
7355	117	0
7356	124	0
7357	121	0
7358	115	0
7359	115	0
7360	112	0
7361	111	0
7362	113	0
7363	117	0
7364	111	0
7365	112	0
7366	105	0
7367	111	0
7368	112	0
7369	111	0
7370	123	0
7371	113	0
7372	109	0
7373	113	0
7374	121	0
7375	109	0
7376	117	0
7377	118	0
7378	125	0
7379	113	0
7380	107	0
7381	123	0
7382	124	0
7383	114	0
7384	121	0
7385	127	0
7386	117	0
7387	129	0
7388	117	0
7389	130	0
7390	114	0
7391	120	0
7392	122	0
7393	125	0
7394	111	0
7395	112	0
7396	119	0
7397	117	0
7398	105	0
7399	116	0
7400	110	0
7401	103	0
7402	109	0
7403	109	0
7404	111	0
7405	112	0
7406	118	0
7407	109	0
7408	107	0
7409	113	0
7410	118	0
7411	123	0
7412	116	0
7413	126	0
7414	121	0
7415	115	0
7416	125	0
7417	126	0
7418	119	0
7419	119	0
7420	121	0
7421	123	0
7422	123	0
7423	118	0
7424	111	0
7425	117	0
7426	117	0
7427	121	0
7428	118	0
7429	122	0
7430	119	0
7431	111	0
7432	121	0
7433	120	0
7434	119	0
7435	121	0
7436	114	0
7437	121	0
7438	108	0
7439	106	0
7440	107	0
7441	105	0
7442	105	0
7443	110	0
7444	113	0
7445	111	0
7446	115	0
7447	111	0
7448	125	0
7449	107	0
7450	117	0
7451	111	0
7452	124	0
7453	132	0
7454	121	0
7455	113	0
7456	119	0
7457	121	0
7458	122	0
7459	123	0
7460	125	0
7461	113	0
7462	125	0
7463	125	0
7464	125	0
7465	118	0
7466	120	0
7467	122	0
7468	115	0
7469	118	0
7470	121	0
7471	115	0
7472	116	0
7473	120	0
7474	109	0
7475	103	0
7476	111	0
7477	113	0
7478	108	0
7479	109	0
7480	104	0
7481	110	0
7482	103	0
7483	112	0
7484	104	0
7485	113	0
7486	107	0
7487	111	0
7488	112	0
7489	117	0
7490	123	0
7491	115	0
7492	115	0
7493	133	0
7494	133	0
7495	122	0
7496	123	0
7497	130	0
7498	118	0
7499	121	0
7500	124	0
7501	113	0
7502	125	0
7503	121	0
7504	121	0
7505	121	0
7506	112	0
7507	115	0
7508	120	0
7509	110	0
7510	115	0
7511	115	0
7512	111	0
7513	115	0
7514	115	0
7515	107	0
7516	111	0
7517	106	0
7518	110	0
7519	107	0
7520	113	0
7521	103	0
7522	104	0
7523	103	0
7524	123	0
7525	110	0
7526	113	0
7527	118	0
7528	115	0
7529	117	0
7530	119	0
7531	121	0
7532	124	0
7533	125	0
7534	123	0
7535	113	0
7536	126	0
7537	122	0
7538	134	0
7539	115	0
7540	125	0
7541	129	0
7542	121	0
7543	119	0
7544	119	0
7545	121	0
7546	128	0
7547	122	0
7548	120	0
7549	125	0
7550	117	0
7551	114	0
7552	115	0
7553	110	0
7554	105	0
7555	107	0
7556	109	0
7557	111	0
7558	95	0
7559	109	0
7560	108	0
7561	110	0
7562	105	0
7563	118	0
7564	108	0
7565	117	0
7566	117	0
7567	111	0
7568	111	0
7569	123	0
7570	130	0
7571	126	0
7572	123	0
7573	120	0
7574	127	0
7575	125	0
7576	129	0
7577	121	0
7578	123	0
7579	126	0
7580	122	0
7581	124	0
7582	121	0
7583	113	0
7584	113	0
7585	116	0
7586	107	0
7587	100	0
7588	113	0
7589	113	0
7590	107	0
7591	113	0
7592	115	0
7593	106	0
7594	111	0
7595	103	0
7596	101	0
7597	99	0
7598	114	0
7599	106	0
7600	108	0
7601	109	0
7602	110	0
7603	109	0
7604	116	0
7605	112	0
7606	123	0
7607	116	0
7608	117	0
7609	123	0
7610	119	0
7611	130	0
7612	123	0
7613	127	0
7614	123	0
7615	136	0
7616	124	0
7617	125	0
7618	123	0
7619	123	0
7620	129	0
7621	110	0
7622	109	0
7623	111	0
7624	121	0
7625	113	0
7626	117	0
7627	109	0
7628	102	0
7629	100	0
7630	101	0
7631	105	0
7632	105	0
7633	100	0
7634	106	0
7635	97	0
7636	99	0
7637	103	0
7638	115	0
7639	115	0
7640	107	0
7641	116	0
7642	127	0
7643	109	0
7644	120	0
7645	122	0
7646	124	0
7647	129	0
7648	119	0
7649	127	0
7650	133	0
7651	132	0
7652	131	0
7653	135	0
7654	135	0
7655	124	0
7656	140	0
7657	119	0
7658	124	0
7659	123	0
7660	119	0
7661	121	0
7662	115	0
7663	110	0
7664	107	0
7665	102	0
7666	107	0
7667	110	0
7668	102	0
7669	110	0
7670	104	0
7671	101	0
7672	99	0
7673	105	0
7674	99	0
7675	105	0
7676	98	0
7677	113	0
7678	111	0
7679	112	0
7680	115	0
7681	121	0
7682	107	0
7683	122	0
7684	129	0
7685	123	0
7686	121	0
7687	132	0
7688	133	0
7689	133	0
7690	133	0
7691	123	0
7692	135	0
7693	123	0
7694	123	0
7695	119	0
7696	121	0
7697	129	0
7698	123	0
7699	117	0
7700	113	0
7701	116	0
7702	110	0
7703	110	0
7704	107	0
7705	95	0
7706	102	0
7707	95	0
7708	109	0
7709	103	0
7710	100	0
7711	98	0
7712	101	0
7713	104	0
7714	101	0
7715	110	0
7716	111	0
7717	111	0
7718	108	0
7719	120	0
7720	115	0
7721	119	0
7722	127	0
7723	121	0
7724	127	0
7725	136	0
7726	134	0
7727	135	0
7728	133	0
7729	131	0
7730	135	0
7731	142	0
7732	137	0
7733	125	0
7734	127	0
7735	123	0
7736	123	0
7737	112	0
7738	113	0
7739	103	0
7740	109	0
7741	100	0
7742	113	0
7743	103	0
7744	107	0
7745	95	0
7746	94	0
7747	102	0
7748	93	0
7749	96	0
7750	101	0
7751	103	0
7752	105	0
7753	105	0
7754	105	0
7755	110	0
7756	113	0
7757	110	0
7758	113	0
7759	115	0
7760	131	0
7761	120	0
7762	131	0
7763	134	0
7764	141	0
7765	139	0
7766	133	0
7767	136	0
7768	134	0
7769	130	0
7770	129	0
7771	127	0
7772	123	0
7773	123	0
7774	118	0
7775	113	0
7776	119	0
7777	110	0
7778	105	0
7779	113	0
7780	92	0
7781	99	0
7782	102	0
7783	113	0
7784	111	0
7785	98	0
7786	93	0
7787	92	0
7788	93	0
7789	103	0
7790	103	0
7791	111	0
7792	113	0
7793	114	0
7794	118	0
7795	118	0
7796	115	0
7797	122	0
7798	123	0
7799	129	0
7800	125	0
7801	125	0
7802	133	0
7803	126	0
7804	134	0
7805	141	0
7806	129	0
7807	131	0
7808	122	0
7809	127	0
7810	121	0
7811	119	0
7812	132	0
7813	123	0
7814	109	0
7815	105	0
7816	107	0
7817	107	0
7818	105	0
7819	105	0
7820	102	0
7821	104	0
7822	101	0
7823	101	0
7824	105	0
7825	106	0
7826	103	0
7827	110	0
7828	109	0
7829	107	0
7830	104	0
7831	113	0
7832	115	0
7833	114	0
7834	116	0
7835	125	0
7836	113	0
7837	127	0
7838	126	0
7839	129	0
7840	127	0
7841	141	0
7842	125	0
7843	134	0
7844	125	0
7845	126	0
7846	140	0
7847	126	0
7848	127	0
7849	125	0
7850	139	0
7851	126	0
7852	118	0
7853	109	0
7854	106	0
7855	100	0
7856	102	0
7857	109	0
7858	113	0
7859	105	0
7860	101	0
7861	102	0
7862	94	0
7863	96	0
7864	109	0
7865	105	0
7866	115	0
7867	119	0
7868	115	0
7869	102	0
7870	107	0
7871	117	0
7872	126	0
7873	117	0
7874	125	0
7875	129	0
7876	127	0
7877	123	0
7878	129	0
7879	130	0
7880	126	0
7881	126	0
7882	124	0
7883	121	0
7884	126	0
7885	123	0
7886	131	0
7887	123	0
7888	119	0
7889	110	0
7890	109	0
7891	127	0
7892	120	0
7893	113	0
7894	107	0
7895	110	0
7896	99	0
7897	111	0
7898	107	0
7899	107	0
7900	105	0
7901	105	0
7902	103	0
7903	97	0
7904	114	0
7905	109	0
7906	110	0
7907	112	0
7908	121	0
7909	121	0
7910	126	0
7911	113	0
7912	121	0
7913	129	0
7914	127	0
7915	134	0
7916	125	0
7917	125	0
7918	125	0
7919	137	0
7920	124	0
7921	126	0
7922	133	0
7923	128	0
7924	121	0
7925	125	0
7926	121	0
7927	117	0
7928	113	0
7929	110	0
7930	116	0
7931	105	0
7932	105	0
7933	112	0
7934	109	0
7935	106	0
7936	105	0
7937	111	0
7938	102	0
7939	102	0
7940	108	0
7941	97	0
7942	103	0
7943	102	0
7944	113	0
7945	118	0
7946	121	0
7947	115	0
7948	112	0
7949	119	0
7950	117	0
7951	128	0
7952	121	0
7953	133	0
7954	127	0
7955	130	0
7956	127	0
7957	125	0
7958	133	0
7959	119	0
7960	125	0
7961	129	0
7962	127	0
7963	117	0
7964	119	0
7965	114	0
7966	121	0
7967	117	0
7968	113	0
7969	112	0
7970	114	0
7971	101	0
7972	119	0
7973	108	0
7974	101	0
7975	117	0
7976	107	0
7977	110	0
7978	109	0
7979	107	0
7980	109	0
7981	109	0
7982	110	0
7983	120	0
7984	111	0
7985	125	0
7986	123	0
7987	112	0
7988	119	0
7989	119	0
7990	123	0
7991	131	0
7992	130	0
7993	134	0
7994	131	0
7995	118	0
7996	125	0
7997	115	0
7998	123	0
7999	131	0
