Oscilloscope data. 
Time step = 1,250 uS
Voltage step = 31,25 mV
Zero level = 115

N 	Smpl.	Trig

0	121	0
1	121	0
2	115	0
3	118	0
4	115	0
5	113	0
6	113	0
7	123	0
8	114	0
9	121	0
10	117	0
11	112	0
12	118	0
13	116	0
14	107	0
15	110	0
16	113	0
17	109	0
18	116	0
19	107	0
20	109	0
21	109	0
22	116	0
23	113	0
24	107	0
25	115	0
26	118	0
27	113	0
28	109	0
29	115	0
30	115	0
31	117	0
32	115	0
33	124	0
34	114	0
35	126	0
36	116	0
37	127	0
38	112	0
39	115	0
40	120	0
41	126	0
42	123	0
43	110	0
44	122	0
45	127	0
46	122	0
47	127	0
48	121	0
49	113	0
50	123	0
51	113	0
52	111	0
53	115	0
54	116	0
55	106	0
56	120	0
57	113	0
58	109	0
59	118	0
60	115	0
61	111	0
62	120	0
63	110	0
64	118	0
65	115	0
66	111	0
67	112	0
68	118	0
69	127	0
70	125	0
71	115	0
72	121	0
73	121	0
74	117	0
75	126	0
76	120	0
77	117	0
78	125	0
79	123	0
80	122	0
81	116	0
82	121	0
83	123	0
84	116	0
85	129	0
86	115	0
87	121	0
88	112	0
89	113	0
90	113	0
91	107	0
92	121	0
93	117	0
94	111	0
95	110	0
96	111	0
97	111	0
98	113	0
99	105	0
100	111	0
101	107	0
102	108	0
103	111	0
104	108	0
105	115	0
106	122	0
107	117	0
108	112	0
109	119	0
110	117	0
111	117	0
112	111	0
113	123	0
114	129	0
115	121	0
116	118	0
117	124	0
118	123	0
119	126	0
120	114	0
121	122	0
122	127	0
123	125	0
124	121	0
125	127	0
126	118	0
127	115	0
128	119	0
129	118	0
130	109	0
131	121	0
132	113	0
133	115	0
134	113	0
135	112	0
136	103	0
137	103	0
138	110	0
139	115	0
140	108	0
141	105	0
142	108	0
143	109	0
144	105	0
145	113	0
146	118	0
147	115	0
148	121	0
149	113	0
150	120	0
151	117	0
152	126	0
153	122	0
154	125	0
155	122	0
156	113	0
157	121	0
158	119	0
159	127	0
160	113	0
161	117	0
162	129	0
163	123	0
164	121	0
165	129	0
166	127	0
167	121	0
168	109	0
169	117	0
170	119	0
171	109	0
172	111	0
173	110	0
174	105	0
175	111	0
176	110	0
177	110	0
178	111	0
179	101	0
180	107	0
181	106	0
182	102	0
183	115	0
184	113	0
185	110	0
186	97	0
187	114	0
188	117	0
189	117	0
190	115	0
191	126	0
192	116	0
193	129	0
194	135	0
195	122	0
196	123	0
197	125	0
198	123	0
199	124	0
200	123	0
201	113	0
202	133	0
203	109	0
204	123	0
205	117	0
206	126	0
207	115	0
208	117	0
209	119	0
210	117	0
211	113	0
212	110	0
213	119	0
214	102	0
215	112	0
216	113	0
217	110	0
218	97	0
219	108	0
220	106	0
221	113	0
222	107	0
223	118	0
224	113	0
225	115	0
226	111	0
227	109	0
228	112	0
229	123	0
230	130	0
231	125	0
232	117	0
233	125	0
234	122	0
235	122	0
236	124	0
237	121	0
238	121	0
239	134	0
240	126	0
241	116	0
242	126	0
243	121	0
244	128	0
245	120	0
246	118	0
247	140	0
248	117	0
249	107	0
250	115	0
251	121	0
252	107	0
253	103	0
254	109	0
255	113	0
256	107	0
257	99	0
258	100	0
259	104	0
260	111	0
261	103	0
262	109	0
263	106	0
264	99	0
265	103	0
266	118	0
267	109	0
268	113	0
269	127	0
270	125	0
271	124	0
272	126	0
273	129	0
274	119	0
275	125	0
276	127	0
277	119	0
278	117	0
279	133	0
280	129	0
281	130	0
282	127	0
283	125	0
284	125	0
285	133	0
286	121	0
287	109	0
288	110	0
289	125	0
290	109	0
291	113	0
292	121	0
293	116	0
294	105	0
295	105	0
296	114	0
297	105	0
298	105	0
299	93	0
300	110	0
301	111	0
302	101	0
303	101	0
304	107	0
305	117	0
306	115	0
307	121	0
308	125	0
309	120	0
310	119	0
311	119	0
312	122	0
313	119	0
314	127	0
315	137	0
316	124	0
317	131	0
318	126	0
319	131	0
320	129	0
321	130	0
322	129	0
323	121	0
324	117	0
325	122	0
326	113	0
327	123	0
328	115	0
329	120	0
330	108	0
331	111	0
332	111	0
333	102	0
334	97	0
335	105	0
336	101	0
337	99	0
338	109	0
339	102	0
340	102	0
341	105	0
342	98	0
343	93	0
344	114	0
345	119	0
346	121	0
347	120	0
348	109	0
349	117	0
350	122	0
351	115	0
352	126	0
353	127	0
354	127	0
355	124	0
356	122	0
357	135	0
358	143	0
359	134	0
360	129	0
361	131	0
362	131	0
363	132	0
364	115	0
365	135	0
366	134	0
367	123	0
368	117	0
369	111	0
370	108	0
371	101	0
372	114	0
373	109	0
374	105	0
375	99	0
376	101	0
377	105	0
378	101	0
379	101	0
380	99	0
381	97	0
382	97	0
383	98	0
384	113	0
385	116	0
386	113	0
387	109	0
388	119	0
389	116	0
390	117	0
391	126	0
392	112	0
393	131	0
394	133	0
395	134	0
396	133	0
397	134	0
398	132	0
399	127	0
400	135	0
401	141	0
402	123	0
403	125	0
404	124	0
405	129	0
406	128	0
407	115	0
408	113	0
409	114	0
410	113	0
411	107	0
412	116	0
413	108	0
414	106	0
415	94	0
416	91	0
417	101	0
418	107	0
419	96	0
420	109	0
421	101	0
422	101	0
423	98	0
424	96	0
425	112	0
426	107	0
427	117	0
428	116	0
429	115	0
430	119	0
431	127	0
432	117	0
433	123	0
434	128	0
435	139	0
436	118	0
437	131	0
438	133	0
439	134	0
440	136	0
441	129	0
442	128	0
443	127	0
444	136	0
445	118	0
446	127	0
447	124	0
448	118	0
449	129	0
450	118	0
451	116	0
452	108	0
453	106	0
454	103	0
455	99	0
456	105	0
457	111	0
458	95	0
459	95	0
460	104	0
461	99	0
462	101	0
463	103	0
464	110	0
465	109	0
466	115	0
467	117	0
468	115	0
469	113	0
470	121	0
471	124	0
472	117	0
473	126	0
474	136	0
475	118	0
476	127	0
477	134	0
478	136	0
479	123	0
480	131	0
481	133	0
482	131	0
483	134	0
484	128	0
485	124	0
486	127	0
487	118	0
488	120	0
489	109	0
490	116	0
491	105	0
492	107	0
493	107	0
494	92	0
495	93	0
496	101	0
497	112	0
498	99	0
499	95	0
500	109	0
501	97	0
502	106	0
503	106	0
504	99	0
505	109	0
506	105	0
507	107	0
508	115	0
509	110	0
510	119	0
511	113	0
512	125	0
513	129	0
514	126	0
515	126	0
516	130	0
517	143	0
518	125	0
519	127	0
520	135	0
521	136	0
522	134	0
523	131	0
524	126	0
525	126	0
526	121	0
527	133	0
528	121	0
529	111	0
530	119	0
531	106	0
532	107	0
533	99	0
534	101	0
535	102	0
536	111	0
537	97	0
538	103	0
539	95	0
540	98	0
541	101	0
542	94	0
543	113	0
544	106	0
545	98	0
546	106	0
547	112	0
548	105	0
549	114	0
550	121	0
551	121	0
552	123	0
553	119	0
554	125	0
555	123	0
556	124	0
557	129	0
558	125	0
559	123	0
560	125	0
561	134	0
562	126	0
563	127	0
564	117	0
565	120	0
566	126	0
567	123	0
568	111	0
569	112	0
570	121	0
571	115	0
572	116	0
573	107	0
574	100	0
575	105	0
576	107	0
577	109	0
578	99	0
579	99	0
580	108	0
581	96	0
582	111	0
583	106	0
584	111	0
585	117	0
586	106	0
587	105	0
588	121	0
589	115	0
590	113	0
591	114	0
592	123	0
593	129	0
594	133	0
595	125	0
596	136	0
597	124	0
598	126	0
599	125	0
600	130	0
601	125	0
602	119	0
603	137	0
604	118	0
605	119	0
606	125	0
607	117	0
608	112	0
609	121	0
610	107	0
611	109	0
612	101	0
613	105	0
614	101	0
615	102	0
616	102	0
617	101	0
618	103	0
619	101	0
620	103	0
621	109	0
622	99	0
623	106	0
624	107	0
625	103	0
626	121	0
627	117	0
628	115	0
629	118	0
630	116	0
631	123	0
632	125	0
633	125	0
634	115	0
635	125	0
636	129	0
637	125	0
638	137	0
639	133	0
640	129	0
641	135	0
642	133	0
643	119	0
644	122	0
645	118	0
646	126	0
647	111	0
648	118	0
649	120	0
650	108	0
651	111	0
652	111	0
653	121	0
654	109	0
655	105	0
656	105	0
657	110	0
658	105	0
659	112	0
660	105	0
661	101	0
662	115	0
663	103	0
664	102	0
665	119	0
666	124	0
667	114	0
668	117	0
669	125	0
670	129	0
671	125	0
672	125	0
673	124	0
674	126	0
675	115	0
676	124	0
677	127	0
678	129	0
679	125	0
680	124	0
681	121	0
682	119	0
683	129	0
684	118	0
685	116	0
686	127	0
687	126	0
688	111	0
689	116	0
690	112	0
691	115	0
692	115	0
693	115	0
694	112	0
695	113	0
696	105	0
697	97	0
698	109	0
699	102	0
700	110	0
701	111	0
702	104	0
703	103	0
704	104	0
705	104	0
706	119	0
707	117	0
708	113	0
709	106	0
710	115	0
711	115	0
712	115	0
713	121	0
714	119	0
715	124	0
716	130	0
717	113	0
718	125	0
719	129	0
720	133	0
721	123	0
722	128	0
723	113	0
724	121	0
725	124	0
726	119	0
727	120	0
728	118	0
729	121	0
730	113	0
731	108	0
732	110	0
733	122	0
734	112	0
735	109	0
736	112	0
737	111	0
738	101	0
739	109	0
740	106	0
741	108	0
742	108	0
743	114	0
744	113	0
745	113	0
746	110	0
747	117	0
748	115	0
749	106	0
750	110	0
751	115	0
752	121	0
753	113	0
754	113	0
755	125	0
756	126	0
757	123	0
758	124	0
759	126	0
760	113	0
761	114	0
762	121	0
763	115	0
764	126	0
765	117	0
766	123	0
767	114	0
768	121	0
769	113	0
770	115	0
771	110	0
772	113	0
773	109	0
774	110	0
775	110	0
776	107	0
777	113	0
778	106	0
779	109	0
780	106	0
781	117	0
782	111	0
783	116	0
784	109	0
785	120	0
786	116	0
787	122	0
788	121	0
789	119	0
790	111	0
791	120	0
792	119	0
793	121	0
794	135	0
795	123	0
796	129	0
797	115	0
798	118	0
799	113	0
800	129	0
801	125	0
802	124	0
803	126	0
804	116	0
805	133	0
806	122	0
807	117	0
808	119	0
809	111	0
810	115	0
811	118	0
812	109	0
813	118	0
814	111	0
815	115	0
816	123	0
817	115	0
818	118	0
819	103	0
820	112	0
821	105	0
822	123	0
823	113	0
824	107	0
825	121	0
826	111	0
827	109	0
828	128	0
829	114	0
830	118	0
831	115	0
832	128	0
833	129	0
834	110	0
835	125	0
836	111	0
837	114	0
838	131	0
839	125	0
840	113	0
841	117	0
842	124	0
843	123	0
844	111	0
845	114	0
846	113	0
847	115	0
848	121	0
849	110	0
850	129	0
851	107	0
852	112	0
853	108	0
854	115	0
855	106	0
856	105	0
857	111	0
858	105	0
859	121	0
860	105	0
861	106	0
862	115	0
863	115	0
864	121	0
865	114	0
866	117	0
867	113	0
868	123	0
869	119	0
870	113	0
871	113	0
872	116	0
873	127	0
874	121	0
875	121	0
876	121	0
877	121	0
878	123	0
879	129	0
880	122	0
881	124	0
882	122	0
883	121	0
884	120	0
885	115	0
886	110	0
887	119	0
888	105	0
889	112	0
890	107	0
891	108	0
892	117	0
893	109	0
894	113	0
895	107	0
896	113	0
897	107	0
898	105	0
899	111	0
900	108	0
901	108	0
902	108	0
903	121	0
904	103	0
905	114	0
906	119	0
907	102	0
908	113	0
909	121	0
910	115	0
911	124	0
912	117	0
913	111	0
914	115	0
915	121	0
916	122	0
917	122	0
918	123	0
919	128	0
920	118	0
921	120	0
922	125	0
923	127	0
924	116	0
925	115	0
926	124	0
927	121	0
928	121	0
929	113	0
930	110	0
931	118	0
932	108	0
933	125	0
934	111	0
935	108	0
936	107	0
937	114	0
938	111	0
939	107	0
940	115	0
941	114	0
942	113	0
943	121	0
944	116	0
945	118	0
946	111	0
947	111	0
948	124	0
949	117	0
950	114	0
951	118	0
952	124	0
953	125	0
954	118	0
955	118	0
956	123	0
957	123	0
958	136	0
959	120	0
960	121	0
961	125	0
962	119	0
963	120	0
964	119	0
965	124	0
966	113	0
967	118	0
968	122	0
969	113	0
970	113	0
971	110	0
972	111	0
973	115	0
974	114	0
975	117	0
976	102	0
977	110	0
978	115	0
979	110	0
980	105	0
981	112	0
982	111	0
983	108	0
984	110	0
985	116	0
986	123	0
987	117	0
988	111	0
989	129	0
990	121	0
991	121	0
992	121	0
993	113	0
994	113	0
995	115	0
996	123	0
997	132	0
998	120	0
999	125	0
1000	131	0
1001	127	0
1002	113	0
1003	131	0
1004	117	0
1005	121	0
1006	115	0
1007	119	0
1008	127	0
1009	111	0
1010	117	0
1011	113	0
1012	107	0
1013	123	0
1014	117	0
1015	111	0
1016	102	0
1017	113	0
1018	108	0
1019	105	0
1020	99	0
1021	114	0
1022	108	0
1023	114	0
1024	120	0
1025	106	0
1026	110	0
1027	115	0
1028	109	0
1029	109	0
1030	113	0
1031	117	0
1032	121	0
1033	117	0
1034	119	0
1035	122	0
1036	125	0
1037	129	0
1038	127	0
1039	122	0
1040	138	0
1041	122	0
1042	121	0
1043	121	0
1044	117	0
1045	114	0
1046	117	0
1047	117	0
1048	123	0
1049	115	0
1050	113	0
1051	118	0
1052	117	0
1053	110	0
1054	106	0
1055	103	0
1056	111	0
1057	109	0
1058	110	0
1059	106	0
1060	109	0
1061	104	0
1062	97	0
1063	109	0
1064	102	0
1065	110	0
1066	107	0
1067	117	0
1068	121	0
1069	111	0
1070	114	0
1071	119	0
1072	122	0
1073	127	0
1074	126	0
1075	129	0
1076	132	0
1077	129	0
1078	126	0
1079	127	0
1080	135	0
1081	133	0
1082	131	0
1083	128	0
1084	123	0
1085	115	0
1086	126	0
1087	111	0
1088	118	0
1089	113	0
1090	107	0
1091	111	0
1092	107	0
1093	115	0
1094	106	0
1095	99	0
1096	103	0
1097	107	0
1098	105	0
1099	109	0
1100	103	0
1101	105	0
1102	101	0
1103	109	0
1104	110	0
1105	112	0
1106	115	0
1107	109	0
1108	111	0
1109	110	0
1110	123	0
1111	111	0
1112	121	0
1113	123	0
1114	127	0
1115	129	0
1116	130	0
1117	126	0
1118	127	0
1119	133	0
1120	133	0
1121	125	0
1122	136	0
1123	125	0
1124	118	0
1125	121	0
1126	107	0
1127	120	0
1128	107	0
1129	125	0
1130	104	0
1131	108	0
1132	115	0
1133	108	0
1134	102	0
1135	94	0
1136	106	0
1137	101	0
1138	105	0
1139	93	0
1140	97	0
1141	96	0
1142	111	0
1143	113	0
1144	111	0
1145	103	0
1146	110	0
1147	115	0
1148	118	0
1149	120	0
1150	111	0
1151	126	0
1152	127	0
1153	125	0
1154	126	0
1155	127	0
1156	131	0
1157	127	0
1158	131	0
1159	131	0
1160	129	0
1161	133	0
1162	126	0
1163	133	0
1164	127	0
1165	125	0
1166	121	0
1167	114	0
1168	121	0
1169	113	0
1170	104	0
1171	111	0
1172	105	0
1173	102	0
1174	107	0
1175	101	0
1176	107	0
1177	101	0
1178	101	0
1179	99	0
1180	95	0
1181	96	0
1182	107	0
1183	109	0
1184	111	0
1185	107	0
1186	105	0
1187	121	0
1188	113	0
1189	109	0
1190	113	0
1191	127	0
1192	123	0
1193	121	0
1194	121	0
1195	127	0
1196	133	0
1197	131	0
1198	136	0
1199	132	0
1200	132	0
1201	138	0
1202	129	0
1203	137	0
1204	130	0
1205	129	0
1206	120	0
1207	113	0
1208	112	0
1209	114	0
1210	109	0
1211	117	0
1212	102	0
1213	110	0
1214	110	0
1215	108	0
1216	103	0
1217	96	0
1218	94	0
1219	101	0
1220	103	0
1221	105	0
1222	99	0
1223	97	0
1224	100	0
1225	109	0
1226	114	0
1227	113	0
1228	119	0
1229	117	0
1230	125	0
1231	119	0
1232	117	0
1233	129	0
1234	126	0
1235	127	0
1236	143	0
1237	134	0
1238	134	0
1239	134	0
1240	128	0
1241	126	0
1242	127	0
1243	127	0
1244	122	0
1245	118	0
1246	121	0
1247	115	0
1248	117	0
1249	116	0
1250	103	0
1251	109	0
1252	112	0
1253	100	0
1254	110	0
1255	108	0
1256	97	0
1257	95	0
1258	101	0
1259	104	0
1260	106	0
1261	105	0
1262	111	0
1263	102	0
1264	103	0
1265	99	0
1266	111	0
1267	105	0
1268	117	0
1269	112	0
1270	118	0
1271	121	0
1272	115	0
1273	126	0
1274	131	0
1275	128	0
1276	133	0
1277	131	0
1278	126	0
1279	137	0
1280	123	0
1281	125	0
1282	134	0
1283	126	0
1284	118	0
1285	126	0
1286	127	0
1287	114	0
1288	129	0
1289	116	0
1290	113	0
1291	101	0
1292	105	0
1293	106	0
1294	106	0
1295	98	0
1296	102	0
1297	115	0
1298	100	0
1299	92	0
1300	100	0
1301	110	0
1302	109	0
1303	99	0
1304	95	0
1305	109	0
1306	111	0
1307	116	0
1308	119	0
1309	117	0
1310	125	0
1311	125	0
1312	122	0
1313	132	0
1314	129	0
1315	133	0
1316	129	0
1317	127	0
1318	137	0
1319	127	0
1320	129	0
1321	135	0
1322	129	0
1323	131	0
1324	127	0
1325	117	0
1326	120	0
1327	126	0
1328	113	0
1329	115	0
1330	105	0
1331	105	0
1332	109	0
1333	104	0
1334	109	0
1335	107	0
1336	103	0
1337	111	0
1338	111	0
1339	102	0
1340	99	0
1341	114	0
1342	94	0
1343	104	0
1344	110	0
1345	109	0
1346	117	0
1347	109	0
1348	113	0
1349	115	0
1350	111	0
1351	123	0
1352	131	0
1353	123	0
1354	133	0
1355	121	0
1356	133	0
1357	133	0
1358	130	0
1359	130	0
1360	137	0
1361	128	0
1362	129	0
1363	124	0
1364	115	0
1365	127	0
1366	113	0
1367	127	0
1368	112	0
1369	122	0
1370	112	0
1371	113	0
1372	108	0
1373	102	0
1374	103	0
1375	97	0
1376	107	0
1377	97	0
1378	113	0
1379	98	0
1380	105	0
1381	102	0
1382	110	0
1383	117	0
1384	107	0
1385	97	0
1386	114	0
1387	111	0
1388	115	0
1389	123	0
1390	117	0
1391	126	0
1392	120	0
1393	120	0
1394	124	0
1395	123	0
1396	137	0
1397	123	0
1398	128	0
1399	127	0
1400	131	0
1401	130	0
1402	127	0
1403	127	0
1404	121	0
1405	129	0
1406	114	0
1407	123	0
1408	115	0
1409	119	0
1410	111	0
1411	109	0
1412	111	0
1413	113	0
1414	107	0
1415	108	0
1416	113	0
1417	101	0
1418	102	0
1419	108	0
1420	104	0
1421	110	0
1422	107	0
1423	101	0
1424	107	0
1425	110	0
1426	109	0
1427	111	0
1428	117	0
1429	113	0
1430	113	0
1431	126	0
1432	119	0
1433	133	0
1434	137	0
1435	128	0
1436	125	0
1437	126	0
1438	134	0
1439	127	0
1440	129	0
1441	126	0
1442	115	0
1443	127	0
1444	131	0
1445	122	0
1446	121	0
1447	123	0
1448	123	0
1449	119	0
1450	117	0
1451	113	0
1452	115	0
1453	104	0
1454	115	0
1455	111	0
1456	110	0
1457	109	0
1458	108	0
1459	111	0
1460	109	0
1461	105	0
1462	113	0
1463	111	0
1464	105	0
1465	117	0
1466	112	0
1467	105	0
1468	121	0
1469	121	0
1470	126	0
1471	116	0
1472	126	0
1473	118	0
1474	119	0
1475	127	0
1476	131	0
1477	129	0
1478	119	0
1479	119	0
1480	125	0
1481	122	0
1482	125	0
1483	127	0
1484	121	0
1485	120	0
1486	121	0
1487	120	0
1488	119	0
1489	114	0
1490	123	0
1491	105	0
1492	109	0
1493	108	0
1494	106	0
1495	112	0
1496	107	0
1497	110	0
1498	111	0
1499	117	0
1500	105	0
1501	117	0
1502	115	0
1503	124	0
1504	110	0
1505	113	0
1506	105	0
1507	111	0
1508	121	0
1509	115	0
1510	118	0
1511	127	0
1512	119	0
1513	121	0
1514	126	0
1515	118	0
1516	120	0
1517	119	0
1518	123	0
1519	118	0
1520	120	0
1521	128	0
1522	127	0
1523	124	0
1524	117	0
1525	119	0
1526	110	0
1527	117	0
1528	117	0
1529	108	0
1530	117	0
1531	108	0
1532	113	0
1533	113	0
1534	125	0
1535	121	0
1536	113	0
1537	117	0
1538	109	0
1539	110	0
1540	111	0
1541	105	0
1542	110	0
1543	110	0
1544	102	0
1545	119	0
1546	120	0
1547	111	0
1548	107	0
1549	108	0
1550	119	0
1551	118	0
1552	121	0
1553	131	0
1554	119	0
1555	116	0
1556	127	0
1557	111	0
1558	117	0
1559	127	0
1560	113	0
1561	121	0
1562	128	0
1563	116	0
1564	116	0
1565	116	0
1566	114	0
1567	121	0
1568	113	0
1569	115	0
1570	113	0
1571	107	0
1572	107	0
1573	113	0
1574	118	0
1575	105	0
1576	107	0
1577	121	0
1578	117	0
1579	117	0
1580	119	0
1581	118	0
1582	107	0
1583	116	0
1584	121	0
1585	118	0
1586	116	0
1587	115	0
1588	122	0
1589	118	0
1590	107	0
1591	108	0
1592	125	0
1593	129	0
1594	125	0
1595	117	0
1596	123	0
1597	121	0
1598	120	0
1599	125	0
1600	123	0
1601	121	0
1602	118	0
1603	113	0
1604	125	0
1605	123	0
1606	125	0
1607	118	0
1608	109	0
1609	115	0
1610	126	0
1611	111	0
1612	106	0
1613	115	0
1614	112	0
1615	112	0
1616	114	0
1617	115	0
1618	113	0
1619	103	0
1620	110	0
1621	109	0
1622	103	0
1623	110	0
1624	112	0
1625	111	0
1626	114	0
1627	111	0
1628	115	0
1629	114	0
1630	127	0
1631	113	0
1632	112	0
1633	110	0
1634	121	0
1635	122	0
1636	121	0
1637	121	0
1638	131	0
1639	122	0
1640	126	0
1641	119	0
1642	122	0
1643	120	0
1644	123	0
1645	126	0
1646	117	0
1647	121	0
1648	115	0
1649	109	0
1650	111	0
1651	117	0
1652	107	0
1653	114	0
1654	109	0
1655	113	0
1656	109	0
1657	115	0
1658	112	0
1659	107	0
1660	115	0
1661	113	0
1662	116	0
1663	125	0
1664	112	0
1665	110	0
1666	111	0
1667	119	0
1668	115	0
1669	113	0
1670	128	0
1671	121	0
1672	126	0
1673	111	0
1674	129	0
1675	121	0
1676	123	0
1677	119	0
1678	114	0
1679	115	0
1680	131	0
1681	119	0
1682	117	0
1683	115	0
1684	115	0
1685	117	0
1686	121	0
1687	112	0
1688	121	0
1689	125	0
1690	108	0
1691	117	0
1692	104	0
1693	114	0
1694	104	0
1695	113	0
1696	118	0
1697	108	0
1698	115	0
1699	114	0
1700	110	0
1701	106	0
1702	121	0
1703	116	0
1704	103	0
1705	101	0
1706	109	0
1707	117	0
1708	112	0
1709	124	0
1710	115	0
1711	125	0
1712	118	0
1713	118	0
1714	116	0
1715	113	0
1716	128	0
1717	121	0
1718	131	0
1719	116	0
1720	123	0
1721	127	0
1722	123	0
1723	121	0
1724	118	0
1725	115	0
1726	121	0
1727	117	0
1728	121	0
1729	125	0
1730	115	0
1731	112	0
1732	118	0
1733	112	0
1734	111	0
1735	125	0
1736	108	0
1737	113	0
1738	103	0
1739	103	0
1740	115	0
1741	110	0
1742	121	0
1743	114	0
1744	118	0
1745	111	0
1746	105	0
1747	116	0
1748	112	0
1749	128	0
1750	117	0
1751	121	0
1752	122	0
1753	135	0
1754	121	0
1755	122	0
1756	120	0
1757	123	0
1758	139	0
1759	129	0
1760	132	0
1761	131	0
1762	128	0
1763	118	0
1764	121	0
1765	121	0
1766	124	0
1767	111	0
1768	109	0
1769	123	0
1770	113	0
1771	109	0
1772	113	0
1773	105	0
1774	115	0
1775	113	0
1776	109	0
1777	113	0
1778	104	0
1779	103	0
1780	105	0
1781	113	0
1782	101	0
1783	113	0
1784	107	0
1785	111	0
1786	109	0
1787	113	0
1788	115	0
1789	123	0
1790	122	0
1791	118	0
1792	117	0
1793	117	0
1794	122	0
1795	126	0
1796	129	0
1797	131	0
1798	124	0
1799	116	0
1800	121	0
1801	117	0
1802	125	0
1803	121	0
1804	118	0
1805	121	0
1806	127	0
1807	120	0
1808	121	0
1809	113	0
1810	117	0
1811	119	0
1812	108	0
1813	105	0
1814	111	0
1815	102	0
1816	105	0
1817	117	0
1818	102	0
1819	97	0
1820	113	0
1821	110	0
1822	99	0
1823	110	0
1824	110	0
1825	110	0
1826	107	0
1827	113	0
1828	121	0
1829	122	0
1830	118	0
1831	125	0
1832	118	0
1833	121	0
1834	131	0
1835	115	0
1836	120	0
1837	130	0
1838	125	0
1839	131	0
1840	119	0
1841	127	0
1842	121	0
1843	120	0
1844	125	0
1845	125	0
1846	121	0
1847	113	0
1848	111	0
1849	112	0
1850	109	0
1851	110	0
1852	115	0
1853	115	0
1854	115	0
1855	107	0
1856	106	0
1857	105	0
1858	110	0
1859	103	0
1860	103	0
1861	109	0
1862	109	0
1863	104	0
1864	116	0
1865	118	0
1866	121	0
1867	113	0
1868	115	0
1869	123	0
1870	114	0
1871	123	0
1872	117	0
1873	121	0
1874	133	0
1875	121	0
1876	119	0
1877	125	0
1878	137	0
1879	128	0
1880	133	0
1881	125	0
1882	132	0
1883	133	0
1884	121	0
1885	127	0
1886	117	0
1887	116	0
1888	119	0
1889	113	0
1890	110	0
1891	115	0
1892	115	0
1893	121	0
1894	104	0
1895	104	0
1896	108	0
1897	111	0
1898	105	0
1899	93	0
1900	103	0
1901	106	0
1902	113	0
1903	116	0
1904	99	0
1905	104	0
1906	115	0
1907	120	0
1908	113	0
1909	121	0
1910	116	0
1911	121	0
1912	117	0
1913	118	0
1914	123	0
1915	133	0
1916	117	0
1917	134	0
1918	130	0
1919	138	0
1920	131	0
1921	129	0
1922	131	0
1923	125	0
1924	127	0
1925	124	0
1926	115	0
1927	122	0
1928	119	0
1929	118	0
1930	123	0
1931	103	0
1932	110	0
1933	100	0
1934	103	0
1935	97	0
1936	102	0
1937	111	0
1938	103	0
1939	103	0
1940	101	0
1941	105	0
1942	107	0
1943	101	0
1944	113	0
1945	107	0
1946	107	0
1947	113	0
1948	106	0
1949	113	0
1950	122	0
1951	122	0
1952	117	0
1953	130	0
1954	131	0
1955	123	0
1956	127	0
1957	133	0
1958	125	0
1959	125	0
1960	136	0
1961	131	0
1962	128	0
1963	123	0
1964	117	0
1965	123	0
1966	119	0
1967	123	0
1968	114	0
1969	110	0
1970	111	0
1971	101	0
1972	113	0
1973	102	0
1974	107	0
1975	101	0
1976	93	0
1977	95	0
1978	98	0
1979	111	0
1980	105	0
1981	97	0
1982	103	0
1983	109	0
1984	101	0
1985	101	0
1986	115	0
1987	122	0
1988	119	0
1989	113	0
1990	125	0
1991	125	0
1992	122	0
1993	117	0
1994	125	0
1995	126	0
1996	122	0
1997	127	0
1998	127	0
1999	134	0
2000	131	0
2001	145	0
2002	131	0
2003	127	0
2004	125	0
2005	129	0
2006	115	0
2007	118	0
2008	119	0
2009	115	0
2010	109	0
2011	117	0
2012	103	0
2013	111	0
2014	101	0
2015	104	0
2016	103	0
2017	101	0
2018	93	0
2019	96	0
2020	101	0
2021	99	0
2022	93	0
2023	94	0
2024	102	0
2025	107	0
2026	121	0
2027	118	0
2028	115	0
2029	111	0
2030	115	0
2031	115	0
2032	127	0
2033	129	0
2034	135	0
2035	131	0
2036	131	0
2037	131	0
2038	134	0
2039	123	0
2040	135	0
2041	137	0
2042	129	0
2043	133	0
2044	121	0
2045	123	0
2046	131	0
2047	118	0
2048	116	0
2049	110	0
2050	119	0
2051	115	0
2052	113	0
2053	113	0
2054	107	0
2055	105	0
2056	106	0
2057	103	0
2058	106	0
2059	92	0
2060	106	0
2061	105	0
2062	95	0
2063	103	0
2064	103	0
2065	109	0
2066	117	0
2067	110	0
2068	116	0
2069	110	0
2070	119	0
2071	123	0
2072	121	0
2073	133	0
2074	126	0
2075	121	0
2076	135	0
2077	131	0
2078	134	0
2079	136	0
2080	132	0
2081	129	0
2082	129	0
2083	127	0
2084	129	0
2085	118	0
2086	113	0
2087	127	0
2088	113	0
2089	105	0
2090	111	0
2091	113	0
2092	112	0
2093	109	0
2094	102	0
2095	102	0
2096	91	0
2097	101	0
2098	104	0
2099	103	0
2100	100	0
2101	99	0
2102	105	0
2103	101	0
2104	110	0
2105	117	0
2106	116	0
2107	113	0
2108	119	0
2109	124	0
2110	121	0
2111	122	0
2112	120	0
2113	126	0
2114	123	0
2115	125	0
2116	129	0
2117	124	0
2118	132	0
2119	137	0
2120	129	0
2121	128	0
2122	127	0
2123	129	0
2124	122	0
2125	119	0
2126	126	0
2127	119	0
2128	123	0
2129	115	0
2130	113	0
2131	111	0
2132	119	0
2133	107	0
2134	101	0
2135	95	0
2136	93	0
2137	105	0
2138	99	0
2139	92	0
2140	100	0
2141	101	0
2142	97	0
2143	105	0
2144	104	0
2145	113	0
2146	107	0
2147	117	0
2148	108	0
2149	118	0
2150	124	0
2151	121	0
2152	117	0
2153	126	0
2154	122	0
2155	121	0
2156	132	0
2157	139	0
2158	133	0
2159	132	0
2160	132	0
2161	125	0
2162	126	0
2163	121	0
2164	127	0
2165	119	0
2166	114	0
2167	119	0
2168	113	0
2169	121	0
2170	110	0
2171	108	0
2172	114	0
2173	104	0
2174	95	0
2175	109	0
2176	106	0
2177	107	0
2178	97	0
2179	98	0
2180	105	0
2181	107	0
2182	105	0
2183	113	0
2184	109	0
2185	107	0
2186	105	0
2187	113	0
2188	119	0
2189	115	0
2190	113	0
2191	118	0
2192	125	0
2193	121	0
2194	121	0
2195	127	0
2196	129	0
2197	129	0
2198	122	0
2199	132	0
2200	129	0
2201	121	0
2202	121	0
2203	127	0
2204	127	0
2205	119	0
2206	128	0
2207	117	0
2208	121	0
2209	120	0
2210	121	0
2211	107	0
2212	112	0
2213	105	0
2214	109	0
2215	103	0
2216	107	0
2217	101	0
2218	105	0
2219	99	0
2220	98	0
2221	105	0
2222	110	0
2223	107	0
2224	110	0
2225	115	0
2226	108	0
2227	113	0
2228	114	0
2229	128	0
2230	125	0
2231	114	0
2232	123	0
2233	127	0
2234	121	0
2235	129	0
2236	121	0
2237	125	0
2238	123	0
2239	129	0
2240	125	0
2241	129	0
2242	126	0
2243	124	0
2244	119	0
2245	122	0
2246	129	0
2247	123	0
2248	119	0
2249	117	0
2250	111	0
2251	107	0
2252	111	0
2253	114	0
2254	112	0
2255	111	0
2256	107	0
2257	105	0
2258	103	0
2259	110	0
2260	102	0
2261	95	0
2262	104	0
2263	107	0
2264	110	0
2265	117	0
2266	103	0
2267	113	0
2268	110	0
2269	111	0
2270	121	0
2271	114	0
2272	120	0
2273	119	0
2274	120	0
2275	121	0
2276	134	0
2277	129	0
2278	129	0
2279	122	0
2280	123	0
2281	123	0
2282	123	0
2283	123	0
2284	113	0
2285	131	0
2286	118	0
2287	108	0
2288	131	0
2289	115	0
2290	113	0
2291	109	0
2292	115	0
2293	107	0
2294	109	0
2295	113	0
2296	104	0
2297	107	0
2298	111	0
2299	113	0
2300	97	0
2301	111	0
2302	111	0
2303	113	0
2304	107	0
2305	115	0
2306	107	0
2307	124	0
2308	111	0
2309	115	0
2310	115	0
2311	123	0
2312	119	0
2313	117	0
2314	129	0
2315	123	0
2316	127	0
2317	130	0
2318	118	0
2319	124	0
2320	118	0
2321	121	0
2322	123	0
2323	127	0
2324	120	0
2325	123	0
2326	118	0
2327	117	0
2328	115	0
2329	125	0
2330	117	0
2331	118	0
2332	116	0
2333	103	0
2334	115	0
2335	113	0
2336	114	0
2337	113	0
2338	109	0
2339	97	0
2340	111	0
2341	117	0
2342	106	0
2343	109	0
2344	117	0
2345	113	0
2346	109	0
2347	113	0
2348	114	0
2349	107	0
2350	113	0
2351	113	0
2352	119	0
2353	121	0
2354	121	0
2355	126	0
2356	128	0
2357	122	0
2358	123	0
2359	123	0
2360	123	0
2361	123	0
2362	121	0
2363	129	0
2364	118	0
2365	121	0
2366	113	0
2367	111	0
2368	115	0
2369	115	0
2370	109	0
2371	106	0
2372	107	0
2373	114	0
2374	114	0
2375	108	0
2376	105	0
2377	106	0
2378	101	0
2379	114	0
2380	108	0
2381	117	0
2382	121	0
2383	117	0
2384	109	0
2385	113	0
2386	106	0
2387	123	0
2388	118	0
2389	125	0
2390	118	0
2391	123	0
2392	121	0
2393	121	0
2394	113	0
2395	111	0
2396	126	0
2397	116	0
2398	128	0
2399	115	0
2400	118	0
2401	119	0
2402	117	0
2403	122	0
2404	112	0
2405	122	0
2406	127	0
2407	126	0
2408	117	0
2409	121	0
2410	118	0
2411	121	0
2412	125	0
2413	116	0
2414	110	0
2415	111	0
2416	115	0
2417	109	0
2418	117	0
2419	118	0
2420	114	0
2421	113	0
2422	113	0
2423	105	0
2424	111	0
2425	111	0
2426	114	0
2427	113	0
2428	119	0
2429	118	0
2430	113	0
2431	116	0
2432	116	0
2433	127	0
2434	109	0
2435	118	0
2436	127	0
2437	117	0
2438	123	0
2439	126	0
2440	114	0
2441	123	0
2442	124	0
2443	121	0
2444	113	0
2445	121	0
2446	117	0
2447	113	0
2448	111	0
2449	121	0
2450	119	0
2451	116	0
2452	119	0
2453	109	0
2454	107	0
2455	113	0
2456	121	0
2457	108	0
2458	114	0
2459	115	0
2460	105	0
2461	119	0
2462	100	0
2463	109	0
2464	107	0
2465	115	0
2466	118	0
2467	123	0
2468	111	0
2469	121	0
2470	107	0
2471	124	0
2472	117	0
2473	119	0
2474	126	0
2475	129	0
2476	129	0
2477	119	0
2478	118	0
2479	125	0
2480	116	0
2481	117	0
2482	117	0
2483	123	0
2484	113	0
2485	116	0
2486	117	0
2487	120	0
2488	114	0
2489	107	0
2490	117	0
2491	110	0
2492	112	0
2493	113	0
2494	117	0
2495	106	0
2496	105	0
2497	115	0
2498	119	0
2499	105	0
2500	115	0
2501	113	0
2502	109	0
2503	118	0
2504	115	0
2505	107	0
2506	107	0
2507	109	0
2508	107	0
2509	117	0
2510	111	0
2511	113	0
2512	119	0
2513	115	0
2514	114	0
2515	130	0
2516	129	0
2517	126	0
2518	119	0
2519	124	0
2520	115	0
2521	117	0
2522	121	0
2523	123	0
2524	129	0
2525	124	0
2526	110	0
2527	121	0
2528	123	0
2529	110	0
2530	109	0
2531	110	0
2532	120	0
2533	112	0
2534	121	0
2535	117	0
2536	105	0
2537	109	0
2538	107	0
2539	115	0
2540	105	0
2541	108	0
2542	108	0
2543	112	0
2544	117	0
2545	120	0
2546	111	0
2547	119	0
2548	119	0
2549	115	0
2550	125	0
2551	122	0
2552	119	0
2553	116	0
2554	121	0
2555	125	0
2556	121	0
2557	114	0
2558	125	0
2559	123	0
2560	133	0
2561	117	0
2562	121	0
2563	119	0
2564	119	0
2565	117	0
2566	123	0
2567	111	0
2568	119	0
2569	115	0
2570	119	0
2571	113	0
2572	118	0
2573	115	0
2574	119	0
2575	99	0
2576	113	0
2577	111	0
2578	107	0
2579	105	0
2580	111	0
2581	103	0
2582	121	0
2583	104	0
2584	109	0
2585	115	0
2586	110	0
2587	107	0
2588	113	0
2589	115	0
2590	109	0
2591	127	0
2592	121	0
2593	124	0
2594	126	0
2595	121	0
2596	124	0
2597	127	0
2598	127	0
2599	125	0
2600	119	0
2601	118	0
2602	128	0
2603	119	0
2604	114	0
2605	126	0
2606	119	0
2607	123	0
2608	111	0
2609	105	0
2610	116	0
2611	121	0
2612	111	0
2613	109	0
2614	113	0
2615	112	0
2616	108	0
2617	105	0
2618	110	0
2619	115	0
2620	99	0
2621	103	0
2622	104	0
2623	109	0
2624	109	0
2625	109	0
2626	117	0
2627	111	0
2628	109	0
2629	113	0
2630	116	0
2631	126	0
2632	118	0
2633	125	0
2634	123	0
2635	117	0
2636	125	0
2637	129	0
2638	123	0
2639	127	0
2640	128	0
2641	125	0
2642	130	0
2643	115	0
2644	128	0
2645	121	0
2646	121	0
2647	120	0
2648	112	0
2649	111	0
2650	117	0
2651	111	0
2652	109	0
2653	112	0
2654	107	0
2655	115	0
2656	110	0
2657	107	0
2658	102	0
2659	104	0
2660	105	0
2661	110	0
2662	109	0
2663	105	0
2664	108	0
2665	101	0
2666	107	0
2667	110	0
2668	117	0
2669	121	0
2670	124	0
2671	126	0
2672	119	0
2673	116	0
2674	127	0
2675	127	0
2676	127	0
2677	129	0
2678	124	0
2679	125	0
2680	127	0
2681	129	0
2682	126	0
2683	127	0
2684	124	0
2685	125	0
2686	120	0
2687	110	0
2688	114	0
2689	126	0
2690	113	0
2691	105	0
2692	101	0
2693	107	0
2694	101	0
2695	101	0
2696	100	0
2697	103	0
2698	99	0
2699	95	0
2700	109	0
2701	108	0
2702	105	0
2703	106	0
2704	108	0
2705	105	0
2706	116	0
2707	111	0
2708	109	0
2709	121	0
2710	116	0
2711	110	0
2712	121	0
2713	130	0
2714	132	0
2715	127	0
2716	131	0
2717	131	0
2718	134	0
2719	139	0
2720	125	0
2721	134	0
2722	127	0
2723	129	0
2724	127	0
2725	125	0
2726	123	0
2727	126	0
2728	115	0
2729	112	0
2730	113	0
2731	112	0
2732	113	0
2733	102	0
2734	109	0
2735	99	0
2736	104	0
2737	105	0
2738	113	0
2739	99	0
2740	104	0
2741	97	0
2742	105	0
2743	103	0
2744	107	0
2745	108	0
2746	109	0
2747	116	0
2748	118	0
2749	109	0
2750	125	0
2751	125	0
2752	118	0
2753	124	0
2754	130	0
2755	124	0
2756	119	0
2757	129	0
2758	127	0
2759	129	0
2760	125	0
2761	129	0
2762	124	0
2763	138	0
2764	121	0
2765	126	0
2766	121	0
2767	127	0
2768	126	0
2769	103	0
2770	105	0
2771	109	0
2772	110	0
2773	100	0
2774	108	0
2775	105	0
2776	100	0
2777	97	0
2778	102	0
2779	109	0
2780	98	0
2781	115	0
2782	105	0
2783	101	0
2784	103	0
2785	103	0
2786	109	0
2787	105	0
2788	115	0
2789	112	0
2790	122	0
2791	121	0
2792	126	0
2793	120	0
2794	131	0
2795	129	0
2796	132	0
2797	129	0
2798	135	0
2799	129	0
2800	128	0
2801	131	0
2802	131	0
2803	125	0
2804	118	0
2805	119	0
2806	127	0
2807	117	0
2808	117	0
2809	124	0
2810	107	0
2811	112	0
2812	112	0
2813	106	0
2814	113	0
2815	102	0
2816	104	0
2817	101	0
2818	92	0
2819	107	0
2820	94	0
2821	92	0
2822	102	0
2823	99	0
2824	104	0
2825	111	0
2826	121	0
2827	119	0
2828	116	0
2829	111	0
2830	118	0
2831	119	0
2832	120	0
2833	125	0
2834	126	0
2835	124	0
2836	135	0
2837	133	0
2838	129	0
2839	127	0
2840	139	0
2841	131	0
2842	127	0
2843	131	0
2844	123	0
2845	125	0
2846	126	0
2847	131	0
2848	119	0
2849	103	0
2850	110	0
2851	105	0
2852	104	0
2853	112	0
2854	97	0
2855	108	0
2856	107	0
2857	104	0
2858	92	0
2859	97	0
2860	97	0
2861	98	0
2862	101	0
2863	95	0
2864	114	0
2865	103	0
2866	108	0
2867	109	0
2868	115	0
2869	113	0
2870	118	0
2871	129	0
2872	119	0
2873	131	0
2874	127	0
2875	126	0
2876	127	0
2877	127	0
2878	131	0
2879	129	0
2880	129	0
2881	119	0
2882	123	0
2883	125	0
2884	126	0
2885	131	0
2886	117	0
2887	118	0
2888	117	0
2889	114	0
2890	121	0
2891	113	0
2892	107	0
2893	104	0
2894	97	0
2895	106	0
2896	105	0
2897	99	0
2898	99	0
2899	93	0
2900	110	0
2901	101	0
2902	112	0
2903	102	0
2904	105	0
2905	107	0
2906	118	0
2907	117	0
2908	112	0
2909	113	0
2910	121	0
2911	120	0
2912	125	0
2913	128	0
2914	125	0
2915	129	0
2916	136	0
2917	123	0
2918	125	0
2919	137	0
2920	128	0
2921	141	0
2922	125	0
2923	135	0
2924	121	0
2925	123	0
2926	126	0
2927	123	0
2928	110	0
2929	119	0
2930	111	0
2931	105	0
2932	105	0
2933	101	0
2934	103	0
2935	103	0
2936	95	0
2937	96	0
2938	94	0
2939	99	0
2940	101	0
2941	110	0
2942	102	0
2943	110	0
2944	103	0
2945	110	0
2946	107	0
2947	111	0
2948	119	0
2949	121	0
2950	119	0
2951	120	0
2952	126	0
2953	120	0
2954	131	0
2955	128	0
2956	115	0
2957	127	0
2958	121	0
2959	129	0
2960	127	0
2961	124	0
2962	129	0
2963	117	0
2964	126	0
2965	131	0
2966	125	0
2967	131	0
2968	124	0
2969	115	0
2970	108	0
2971	115	0
2972	104	0
2973	101	0
2974	113	0
2975	102	0
2976	97	0
2977	105	0
2978	108	0
2979	105	0
2980	113	0
2981	105	0
2982	112	0
2983	114	0
2984	116	0
2985	105	0
2986	110	0
2987	109	0
2988	117	0
2989	123	0
2990	121	0
2991	126	0
2992	130	0
2993	121	0
2994	119	0
2995	123	0
2996	132	0
2997	125	0
2998	131	0
2999	127	0
3000	123	0
3001	121	0
3002	122	0
3003	121	0
3004	126	0
3005	115	0
3006	121	0
3007	117	0
3008	110	0
3009	109	0
3010	114	0
3011	115	0
3012	105	0
3013	113	0
3014	113	0
3015	100	0
3016	102	0
3017	114	0
3018	101	0
3019	104	0
3020	103	0
3021	113	0
3022	109	0
3023	105	0
3024	102	0
3025	117	0
3026	119	0
3027	107	0
3028	117	0
3029	118	0
3030	117	0
3031	132	0
3032	124	0
3033	121	0
3034	127	0
3035	121	0
3036	139	0
3037	131	0
3038	134	0
3039	134	0
3040	125	0
3041	122	0
3042	126	0
3043	126	0
3044	121	0
3045	111	0
3046	113	0
3047	126	0
3048	127	0
3049	118	0
3050	117	0
3051	115	0
3052	109	0
3053	112	0
3054	109	0
3055	111	0
3056	113	0
3057	108	0
3058	108	0
3059	105	0
3060	111	0
3061	111	0
3062	108	0
3063	105	0
3064	107	0
3065	105	0
3066	105	0
3067	113	0
3068	113	0
3069	115	0
3070	115	0
3071	125	0
3072	121	0
3073	133	0
3074	131	0
3075	121	0
3076	127	0
3077	130	0
3078	118	0
3079	126	0
3080	121	0
3081	128	0
3082	118	0
3083	121	0
3084	125	0
3085	123	0
3086	122	0
3087	121	0
3088	111	0
3089	113	0
3090	109	0
3091	111	0
3092	105	0
3093	107	0
3094	102	0
3095	106	0
3096	117	0
3097	105	0
3098	106	0
3099	103	0
3100	104	0
3101	119	0
3102	107	0
3103	107	0
3104	107	0
3105	113	0
3106	113	0
3107	117	0
3108	115	0
3109	118	0
3110	124	0
3111	119	0
3112	132	0
3113	126	0
3114	133	0
3115	122	0
3116	125	0
3117	121	0
3118	132	0
3119	119	0
3120	126	0
3121	133	0
3122	127	0
3123	122	0
3124	127	0
3125	121	0
3126	116	0
3127	110	0
3128	115	0
3129	117	0
3130	115	0
3131	121	0
3132	117	0
3133	109	0
3134	110	0
3135	113	0
3136	104	0
3137	115	0
3138	108	0
3139	113	0
3140	101	0
3141	105	0
3142	109	0
3143	111	0
3144	111	0
3145	107	0
3146	111	0
3147	113	0
3148	127	0
3149	125	0
3150	125	0
3151	121	0
3152	123	0
3153	125	0
3154	117	0
3155	117	0
3156	129	0
3157	117	0
3158	131	0
3159	115	0
3160	112	0
3161	124	0
3162	133	0
3163	118	0
3164	116	0
3165	113	0
3166	120	0
3167	126	0
3168	116	0
3169	120	0
3170	118	0
3171	113	0
3172	115	0
3173	107	0
3174	117	0
3175	110	0
3176	116	0
3177	107	0
3178	105	0
3179	108	0
3180	106	0
3181	123	0
3182	105	0
3183	111	0
3184	107	0
3185	118	0
3186	115	0
3187	121	0
3188	117	0
3189	121	0
3190	121	0
3191	117	0
3192	113	0
3193	123	0
3194	121	0
3195	118	0
3196	119	0
3197	121	0
3198	114	0
3199	121	0
3200	115	0
3201	121	0
3202	133	0
3203	121	0
3204	125	0
3205	115	0
3206	118	0
3207	111	0
3208	125	0
3209	117	0
3210	113	0
3211	107	0
3212	115	0
3213	109	0
3214	116	0
3215	122	0
3216	109	0
3217	126	0
3218	109	0
3219	113	0
3220	115	0
3221	111	0
3222	110	0
3223	113	0
3224	110	0
3225	114	0
3226	119	0
3227	111	0
3228	111	0
3229	113	0
3230	117	0
3231	118	0
3232	117	0
3233	112	0
3234	121	0
3235	123	0
3236	124	0
3237	113	0
3238	113	0
3239	114	0
3240	125	0
3241	129	0
3242	133	0
3243	117	0
3244	110	0
3245	120	0
3246	118	0
3247	109	0
3248	116	0
3249	112	0
3250	117	0
3251	108	0
3252	109	0
3253	113	0
3254	120	0
3255	119	0
3256	110	0
3257	124	0
3258	105	0
3259	113	0
3260	119	0
3261	107	0
3262	105	0
3263	111	0
3264	103	0
3265	110	0
3266	113	0
3267	125	0
3268	121	0
3269	117	0
3270	105	0
3271	121	0
3272	118	0
3273	115	0
3274	115	0
3275	120	0
3276	122	0
3277	115	0
3278	127	0
3279	121	0
3280	117	0
3281	119	0
3282	117	0
3283	118	0
3284	113	0
3285	117	0
3286	117	0
3287	124	0
3288	116	0
3289	113	0
3290	124	0
3291	115	0
3292	119	0
3293	122	0
3294	113	0
3295	116	0
3296	115	0
3297	117	0
3298	116	0
3299	109	0
3300	121	0
3301	105	0
3302	110	0
3303	105	0
3304	112	0
3305	115	0
3306	121	0
3307	113	0
3308	111	0
3309	107	0
3310	122	0
3311	121	0
3312	110	0
3313	121	0
3314	118	0
3315	125	0
3316	119	0
3317	113	0
3318	134	0
3319	125	0
3320	121	0
3321	110	0
3322	125	0
3323	117	0
3324	113	0
3325	113	0
3326	118	0
3327	118	0
3328	119	0
3329	115	0
3330	129	0
3331	119	0
3332	110	0
3333	115	0
3334	110	0
3335	115	0
3336	113	0
3337	111	0
3338	109	0
3339	111	0
3340	105	0
3341	109	0
3342	113	0
3343	115	0
3344	110	0
3345	114	0
3346	123	0
3347	107	0
3348	123	0
3349	112	0
3350	115	0
3351	121	0
3352	120	0
3353	123	0
3354	116	0
3355	123	0
3356	124	0
3357	119	0
3358	117	0
3359	133	0
3360	119	0
3361	125	0
3362	121	0
3363	113	0
3364	125	0
3365	121	0
3366	119	0
3367	112	0
3368	109	0
3369	111	0
3370	115	0
3371	119	0
3372	122	0
3373	113	0
3374	106	0
3375	111	0
3376	113	0
3377	107	0
3378	108	0
3379	106	0
3380	105	0
3381	106	0
3382	105	0
3383	109	0
3384	112	0
3385	109	0
3386	119	0
3387	111	0
3388	125	0
3389	122	0
3390	122	0
3391	119	0
3392	123	0
3393	125	0
3394	130	0
3395	125	0
3396	120	0
3397	129	0
3398	123	0
3399	126	0
3400	124	0
3401	117	0
3402	126	0
3403	121	0
3404	125	0
3405	125	0
3406	117	0
3407	114	0
3408	115	0
3409	113	0
3410	117	0
3411	119	0
3412	113	0
3413	117	0
3414	109	0
3415	105	0
3416	103	0
3417	103	0
3418	105	0
3419	101	0
3420	109	0
3421	117	0
3422	113	0
3423	110	0
3424	101	0
3425	123	0
3426	106	0
3427	112	0
3428	101	0
3429	118	0
3430	115	0
3431	124	0
3432	118	0
3433	128	0
3434	130	0
3435	113	0
3436	130	0
3437	127	0
3438	126	0
3439	133	0
3440	125	0
3441	127	0
3442	127	0
3443	121	0
3444	129	0
3445	123	0
3446	110	0
3447	111	0
3448	123	0
3449	107	0
3450	107	0
3451	109	0
3452	117	0
3453	103	0
3454	113	0
3455	107	0
3456	104	0
3457	102	0
3458	110	0
3459	105	0
3460	104	0
3461	105	0
3462	112	0
3463	112	0
3464	105	0
3465	110	0
3466	105	0
3467	122	0
3468	115	0
3469	108	0
3470	114	0
3471	113	0
3472	116	0
3473	125	0
3474	121	0
3475	125	0
3476	127	0
3477	123	0
3478	129	0
3479	117	0
3480	126	0
3481	130	0
3482	138	0
3483	127	0
3484	123	0
3485	121	0
3486	129	0
3487	117	0
3488	114	0
3489	121	0
3490	123	0
3491	119	0
3492	105	0
3493	109	0
3494	105	0
3495	110	0
3496	103	0
3497	105	0
3498	105	0
3499	109	0
3500	105	0
3501	103	0
3502	108	0
3503	105	0
3504	107	0
3505	103	0
3506	105	0
3507	115	0
3508	111	0
3509	117	0
3510	123	0
3511	115	0
3512	126	0
3513	123	0
3514	119	0
3515	133	0
3516	128	0
3517	123	0
3518	121	0
3519	129	0
3520	129	0
3521	125	0
3522	133	0
3523	134	0
3524	121	0
3525	129	0
3526	125	0
3527	125	0
3528	105	0
3529	113	0
3530	115	0
3531	109	0
3532	119	0
3533	110	0
3534	103	0
3535	94	0
3536	95	0
3537	107	0
3538	111	0
3539	109	0
3540	108	0
3541	101	0
3542	104	0
3543	103	0
3544	114	0
3545	107	0
3546	110	0
3547	111	0
3548	111	0
3549	116	0
3550	115	0
3551	119	0
3552	116	0
3553	126	0
3554	130	0
3555	144	0
3556	129	0
3557	129	0
3558	129	0
3559	137	0
3560	134	0
3561	133	0
3562	135	0
3563	123	0
3564	126	0
3565	127	0
3566	111	0
3567	120	0
3568	120	0
3569	110	0
3570	109	0
3571	107	0
3572	101	0
3573	110	0
3574	114	0
3575	103	0
3576	101	0
3577	96	0
3578	98	0
3579	96	0
3580	105	0
3581	97	0
3582	100	0
3583	95	0
3584	109	0
3585	112	0
3586	109	0
3587	111	0
3588	123	0
3589	120	0
3590	123	0
3591	131	0
3592	124	0
3593	134	0
3594	126	0
3595	126	0
3596	136	0
3597	133	0
3598	127	0
3599	126	0
3600	138	0
3601	135	0
3602	137	0
3603	141	0
3604	130	0
3605	125	0
3606	115	0
3607	115	0
3608	118	0
3609	108	0
3610	103	0
3611	111	0
3612	112	0
3613	118	0
3614	101	0
3615	102	0
3616	105	0
3617	101	0
3618	96	0
3619	94	0
3620	104	0
3621	91	0
3622	107	0
3623	100	0
3624	99	0
3625	105	0
3626	103	0
3627	105	0
3628	109	0
3629	124	0
3630	113	0
3631	117	0
3632	125	0
3633	127	0
3634	117	0
3635	133	0
3636	133	0
3637	129	0
3638	129	0
3639	134	0
3640	134	0
3641	128	0
3642	125	0
3643	136	0
3644	117	0
3645	118	0
3646	128	0
3647	119	0
3648	128	0
3649	114	0
3650	111	0
3651	105	0
3652	113	0
3653	105	0
3654	107	0
3655	96	0
3656	95	0
3657	103	0
3658	107	0
3659	105	0
3660	111	0
3661	105	0
3662	109	0
3663	113	0
3664	104	0
3665	113	0
3666	110	0
3667	116	0
3668	120	0
3669	113	0
3670	129	0
3671	127	0
3672	129	0
3673	127	0
3674	129	0
3675	125	0
3676	125	0
3677	124	0
3678	127	0
3679	134	0
3680	130	0
3681	124	0
3682	132	0
3683	139	0
3684	119	0
3685	119	0
3686	122	0
3687	128	0
3688	125	0
3689	113	0
3690	113	0
3691	109	0
3692	99	0
3693	106	0
3694	103	0
3695	103	0
3696	105	0
3697	101	0
3698	99	0
3699	101	0
3700	103	0
3701	97	0
3702	105	0
3703	99	0
3704	107	0
3705	100	0
3706	107	0
3707	121	0
3708	117	0
3709	121	0
3710	121	0
3711	121	0
3712	121	0
3713	127	0
3714	125	0
3715	125	0
3716	137	0
3717	125	0
3718	133	0
3719	135	0
3720	134	0
3721	131	0
3722	137	0
3723	123	0
3724	123	0
3725	113	0
3726	122	0
3727	125	0
3728	129	0
3729	117	0
3730	113	0
3731	110	0
3732	112	0
3733	99	0
3734	109	0
3735	101	0
3736	103	0
3737	98	0
3738	104	0
3739	98	0
3740	107	0
3741	95	0
3742	101	0
3743	105	0
3744	111	0
3745	118	0
3746	102	0
3747	113	0
3748	129	0
3749	119	0
3750	109	0
3751	118	0
3752	121	0
3753	128	0
3754	123	0
3755	120	0
3756	132	0
3757	133	0
3758	125	0
3759	130	0
3760	133	0
3761	134	0
3762	127	0
3763	123	0
3764	129	0
3765	127	0
3766	121	0
3767	118	0
3768	126	0
3769	118	0
3770	118	0
3771	101	0
3772	109	0
3773	109	0
3774	119	0
3775	102	0
3776	107	0
3777	107	0
3778	99	0
3779	98	0
3780	97	0
3781	113	0
3782	102	0
3783	110	0
3784	105	0
3785	113	0
3786	114	0
3787	115	0
3788	120	0
3789	117	0
3790	115	0
3791	115	0
3792	112	0
3793	129	0
3794	129	0
3795	126	0
3796	127	0
3797	128	0
3798	129	0
3799	121	0
3800	125	0
3801	122	0
3802	119	0
3803	130	0
3804	121	0
3805	125	0
3806	121	0
3807	114	0
3808	116	0
3809	111	0
3810	114	0
3811	110	0
3812	113	0
3813	108	0
3814	110	0
3815	99	0
3816	102	0
3817	107	0
3818	104	0
3819	106	0
3820	103	0
3821	103	0
3822	102	0
3823	109	0
3824	112	0
3825	109	0
3826	105	0
3827	116	0
3828	117	0
3829	116	0
3830	118	0
3831	115	0
3832	114	0
3833	125	0
3834	124	0
3835	133	0
3836	121	0
3837	131	0
3838	132	0
3839	126	0
3840	121	0
3841	126	0
3842	134	0
3843	119	0
3844	120	0
3845	113	0
3846	117	0
3847	125	0
3848	117	0
3849	111	0
3850	121	0
3851	116	0
3852	111	0
3853	108	0
3854	113	0
3855	113	0
3856	95	0
3857	107	0
3858	117	0
3859	100	0
3860	107	0
3861	104	0
3862	116	0
3863	97	0
3864	108	0
3865	111	0
3866	114	0
3867	117	0
3868	108	0
3869	121	0
3870	125	0
3871	114	0
3872	125	0
3873	123	0
3874	132	0
3875	126	0
3876	127	0
3877	130	0
3878	133	0
3879	125	0
3880	123	0
3881	129	0
3882	122	0
3883	122	0
3884	119	0
3885	116	0
3886	125	0
3887	121	0
3888	112	0
3889	120	0
3890	113	0
3891	113	0
3892	100	0
3893	118	0
3894	105	0
3895	114	0
3896	113	0
3897	117	0
3898	105	0
3899	110	0
3900	111	0
3901	99	0
3902	104	0
3903	109	0
3904	107	0
3905	107	0
3906	110	0
3907	110	0
3908	117	0
3909	121	0
3910	111	0
3911	115	0
3912	118	0
3913	123	0
3914	127	0
3915	131	0
3916	123	0
3917	127	0
3918	119	0
3919	122	0
3920	130	0
3921	115	0
3922	123	0
3923	124	0
3924	117	0
3925	125	0
3926	110	0
3927	121	0
3928	106	0
3929	113	0
3930	126	0
3931	111	0
3932	104	0
3933	107	0
3934	113	0
3935	120	0
3936	113	0
3937	103	0
3938	111	0
3939	101	0
3940	114	0
3941	105	0
3942	109	0
3943	113	0
3944	118	0
3945	111	0
3946	102	0
3947	123	0
3948	113	0
3949	123	0
3950	109	0
3951	125	0
3952	109	0
3953	121	0
3954	131	0
3955	115	0
3956	129	0
3957	117	0
3958	119	0
3959	126	0
3960	126	0
3961	129	0
3962	129	0
3963	125	0
3964	119	0
3965	121	0
3966	124	0
3967	120	0
3968	120	0
3969	115	0
3970	110	0
3971	115	0
3972	113	0
3973	110	0
3974	123	0
3975	115	0
3976	106	0
3977	107	0
3978	105	0
3979	112	0
3980	109	0
3981	112	0
3982	102	0
3983	109	0
3984	115	0
3985	102	0
3986	114	0
3987	115	0
3988	113	0
3989	122	0
3990	124	0
3991	121	0
3992	121	0
3993	117	0
3994	127	0
3995	119	0
3996	112	0
3997	127	0
3998	109	0
3999	122	0
4000	129	0
4001	119	0
4002	131	0
4003	123	0
4004	123	0
4005	115	0
4006	126	0
4007	118	0
4008	113	0
4009	121	0
4010	115	0
4011	113	0
4012	113	0
4013	111	0
4014	109	0
4015	109	0
4016	105	0
4017	115	0
4018	117	0
4019	121	0
4020	111	0
4021	104	0
4022	111	0
4023	118	0
4024	111	0
4025	118	0
4026	115	0
4027	112	0
4028	119	0
4029	121	0
4030	120	0
4031	118	0
4032	123	0
4033	124	0
4034	115	0
4035	129	0
4036	115	0
4037	120	0
4038	121	0
4039	117	0
4040	126	0
4041	118	0
4042	119	0
4043	115	0
4044	124	0
4045	119	0
4046	118	0
4047	119	0
4048	119	0
4049	122	0
4050	114	0
4051	118	0
4052	115	0
4053	117	0
4054	111	0
4055	107	0
4056	112	0
4057	111	0
4058	115	0
4059	106	0
4060	121	0
4061	115	0
4062	121	0
4063	111	0
4064	114	0
4065	110	0
4066	113	0
4067	106	0
4068	115	0
4069	118	0
4070	127	0
4071	125	0
4072	107	0
4073	111	0
4074	123	0
4075	127	0
4076	128	0
4077	125	0
4078	123	0
4079	120	0
4080	127	0
4081	131	0
4082	129	0
4083	119	0
4084	121	0
4085	118	0
4086	123	0
4087	115	0
4088	119	0
4089	123	0
4090	123	0
4091	123	0
4092	119	0
4093	108	0
4094	106	0
4095	110	0
4096	104	0
4097	115	0
4098	127	0
4099	118	0
4100	113	0
4101	110	0
4102	113	0
4103	110	0
4104	115	0
4105	110	0
4106	111	0
4107	111	0
4108	123	0
4109	118	0
4110	120	0
4111	114	0
4112	107	0
4113	111	0
4114	124	0
4115	117	0
4116	111	0
4117	117	0
4118	118	0
4119	120	0
4120	111	0
4121	125	0
4122	119	0
4123	131	0
4124	117	0
4125	125	0
4126	118	0
4127	111	0
4128	121	0
4129	119	0
4130	115	0
4131	109	0
4132	120	0
4133	101	0
4134	105	0
4135	116	0
4136	99	0
4137	117	0
4138	109	0
4139	111	0
4140	106	0
4141	115	0
4142	119	0
4143	114	0
4144	114	0
4145	111	0
4146	109	0
4147	110	0
4148	113	0
4149	114	0
4150	127	0
4151	111	0
4152	119	0
4153	119	0
4154	114	0
4155	123	0
4156	123	0
4157	118	0
4158	125	0
4159	118	0
4160	115	0
4161	113	0
4162	116	0
4163	126	0
4164	123	0
4165	115	0
4166	119	0
4167	121	0
4168	118	0
4169	113	0
4170	109	0
4171	116	0
4172	109	0
4173	111	0
4174	112	0
4175	115	0
4176	117	0
4177	115	0
4178	109	0
4179	115	0
4180	103	0
4181	104	0
4182	110	0
4183	104	0
4184	113	0
4185	113	0
4186	109	0
4187	117	0
4188	118	0
4189	118	0
4190	115	0
4191	125	0
4192	113	0
4193	123	0
4194	126	0
4195	124	0
4196	126	0
4197	129	0
4198	128	0
4199	121	0
4200	131	0
4201	118	0
4202	118	0
4203	117	0
4204	121	0
4205	117	0
4206	113	0
4207	112	0
4208	117	0
4209	117	0
4210	111	0
4211	113	0
4212	112	0
4213	118	0
4214	107	0
4215	101	0
4216	111	0
4217	103	0
4218	113	0
4219	101	0
4220	105	0
4221	102	0
4222	113	0
4223	116	0
4224	109	0
4225	100	0
4226	116	0
4227	104	0
4228	115	0
4229	117	0
4230	123	0
4231	123	0
4232	126	0
4233	127	0
4234	120	0
4235	130	0
4236	127	0
4237	118	0
4238	121	0
4239	131	0
4240	125	0
4241	133	0
4242	127	0
4243	125	0
4244	119	0
4245	123	0
4246	125	0
4247	115	0
4248	109	0
4249	117	0
4250	115	0
4251	101	0
4252	109	0
4253	104	0
4254	111	0
4255	110	0
4256	106	0
4257	102	0
4258	108	0
4259	106	0
4260	103	0
4261	109	0
4262	105	0
4263	125	0
4264	121	0
4265	114	0
4266	105	0
4267	109	0
4268	113	0
4269	109	0
4270	119	0
4271	121	0
4272	115	0
4273	119	0
4274	123	0
4275	125	0
4276	119	0
4277	134	0
4278	121	0
4279	133	0
4280	131	0
4281	117	0
4282	121	0
4283	113	0
4284	121	0
4285	119	0
4286	119	0
4287	123	0
4288	119	0
4289	121	0
4290	117	0
4291	115	0
4292	107	0
4293	104	0
4294	100	0
4295	107	0
4296	111	0
4297	101	0
4298	103	0
4299	91	0
4300	105	0
4301	105	0
4302	109	0
4303	109	0
4304	113	0
4305	107	0
4306	113	0
4307	110	0
4308	116	0
4309	116	0
4310	123	0
4311	119	0
4312	127	0
4313	127	0
4314	125	0
4315	126	0
4316	131	0
4317	137	0
4318	123	0
4319	129	0
4320	133	0
4321	127	0
4322	132	0
4323	128	0
4324	119	0
4325	125	0
4326	130	0
4327	118	0
4328	121	0
4329	114	0
4330	117	0
4331	105	0
4332	107	0
4333	109	0
4334	107	0
4335	105	0
4336	105	0
4337	96	0
4338	99	0
4339	105	0
4340	112	0
4341	105	0
4342	109	0
4343	105	0
4344	103	0
4345	102	0
4346	111	0
4347	115	0
4348	117	0
4349	117	0
4350	121	0
4351	113	0
4352	125	0
4353	121	0
4354	126	0
4355	127	0
4356	137	0
4357	131	0
4358	129	0
4359	121	0
4360	135	0
4361	133	0
4362	128	0
4363	125	0
4364	121	0
4365	125	0
4366	114	0
4367	113	0
4368	121	0
4369	107	0
4370	105	0
4371	113	0
4372	97	0
4373	103	0
4374	100	0
4375	117	0
4376	103	0
4377	103	0
4378	101	0
4379	97	0
4380	101	0
4381	108	0
4382	101	0
4383	105	0
4384	105	0
4385	104	0
4386	109	0
4387	105	0
4388	109	0
4389	119	0
4390	121	0
4391	126	0
4392	129	0
4393	133	0
4394	129	0
4395	141	0
4396	131	0
4397	134	0
4398	127	0
4399	137	0
4400	127	0
4401	137	0
4402	133	0
4403	129	0
4404	127	0
4405	125	0
4406	118	0
4407	125	0
4408	115	0
4409	126	0
4410	115	0
4411	114	0
4412	104	0
4413	105	0
4414	96	0
4415	109	0
4416	104	0
4417	103	0
4418	104	0
4419	97	0
4420	97	0
4421	97	0
4422	113	0
4423	109	0
4424	113	0
4425	107	0
4426	118	0
4427	117	0
4428	117	0
4429	113	0
4430	116	0
4431	127	0
4432	118	0
4433	129	0
4434	131	0
4435	125	0
4436	134	0
4437	133	0
4438	137	0
4439	131	0
4440	131	0
4441	128	0
4442	127	0
4443	123	0
4444	123	0
4445	120	0
4446	127	0
4447	119	0
4448	117	0
4449	115	0
4450	114	0
4451	111	0
4452	108	0
4453	105	0
4454	107	0
4455	100	0
4456	111	0
4457	101	0
4458	101	0
4459	101	0
4460	98	0
4461	98	0
4462	101	0
4463	98	0
4464	112	0
4465	114	0
4466	115	0
4467	114	0
4468	119	0
4469	120	0
4470	119	0
4471	114	0
4472	123	0
4473	129	0
4474	132	0
4475	133	0
4476	129	0
4477	140	0
4478	128	0
4479	137	0
4480	127	0
4481	130	0
4482	139	0
4483	130	0
4484	133	0
4485	129	0
4486	123	0
4487	118	0
4488	115	0
4489	118	0
4490	111	0
4491	114	0
4492	111	0
4493	105	0
4494	94	0
4495	102	0
4496	95	0
4497	101	0
4498	97	0
4499	95	0
4500	97	0
4501	103	0
4502	103	0
4503	101	0
4504	106	0
4505	113	0
4506	107	0
4507	113	0
4508	120	0
4509	115	0
4510	117	0
4511	117	0
4512	123	0
4513	128	0
4514	124	0
4515	133	0
4516	139	0
4517	126	0
4518	135	0
4519	127	0
4520	137	0
4521	126	0
4522	130	0
4523	129	0
4524	131	0
4525	119	0
4526	121	0
4527	119	0
4528	116	0
4529	113	0
4530	113	0
4531	109	0
4532	110	0
4533	111	0
4534	102	0
4535	102	0
4536	102	0
4537	105	0
4538	105	0
4539	97	0
4540	104	0
4541	106	0
4542	95	0
4543	94	0
4544	106	0
4545	112	0
4546	115	0
4547	112	0
4548	118	0
4549	118	0
4550	113	0
4551	117	0
4552	118	0
4553	117	0
4554	132	0
4555	125	0
4556	129	0
4557	121	0
4558	133	0
4559	127	0
4560	129	0
4561	135	0
4562	123	0
4563	122	0
4564	122	0
4565	121	0
4566	125	0
4567	125	0
4568	113	0
4569	114	0
4570	105	0
4571	106	0
4572	105	0
4573	117	0
4574	113	0
4575	103	0
4576	103	0
4577	95	0
4578	98	0
4579	106	0
4580	101	0
4581	105	0
4582	107	0
4583	105	0
4584	109	0
4585	113	0
4586	109	0
4587	113	0
4588	115	0
4589	119	0
4590	113	0
4591	123	0
4592	124	0
4593	138	0
4594	121	0
4595	116	0
4596	122	0
4597	131	0
4598	125	0
4599	124	0
4600	125	0
4601	130	0
4602	121	0
4603	133	0
4604	121	0
4605	115	0
4606	121	0
4607	132	0
4608	113	0
4609	117	0
4610	121	0
4611	107	0
4612	111	0
4613	110	0
4614	113	0
4615	97	0
4616	101	0
4617	115	0
4618	106	0
4619	102	0
4620	101	0
4621	99	0
4622	101	0
4623	106	0
4624	105	0
4625	110	0
4626	103	0
4627	123	0
4628	111	0
4629	111	0
4630	121	0
4631	127	0
4632	117	0
4633	129	0
4634	120	0
4635	118	0
4636	127	0
4637	121	0
4638	126	0
4639	130	0
4640	131	0
4641	124	0
4642	129	0
4643	127	0
4644	121	0
4645	118	0
4646	123	0
4647	122	0
4648	104	0
4649	128	0
4650	112	0
4651	109	0
4652	109	0
4653	99	0
4654	109	0
4655	109	0
4656	110	0
4657	97	0
4658	103	0
4659	105	0
4660	113	0
4661	111	0
4662	107	0
4663	109	0
4664	100	0
4665	117	0
4666	121	0
4667	117	0
4668	120	0
4669	109	0
4670	129	0
4671	109	0
4672	121	0
4673	116	0
4674	121	0
4675	127	0
4676	129	0
4677	130	0
4678	120	0
4679	125	0
4680	121	0
4681	123	0
4682	119	0
4683	130	0
4684	121	0
4685	123	0
4686	120	0
4687	117	0
4688	123	0
4689	118	0
4690	115	0
4691	113	0
4692	99	0
4693	110	0
4694	115	0
4695	109	0
4696	101	0
4697	105	0
4698	109	0
4699	113	0
4700	103	0
4701	110	0
4702	113	0
4703	109	0
4704	117	0
4705	106	0
4706	117	0
4707	113	0
4708	109	0
4709	115	0
4710	117	0
4711	115	0
4712	117	0
4713	117	0
4714	123	0
4715	130	0
4716	117	0
4717	119	0
4718	118	0
4719	125	0
4720	131	0
4721	120	0
4722	125	0
4723	112	0
4724	128	0
4725	117	0
4726	125	0
4727	121	0
4728	119	0
4729	109	0
4730	114	0
4731	112	0
4732	107	0
4733	107	0
4734	106	0
4735	113	0
4736	113	0
4737	105	0
4738	95	0
4739	118	0
4740	102	0
4741	114	0
4742	107	0
4743	110	0
4744	111	0
4745	117	0
4746	115	0
4747	102	0
4748	121	0
4749	115	0
4750	115	0
4751	117	0
4752	128	0
4753	110	0
4754	124	0
4755	131	0
4756	127	0
4757	131	0
4758	120	0
4759	119	0
4760	125	0
4761	118	0
4762	123	0
4763	125	0
4764	116	0
4765	119	0
4766	118	0
4767	120	0
4768	107	0
4769	117	0
4770	123	0
4771	117	0
4772	113	0
4773	115	0
4774	110	0
4775	109	0
4776	119	0
4777	104	0
4778	109	0
4779	116	0
4780	109	0
4781	105	0
4782	107	0
4783	119	0
4784	116	0
4785	113	0
4786	109	0
4787	121	0
4788	117	0
4789	116	0
4790	111	0
4791	123	0
4792	121	0
4793	122	0
4794	125	0
4795	114	0
4796	122	0
4797	121	0
4798	125	0
4799	123	0
4800	123	0
4801	121	0
4802	117	0
4803	113	0
4804	119	0
4805	119	0
4806	113	0
4807	115	0
4808	124	0
4809	112	0
4810	113	0
4811	117	0
4812	113	0
4813	121	0
4814	107	0
4815	111	0
4816	113	0
4817	113	0
4818	113	0
4819	111	0
4820	109	0
4821	115	0
4822	113	0
4823	109	0
4824	125	0
4825	121	0
4826	125	0
4827	116	0
4828	115	0
4829	108	0
4830	121	0
4831	113	0
4832	115	0
4833	118	0
4834	124	0
4835	113	0
4836	127	0
4837	116	0
4838	118	0
4839	121	0
4840	123	0
4841	115	0
4842	117	0
4843	115	0
4844	117	0
4845	122	0
4846	110	0
4847	122	0
4848	115	0
4849	120	0
4850	113	0
4851	115	0
4852	112	0
4853	110	0
4854	110	0
4855	113	0
4856	109	0
4857	106	0
4858	120	0
4859	114	0
4860	109	0
4861	107	0
4862	112	0
4863	111	0
4864	109	0
4865	109	0
4866	115	0
4867	113	0
4868	122	0
4869	128	0
4870	124	0
4871	121	0
4872	115	0
4873	115	0
4874	129	0
4875	121	0
4876	121	0
4877	113	0
4878	118	0
4879	127	0
4880	121	0
4881	121	0
4882	120	0
4883	121	0
4884	122	0
4885	115	0
4886	119	0
4887	109	0
4888	115	0
4889	109	0
4890	112	0
4891	117	0
4892	110	0
4893	109	0
4894	118	0
4895	117	0
4896	111	0
4897	112	0
4898	111	0
4899	106	0
4900	113	0
4901	114	0
4902	103	0
4903	113	0
4904	109	0
4905	110	0
4906	113	0
4907	111	0
4908	114	0
4909	119	0
4910	116	0
4911	118	0
4912	118	0
4913	120	0
4914	109	0
4915	129	0
4916	130	0
4917	119	0
4918	116	0
4919	127	0
4920	119	0
4921	124	0
4922	117	0
4923	133	0
4924	129	0
4925	125	0
4926	121	0
4927	113	0
4928	119	0
4929	127	0
4930	109	0
4931	110	0
4932	121	0
4933	113	0
4934	110	0
4935	112	0
4936	112	0
4937	111	0
4938	110	0
4939	103	0
4940	112	0
4941	99	0
4942	109	0
4943	105	0
4944	121	0
4945	115	0
4946	109	0
4947	111	0
4948	117	0
4949	125	0
4950	113	0
4951	112	0
4952	113	0
4953	118	0
4954	118	0
4955	116	0
4956	122	0
4957	122	0
4958	121	0
4959	113	0
4960	119	0
4961	117	0
4962	120	0
4963	119	0
4964	125	0
4965	123	0
4966	124	0
4967	123	0
4968	120	0
4969	107	0
4970	130	0
4971	111	0
4972	115	0
4973	105	0
4974	107	0
4975	108	0
4976	115	0
4977	107	0
4978	105	0
4979	114	0
4980	103	0
4981	102	0
4982	114	0
4983	109	0
4984	118	0
4985	110	0
4986	119	0
4987	123	0
4988	113	0
4989	118	0
4990	123	0
4991	123	0
4992	119	0
4993	116	0
4994	119	0
4995	110	0
4996	123	0
4997	124	0
4998	134	0
4999	123	0
5000	124	0
5001	118	0
5002	121	0
5003	125	0
5004	115	0
5005	124	0
5006	109	0
5007	119	0
5008	117	0
5009	115	0
5010	115	0
5011	113	0
5012	111	0
5013	109	0
5014	115	0
5015	103	0
5016	109	0
5017	111	0
5018	113	0
5019	105	0
5020	106	0
5021	103	0
5022	105	0
5023	117	0
5024	107	0
5025	119	0
5026	109	0
5027	119	0
5028	106	0
5029	118	0
5030	122	0
5031	115	0
5032	110	0
5033	125	0
5034	114	0
5035	132	0
5036	121	0
5037	124	0
5038	124	0
5039	127	0
5040	127	0
5041	130	0
5042	120	0
5043	122	0
5044	123	0
5045	119	0
5046	114	0
5047	123	0
5048	111	0
5049	112	0
5050	110	0
5051	110	0
5052	105	0
5053	112	0
5054	113	0
5055	102	0
5056	113	0
5057	109	0
5058	117	0
5059	109	0
5060	112	0
5061	103	0
5062	108	0
5063	105	0
5064	114	0
5065	114	0
5066	118	0
5067	124	0
5068	109	0
5069	118	0
5070	119	0
5071	127	0
5072	131	0
5073	122	0
5074	135	0
5075	122	0
5076	133	0
5077	127	0
5078	133	0
5079	131	0
5080	129	0
5081	125	0
5082	123	0
5083	123	0
5084	123	0
5085	129	0
5086	117	0
5087	118	0
5088	115	0
5089	112	0
5090	111	0
5091	113	0
5092	105	0
5093	117	0
5094	115	0
5095	106	0
5096	107	0
5097	110	0
5098	111	0
5099	107	0
5100	105	0
5101	104	0
5102	108	0
5103	103	0
5104	111	0
5105	113	0
5106	109	0
5107	114	0
5108	107	0
5109	118	0
5110	110	0
5111	115	0
5112	127	0
5113	119	0
5114	125	0
5115	133	0
5116	119	0
5117	136	0
5118	129	0
5119	123	0
5120	123	0
5121	125	0
5122	123	0
5123	126	0
5124	121	0
5125	117	0
5126	120	0
5127	119	0
5128	116	0
5129	116	0
5130	110	0
5131	104	0
5132	113	0
5133	105	0
5134	101	0
5135	103	0
5136	112	0
5137	115	0
5138	107	0
5139	101	0
5140	107	0
5141	104	0
5142	91	0
5143	102	0
5144	105	0
5145	116	0
5146	109	0
5147	114	0
5148	110	0
5149	114	0
5150	112	0
5151	126	0
5152	124	0
5153	113	0
5154	124	0
5155	120	0
5156	129	0
5157	141	0
5158	132	0
5159	127	0
5160	129	0
5161	133	0
5162	123	0
5163	129	0
5164	136	0
5165	125	0
5166	120	0
5167	135	0
5168	113	0
5169	110	0
5170	113	0
5171	107	0
5172	99	0
5173	100	0
5174	106	0
5175	96	0
5176	97	0
5177	107	0
5178	99	0
5179	87	0
5180	105	0
5181	99	0
5182	102	0
5183	109	0
5184	103	0
5185	106	0
5186	103	0
5187	110	0
5188	106	0
5189	127	0
5190	111	0
5191	125	0
5192	133	0
5193	127	0
5194	129	0
5195	137	0
5196	130	0
5197	123	0
5198	139	0
5199	126	0
5200	131	0
5201	129	0
5202	129	0
5203	130	0
5204	123	0
5205	127	0
5206	118	0
5207	123	0
5208	113	0
5209	109	0
5210	116	0
5211	105	0
5212	111	0
5213	111	0
5214	104	0
5215	110	0
5216	95	0
5217	100	0
5218	105	0
5219	92	0
5220	103	0
5221	95	0
5222	93	0
5223	105	0
5224	103	0
5225	103	0
5226	116	0
5227	107	0
5228	112	0
5229	129	0
5230	119	0
5231	121	0
5232	121	0
5233	121	0
5234	125	0
5235	125	0
5236	129	0
5237	140	0
5238	128	0
5239	121	0
5240	129	0
5241	135	0
5242	119	0
5243	131	0
5244	138	0
5245	123	0
5246	129	0
5247	127	0
5248	121	0
5249	115	0
5250	106	0
5251	105	0
5252	109	0
5253	105	0
5254	105	0
5255	105	0
5256	99	0
5257	103	0
5258	99	0
5259	102	0
5260	98	0
5261	103	0
5262	95	0
5263	105	0
5264	101	0
5265	116	0
5266	105	0
5267	109	0
5268	112	0
5269	122	0
5270	120	0
5271	127	0
5272	128	0
5273	132	0
5274	126	0
5275	133	0
5276	123	0
5277	131	0
5278	133	0
5279	127	0
5280	129	0
5281	125	0
5282	136	0
5283	131	0
5284	127	0
5285	125	0
5286	119	0
5287	122	0
5288	125	0
5289	113	0
5290	113	0
5291	115	0
5292	110	0
5293	107	0
5294	107	0
5295	105	0
5296	115	0
5297	97	0
5298	103	0
5299	103	0
5300	109	0
5301	101	0
5302	113	0
5303	103	0
5304	111	0
5305	105	0
5306	107	0
5307	121	0
5308	111	0
5309	114	0
5310	126	0
5311	117	0
5312	127	0
5313	121	0
5314	131	0
5315	126	0
5316	127	0
5317	127	0
5318	124	0
5319	122	0
5320	137	0
5321	126	0
5322	125	0
5323	129	0
5324	126	0
5325	119	0
5326	121	0
5327	121	0
5328	111	0
5329	115	0
5330	112	0
5331	112	0
5332	111	0
5333	105	0
5334	93	0
5335	99	0
5336	105	0
5337	105	0
5338	93	0
5339	97	0
5340	97	0
5341	106	0
5342	107	0
5343	102	0
5344	106	0
5345	111	0
5346	119	0
5347	113	0
5348	116	0
5349	120	0
5350	115	0
5351	121	0
5352	126	0
5353	125	0
5354	131	0
5355	130	0
5356	129	0
5357	133	0
5358	123	0
5359	132	0
5360	129	0
5361	122	0
5362	127	0
5363	131	0
5364	119	0
5365	122	0
5366	122	0
5367	123	0
5368	114	0
5369	118	0
5370	109	0
5371	111	0
5372	111	0
5373	102	0
5374	92	0
5375	109	0
5376	111	0
5377	103	0
5378	106	0
5379	98	0
5380	110	0
5381	101	0
5382	111	0
5383	99	0
5384	114	0
5385	109	0
5386	107	0
5387	122	0
5388	116	0
5389	121	0
5390	113	0
5391	127	0
5392	115	0
5393	121	0
5394	133	0
5395	120	0
5396	129	0
5397	135	0
5398	127	0
5399	129	0
5400	131	0
5401	130	0
5402	119	0
5403	126	0
5404	121	0
5405	127	0
5406	122	0
5407	113	0
5408	111	0
5409	113	0
5410	122	0
5411	119	0
5412	111	0
5413	111	0
5414	108	0
5415	107	0
5416	97	0
5417	108	0
5418	99	0
5419	105	0
5420	104	0
5421	101	0
5422	101	0
5423	109	0
5424	109	0
5425	112	0
5426	118	0
5427	118	0
5428	111	0
5429	116	0
5430	109	0
5431	119	0
5432	137	0
5433	129	0
5434	125	0
5435	123	0
5436	121	0
5437	126	0
5438	129	0
5439	130	0
5440	124	0
5441	125	0
5442	123	0
5443	131	0
5444	129	0
5445	125	0
5446	115	0
5447	123	0
5448	129	0
5449	114	0
5450	113	0
5451	111	0
5452	119	0
5453	107	0
5454	105	0
5455	111	0
5456	98	0
5457	108	0
5458	105	0
5459	103	0
5460	99	0
5461	110	0
5462	101	0
5463	121	0
5464	118	0
5465	117	0
5466	117	0
5467	114	0
5468	115	0
5469	113	0
5470	127	0
5471	119	0
5472	120	0
5473	123	0
5474	121	0
5475	117	0
5476	121	0
5477	122	0
5478	123	0
5479	121	0
5480	125	0
5481	126	0
5482	132	0
5483	118	0
5484	128	0
5485	119	0
5486	114	0
5487	109	0
5488	124	0
5489	117	0
5490	109	0
5491	117	0
5492	108	0
5493	112	0
5494	99	0
5495	107	0
5496	105	0
5497	117	0
5498	102	0
5499	103	0
5500	115	0
5501	110	0
5502	101	0
5503	115	0
5504	101	0
5505	116	0
5506	115	0
5507	121	0
5508	107	0
5509	117	0
5510	122	0
5511	130	0
5512	123	0
5513	127	0
5514	122	0
5515	126	0
5516	126	0
5517	119	0
5518	117	0
5519	127	0
5520	125	0
5521	126	0
5522	131	0
5523	120	0
5524	122	0
5525	123	0
5526	127	0
5527	117	0
5528	119	0
5529	117	0
5530	113	0
5531	116	0
5532	114	0
5533	103	0
5534	108	0
5535	111	0
5536	106	0
5537	115	0
5538	118	0
5539	103	0
5540	109	0
5541	117	0
5542	106	0
5543	110	0
5544	117	0
5545	121	0
5546	109	0
5547	113	0
5548	119	0
5549	124	0
5550	121	0
5551	109	0
5552	117	0
5553	125	0
5554	127	0
5555	127	0
5556	120	0
5557	129	0
5558	121	0
5559	129	0
5560	111	0
5561	110	0
5562	133	0
5563	119	0
5564	115	0
5565	124	0
5566	121	0
5567	123	0
5568	121	0
5569	112	0
5570	113	0
5571	118	0
5572	108	0
5573	107	0
5574	110	0
5575	115	0
5576	109	0
5577	107	0
5578	121	0
5579	111	0
5580	111	0
5581	119	0
5582	106	0
5583	117	0
5584	117	0
5585	121	0
5586	115	0
5587	112	0
5588	111	0
5589	119	0
5590	111	0
5591	113	0
5592	122	0
5593	125	0
5594	117	0
5595	125	0
5596	117	0
5597	121	0
5598	121	0
5599	117	0
5600	121	0
5601	121	0
5602	125	0
5603	113	0
5604	123	0
5605	121	0
5606	115	0
5607	111	0
5608	115	0
5609	118	0
5610	113	0
5611	113	0
5612	107	0
5613	107	0
5614	111	0
5615	106	0
5616	112	0
5617	120	0
5618	110	0
5619	113	0
5620	121	0
5621	115	0
5622	115	0
5623	119	0
5624	115	0
5625	105	0
5626	116	0
5627	118	0
5628	115	0
5629	129	0
5630	113	0
5631	125	0
5632	123	0
5633	127	0
5634	127	0
5635	126	0
5636	121	0
5637	120	0
5638	119	0
5639	117	0
5640	124	0
5641	125	0
5642	121	0
5643	117	0
5644	125	0
5645	115	0
5646	116	0
5647	111	0
5648	120	0
5649	114	0
5650	105	0
5651	106	0
5652	118	0
5653	113	0
5654	105	0
5655	110	0
5656	112	0
5657	117	0
5658	109	0
5659	105	0
5660	113	0
5661	104	0
5662	113	0
5663	113	0
5664	111	0
5665	106	0
5666	105	0
5667	117	0
5668	121	0
5669	121	0
5670	119	0
5671	111	0
5672	124	0
5673	130	0
5674	133	0
5675	108	0
5676	121	0
5677	116	0
5678	123	0
5679	123	0
5680	118	0
5681	126	0
5682	125	0
5683	123	0
5684	117	0
5685	122	0
5686	119	0
5687	117	0
5688	115	0
5689	113	0
5690	119	0
5691	113	0
5692	114	0
5693	109	0
5694	118	0
5695	109	0
5696	103	0
5697	111	0
5698	108	0
5699	105	0
5700	110	0
5701	104	0
5702	117	0
5703	108	0
5704	109	0
5705	113	0
5706	121	0
5707	113	0
5708	123	0
5709	113	0
5710	123	0
5711	122	0
5712	111	0
5713	123	0
5714	118	0
5715	119	0
5716	117	0
5717	124	0
5718	117	0
5719	123	0
5720	118	0
5721	131	0
5722	121	0
5723	121	0
5724	115	0
5725	117	0
5726	113	0
5727	117	0
5728	117	0
5729	113	0
5730	120	0
5731	111	0
5732	115	0
5733	115	0
5734	112	0
5735	105	0
5736	107	0
5737	115	0
5738	112	0
5739	109	0
5740	109	0
5741	121	0
5742	107	0
5743	105	0
5744	113	0
5745	113	0
5746	117	0
5747	113	0
5748	105	0
5749	114	0
5750	120	0
5751	111	0
5752	125	0
5753	127	0
5754	118	0
5755	122	0
5756	125	0
5757	123	0
5758	121	0
5759	118	0
5760	126	0
5761	114	0
5762	111	0
5763	121	0
5764	115	0
5765	119	0
5766	123	0
5767	126	0
5768	122	0
5769	105	0
5770	113	0
5771	123	0
5772	109	0
5773	109	0
5774	107	0
5775	115	0
5776	105	0
5777	106	0
5778	111	0
5779	112	0
5780	108	0
5781	117	0
5782	107	0
5783	113	0
5784	113	0
5785	107	0
5786	109	0
5787	113	0
5788	117	0
5789	124	0
5790	114	0
5791	120	0
5792	121	0
5793	118	0
5794	122	0
5795	117	0
5796	117	0
5797	129	0
5798	119	0
5799	121	0
5800	115	0
5801	127	0
5802	121	0
5803	125	0
5804	121	0
5805	121	0
5806	125	0
5807	113	0
5808	122	0
5809	115	0
5810	107	0
5811	108	0
5812	107	0
5813	116	0
5814	104	0
5815	107	0
5816	119	0
5817	111	0
5818	110	0
5819	101	0
5820	99	0
5821	107	0
5822	105	0
5823	115	0
5824	105	0
5825	110	0
5826	105	0
5827	115	0
5828	118	0
5829	111	0
5830	117	0
5831	124	0
5832	121	0
5833	121	0
5834	134	0
5835	119	0
5836	121	0
5837	125	0
5838	131	0
5839	134	0
5840	131	0
5841	135	0
5842	135	0
5843	125	0
5844	126	0
5845	118	0
5846	129	0
5847	123	0
5848	116	0
5849	125	0
5850	123	0
5851	112	0
5852	119	0
5853	113	0
5854	105	0
5855	102	0
5856	115	0
5857	114	0
5858	114	0
5859	109	0
5860	109	0
5861	105	0
5862	97	0
5863	99	0
5864	113	0
5865	111	0
5866	113	0
5867	113	0
5868	109	0
5869	120	0
5870	111	0
5871	123	0
5872	121	0
5873	115	0
5874	118	0
5875	121	0
5876	119	0
5877	129	0
5878	117	0
5879	123	0
5880	123	0
5881	126	0
5882	126	0
5883	120	0
5884	122	0
5885	117	0
5886	119	0
5887	125	0
5888	118	0
5889	113	0
5890	111	0
5891	111	0
5892	99	0
5893	101	0
5894	103	0
5895	117	0
5896	103	0
5897	107	0
5898	105	0
5899	105	0
5900	111	0
5901	112	0
5902	104	0
5903	116	0
5904	111	0
5905	115	0
5906	105	0
5907	117	0
5908	113	0
5909	125	0
5910	113	0
5911	123	0
5912	119	0
5913	115	0
5914	133	0
5915	133	0
5916	137	0
5917	124	0
5918	127	0
5919	131	0
5920	129	0
5921	137	0
5922	123	0
5923	135	0
5924	117	0
5925	122	0
5926	127	0
5927	117	0
5928	119	0
5929	119	0
5930	116	0
5931	121	0
5932	113	0
5933	108	0
5934	105	0
5935	105	0
5936	102	0
5937	105	0
5938	105	0
5939	103	0
5940	98	0
5941	107	0
5942	102	0
5943	113	0
5944	117	0
5945	112	0
5946	108	0
5947	113	0
5948	115	0
5949	129	0
5950	117	0
5951	123	0
5952	123	0
5953	115	0
5954	138	0
5955	129	0
5956	121	0
5957	126	0
5958	133	0
5959	125	0
5960	126	0
5961	123	0
5962	123	0
5963	129	0
5964	132	0
5965	118	0
5966	112	0
5967	119	0
5968	123	0
5969	117	0
5970	117	0
5971	115	0
5972	109	0
5973	106	0
5974	97	0
5975	101	0
5976	99	0
5977	107	0
5978	109	0
5979	99	0
5980	92	0
5981	105	0
5982	103	0
5983	111	0
5984	107	0
5985	97	0
5986	109	0
5987	111	0
5988	115	0
5989	116	0
5990	115	0
5991	122	0
5992	127	0
5993	117	0
5994	128	0
5995	125	0
5996	136	0
5997	133	0
5998	128	0
5999	135	0
6000	127	0
6001	133	0
6002	132	0
6003	136	0
6004	129	0
6005	123	0
6006	119	0
6007	127	0
6008	115	0
6009	108	0
6010	113	0
6011	113	0
6012	109	0
6013	107	0
6014	99	0
6015	97	0
6016	108	0
6017	97	0
6018	112	0
6019	97	0
6020	95	0
6021	99	0
6022	106	0
6023	105	0
6024	109	0
6025	115	0
6026	103	0
6027	105	0
6028	120	0
6029	117	0
6030	121	0
6031	119	0
6032	119	0
6033	137	0
6034	129	0
6035	123	0
6036	135	0
6037	127	0
6038	141	0
6039	127	0
6040	132	0
6041	133	0
6042	126	0
6043	127	0
6044	130	0
6045	121	0
6046	123	0
6047	125	0
6048	121	0
6049	110	0
6050	122	0
6051	108	0
6052	105	0
6053	111	0
6054	98	0
6055	101	0
6056	95	0
6057	102	0
6058	93	0
6059	97	0
6060	102	0
6061	98	0
6062	105	0
6063	105	0
6064	101	0
6065	105	0
6066	113	0
6067	113	0
6068	123	0
6069	122	0
6070	125	0
6071	124	0
6072	123	0
6073	128	0
6074	132	0
6075	123	0
6076	131	0
6077	131	0
6078	133	0
6079	139	0
6080	125	0
6081	127	0
6082	121	0
6083	127	0
6084	133	0
6085	129	0
6086	115	0
6087	115	0
6088	115	0
6089	115	0
6090	117	0
6091	109	0
6092	107	0
6093	106	0
6094	99	0
6095	103	0
6096	98	0
6097	93	0
6098	105	0
6099	101	0
6100	108	0
6101	111	0
6102	101	0
6103	93	0
6104	108	0
6105	107	0
6106	114	0
6107	114	0
6108	116	0
6109	115	0
6110	116	0
6111	115	0
6112	123	0
6113	127	0
6114	123	0
6115	130	0
6116	135	0
6117	121	0
6118	125	0
6119	138	0
6120	127	0
6121	125	0
6122	134	0
6123	132	0
6124	127	0
6125	122	0
6126	117	0
6127	121	0
6128	115	0
6129	124	0
6130	117	0
6131	117	0
6132	109	0
6133	107	0
6134	97	0
6135	97	0
6136	111	0
6137	97	0
6138	105	0
6139	111	0
6140	109	0
6141	109	0
6142	106	0
6143	109	0
6144	99	0
6145	104	0
6146	123	0
6147	111	0
6148	121	0
6149	125	0
6150	110	0
6151	121	0
6152	122	0
6153	128	0
6154	134	0
6155	121	0
6156	125	0
6157	118	0
6158	137	0
6159	127	0
6160	125	0
6161	133	0
6162	121	0
6163	123	0
6164	125	0
6165	130	0
6166	126	0
6167	131	0
6168	121	0
6169	122	0
6170	111	0
6171	109	0
6172	102	0
6173	117	0
6174	99	0
6175	100	0
6176	104	0
6177	98	0
6178	110	0
6179	102	0
6180	105	0
6181	97	0
6182	108	0
6183	99	0
6184	96	0
6185	107	0
6186	109	0
6187	115	0
6188	119	0
6189	113	0
6190	118	0
6191	123	0
6192	124	0
6193	127	0
6194	127	0
6195	131	0
6196	138	0
6197	127	0
6198	129	0
6199	123	0
6200	138	0
6201	131	0
6202	129	0
6203	131	0
6204	131	0
6205	125	0
6206	123	0
6207	121	0
6208	123	0
6209	120	0
6210	115	0
6211	121	0
6212	111	0
6213	125	0
6214	105	0
6215	109	0
6216	104	0
6217	97	0
6218	99	0
6219	95	0
6220	99	0
6221	104	0
6222	107	0
6223	116	0
6224	109	0
6225	113	0
6226	108	0
6227	110	0
6228	113	0
6229	122	0
6230	115	0
6231	121	0
6232	113	0
6233	125	0
6234	123	0
6235	127	0
6236	129	0
6237	125	0
6238	132	0
6239	139	0
6240	129	0
6241	133	0
6242	116	0
6243	123	0
6244	126	0
6245	113	0
6246	123	0
6247	121	0
6248	125	0
6249	122	0
6250	117	0
6251	115	0
6252	113	0
6253	111	0
6254	110	0
6255	111	0
6256	113	0
6257	103	0
6258	109	0
6259	101	0
6260	106	0
6261	112	0
6262	116	0
6263	105	0
6264	113	0
6265	108	0
6266	107	0
6267	111	0
6268	104	0
6269	117	0
6270	117	0
6271	113	0
6272	127	0
6273	119	0
6274	126	0
6275	113	0
6276	120	0
6277	123	0
6278	114	0
6279	121	0
6280	121	0
6281	123	0
6282	121	0
6283	125	0
6284	121	0
6285	118	0
6286	119	0
6287	115	0
6288	109	0
6289	111	0
6290	113	0
6291	117	0
6292	115	0
6293	117	0
6294	112	0
6295	116	0
6296	102	0
6297	113	0
6298	111	0
6299	109	0
6300	109	0
6301	105	0
6302	110	0
6303	108	0
6304	111	0
6305	113	0
6306	111	0
6307	110	0
6308	107	0
6309	114	0
6310	115	0
6311	119	0
6312	121	0
6313	125	0
6314	115	0
6315	124	0
6316	123	0
6317	124	0
6318	130	0
6319	128	0
6320	118	0
6321	127	0
6322	118	0
6323	120	0
6324	119	0
6325	118	0
6326	115	0
6327	125	0
6328	112	0
6329	109	0
6330	117	0
6331	121	0
6332	103	0
6333	113	0
6334	109	0
6335	105	0
6336	115	0
6337	104	0
6338	106	0
6339	107	0
6340	111	0
6341	102	0
6342	109	0
6343	107	0
6344	111	0
6345	113	0
6346	114	0
6347	111	0
6348	123	0
6349	120	0
6350	115	0
6351	111	0
6352	119	0
6353	124	0
6354	123	0
6355	121	0
6356	122	0
6357	118	0
6358	124	0
6359	123	0
6360	126	0
6361	127	0
6362	115	0
6363	121	0
6364	122	0
6365	124	0
6366	110	0
6367	135	0
6368	123	0
6369	125	0
6370	115	0
6371	121	0
6372	114	0
6373	109	0
6374	104	0
6375	110	0
6376	118	0
6377	109	0
6378	119	0
6379	113	0
6380	109	0
6381	113	0
6382	108	0
6383	109	0
6384	109	0
6385	121	0
6386	110	0
6387	121	0
6388	115	0
6389	126	0
6390	114	0
6391	126	0
6392	121	0
6393	120	0
6394	123	0
6395	125	0
6396	121	0
6397	126	0
6398	130	0
6399	115	0
6400	127	0
6401	121	0
6402	121	0
6403	123	0
6404	124	0
6405	125	0
6406	117	0
6407	115	0
6408	113	0
6409	117	0
6410	117	0
6411	126	0
6412	113	0
6413	111	0
6414	113	0
6415	110	0
6416	120	0
6417	100	0
6418	107	0
6419	113	0
6420	105	0
6421	121	0
6422	113	0
6423	105	0
6424	112	0
6425	114	0
6426	107	0
6427	112	0
6428	119	0
6429	120	0
6430	122	0
6431	107	0
6432	121	0
6433	121	0
6434	113	0
6435	115	0
6436	124	0
6437	115	0
6438	125	0
6439	127	0
6440	123	0
6441	119	0
6442	115	0
6443	115	0
6444	125	0
6445	111	0
6446	117	0
6447	119	0
6448	119	0
6449	112	0
6450	123	0
6451	114	0
6452	109	0
6453	109	0
6454	105	0
6455	110	0
6456	110	0
6457	109	0
6458	118	0
6459	107	0
6460	109	0
6461	125	0
6462	112	0
6463	111	0
6464	119	0
6465	113	0
6466	113	0
6467	103	0
6468	121	0
6469	121	0
6470	114	0
6471	122	0
6472	114	0
6473	117	0
6474	119	0
6475	118	0
6476	113	0
6477	115	0
6478	126	0
6479	123	0
6480	115	0
6481	122	0
6482	115	0
6483	128	0
6484	123	0
6485	115	0
6486	123	0
6487	113	0
6488	115	0
6489	121	0
6490	117	0
6491	123	0
6492	115	0
6493	118	0
6494	105	0
6495	111	0
6496	109	0
6497	106	0
6498	109	0
6499	117	0
6500	116	0
6501	115	0
6502	111	0
6503	117	0
6504	111	0
6505	113	0
6506	117	0
6507	121	0
6508	118	0
6509	121	0
6510	117	0
6511	117	0
6512	125	0
6513	110	0
6514	111	0
6515	131	0
6516	118	0
6517	123	0
6518	113	0
6519	125	0
6520	118	0
6521	131	0
6522	127	0
6523	133	0
6524	129	0
6525	123	0
6526	123	0
6527	121	0
6528	112	0
6529	117	0
6530	115	0
6531	115	0
6532	113	0
6533	106	0
6534	107	0
6535	111	0
6536	113	0
6537	105	0
6538	119	0
6539	106	0
6540	107	0
6541	109	0
6542	117	0
6543	115	0
6544	121	0
6545	111	0
6546	123	0
6547	126	0
6548	123	0
6549	125	0
6550	127	0
6551	112	0
6552	125	0
6553	118	0
6554	125	0
6555	111	0
6556	123	0
6557	125	0
6558	120	0
6559	127	0
6560	125	0
6561	128	0
6562	121	0
6563	120	0
6564	118	0
6565	126	0
6566	123	0
6567	121	0
6568	117	0
6569	126	0
6570	116	0
6571	115	0
6572	113	0
6573	110	0
6574	111	0
6575	101	0
6576	114	0
6577	109	0
6578	102	0
6579	107	0
6580	111	0
6581	113	0
6582	105	0
6583	109	0
6584	109	0
6585	111	0
6586	117	0
6587	115	0
6588	113	0
6589	111	0
6590	130	0
6591	119	0
6592	117	0
6593	124	0
6594	131	0
6595	115	0
6596	127	0
6597	124	0
6598	118	0
6599	125	0
6600	133	0
6601	123	0
6602	116	0
6603	123	0
6604	123	0
6605	110	0
6606	118	0
6607	113	0
6608	124	0
6609	118	0
6610	117	0
6611	115	0
6612	113	0
6613	109	0
6614	110	0
6615	102	0
6616	107	0
6617	110	0
6618	106	0
6619	121	0
6620	107	0
6621	101	0
6622	111	0
6623	109	0
6624	111	0
6625	113	0
6626	115	0
6627	116	0
6628	112	0
6629	111	0
6630	117	0
6631	118	0
6632	125	0
6633	123	0
6634	127	0
6635	116	0
6636	127	0
6637	129	0
6638	124	0
6639	126	0
6640	117	0
6641	129	0
6642	125	0
6643	121	0
6644	125	0
6645	125	0
6646	129	0
6647	124	0
6648	121	0
6649	119	0
6650	110	0
6651	111	0
6652	112	0
6653	116	0
6654	109	0
6655	115	0
6656	105	0
6657	103	0
6658	104	0
6659	99	0
6660	105	0
6661	105	0
6662	114	0
6663	111	0
6664	106	0
6665	112	0
6666	115	0
6667	111	0
6668	117	0
6669	123	0
6670	109	0
6671	118	0
6672	127	0
6673	126	0
6674	134	0
6675	129	0
6676	136	0
6677	129	0
6678	126	0
6679	133	0
6680	124	0
6681	127	0
6682	123	0
6683	124	0
6684	121	0
6685	119	0
6686	121	0
6687	115	0
6688	119	0
6689	116	0
6690	109	0
6691	107	0
6692	117	0
6693	113	0
6694	111	0
6695	113	0
6696	110	0
6697	97	0
6698	101	0
6699	95	0
6700	102	0
6701	113	0
6702	105	0
6703	117	0
6704	115	0
6705	103	0
6706	123	0
6707	115	0
6708	123	0
6709	116	0
6710	117	0
6711	126	0
6712	125	0
6713	121	0
6714	122	0
6715	131	0
6716	123	0
6717	129	0
6718	121	0
6719	121	0
6720	125	0
6721	127	0
6722	119	0
6723	131	0
6724	118	0
6725	125	0
6726	123	0
6727	111	0
6728	115	0
6729	108	0
6730	115	0
6731	104	0
6732	109	0
6733	107	0
6734	105	0
6735	99	0
6736	105	0
6737	103	0
6738	105	0
6739	95	0
6740	110	0
6741	107	0
6742	99	0
6743	105	0
6744	106	0
6745	109	0
6746	115	0
6747	117	0
6748	117	0
6749	122	0
6750	109	0
6751	125	0
6752	137	0
6753	123	0
6754	121	0
6755	128	0
6756	124	0
6757	137	0
6758	127	0
6759	133	0
6760	133	0
6761	123	0
6762	126	0
6763	127	0
6764	133	0
6765	134	0
6766	121	0
6767	112	0
6768	118	0
6769	113	0
6770	118	0
6771	116	0
6772	104	0
6773	103	0
6774	114	0
6775	105	0
6776	97	0
6777	102	0
6778	101	0
6779	100	0
6780	100	0
6781	95	0
6782	109	0
6783	110	0
6784	109	0
6785	111	0
6786	113	0
6787	115	0
6788	111	0
6789	121	0
6790	115	0
6791	123	0
6792	121	0
6793	125	0
6794	136	0
6795	121	0
6796	123	0
6797	132	0
6798	132	0
6799	133	0
6800	131	0
6801	128	0
6802	132	0
6803	133	0
6804	118	0
6805	115	0
6806	119	0
6807	116	0
6808	122	0
6809	119	0
6810	115	0
6811	118	0
6812	103	0
6813	105	0
6814	95	0
6815	97	0
6816	98	0
6817	99	0
6818	96	0
6819	96	0
6820	97	0
6821	96	0
6822	101	0
6823	100	0
6824	107	0
6825	105	0
6826	101	0
6827	111	0
6828	113	0
6829	126	0
6830	125	0
6831	127	0
6832	119	0
6833	121	0
6834	129	0
6835	126	0
6836	127	0
6837	143	0
6838	131	0
6839	135	0
6840	136	0
6841	129	0
6842	125	0
6843	129	0
6844	126	0
6845	135	0
6846	123	0
6847	117	0
6848	123	0
6849	111	0
6850	106	0
6851	109	0
6852	111	0
6853	102	0
6854	109	0
6855	95	0
6856	87	0
6857	97	0
6858	94	0
6859	99	0
6860	103	0
6861	99	0
6862	116	0
6863	105	0
6864	106	0
6865	108	0
6866	124	0
6867	111	0
6868	121	0
6869	117	0
6870	126	0
6871	132	0
6872	121	0
6873	121	0
6874	129	0
6875	130	0
6876	126	0
6877	141	0
6878	141	0
6879	130	0
6880	137	0
6881	131	0
6882	123	0
6883	127	0
6884	123	0
6885	122	0
6886	119	0
6887	120	0
6888	121	0
6889	117	0
6890	110	0
6891	117	0
6892	110	0
6893	113	0
6894	102	0
6895	104	0
6896	96	0
6897	98	0
6898	105	0
6899	109	0
6900	109	0
6901	95	0
6902	95	0
6903	101	0
6904	111	0
6905	107	0
6906	117	0
6907	111	0
6908	112	0
6909	117	0
6910	119	0
6911	121	0
6912	117	0
6913	127	0
6914	123	0
6915	127	0
6916	133	0
6917	131	0
6918	137	0
6919	135	0
6920	127	0
6921	133	0
6922	131	0
6923	139	0
6924	134	0
6925	129	0
6926	121	0
6927	122	0
6928	115	0
6929	121	0
6930	112	0
6931	105	0
6932	106	0
6933	110	0
6934	110	0
6935	91	0
6936	102	0
6937	95	0
6938	97	0
6939	93	0
6940	98	0
6941	99	0
6942	101	0
6943	101	0
6944	114	0
6945	109	0
6946	108	0
6947	109	0
6948	116	0
6949	125	0
6950	112	0
6951	128	0
6952	122	0
6953	121	0
6954	126	0
6955	129	0
6956	127	0
6957	139	0
6958	124	0
6959	125	0
6960	130	0
6961	126	0
6962	128	0
6963	126	0
6964	129	0
6965	123	0
6966	127	0
6967	115	0
6968	117	0
6969	119	0
6970	115	0
6971	107	0
6972	114	0
6973	105	0
6974	103	0
6975	106	0
6976	116	0
6977	105	0
6978	102	0
6979	99	0
6980	96	0
6981	93	0
6982	103	0
6983	118	0
6984	105	0
6985	107	0
6986	107	0
6987	109	0
6988	117	0
6989	110	0
6990	123	0
6991	129	0
6992	128	0
6993	121	0
6994	117	0
6995	133	0
6996	125	0
6997	131	0
6998	135	0
6999	128	0
7000	137	0
7001	127	0
7002	121	0
7003	124	0
7004	117	0
7005	118	0
7006	123	0
7007	130	0
7008	123	0
7009	115	0
7010	110	0
7011	105	0
7012	110	0
7013	105	0
7014	109	0
7015	101	0
7016	100	0
7017	115	0
7018	103	0
7019	98	0
7020	110	0
7021	107	0
7022	111	0
7023	111	0
7024	107	0
7025	101	0
7026	109	0
7027	111	0
7028	112	0
7029	121	0
7030	117	0
7031	117	0
7032	114	0
7033	122	0
7034	129	0
7035	125	0
7036	121	0
7037	126	0
7038	121	0
7039	129	0
7040	132	0
7041	126	0
7042	134	0
7043	123	0
7044	118	0
7045	124	0
7046	119	0
7047	130	0
7048	111	0
7049	111	0
7050	116	0
7051	108	0
7052	111	0
7053	117	0
7054	109	0
7055	111	0
7056	103	0
7057	117	0
7058	100	0
7059	99	0
7060	105	0
7061	107	0
7062	107	0
7063	102	0
7064	105	0
7065	115	0
7066	123	0
7067	117	0
7068	118	0
7069	117	0
7070	117	0
7071	125	0
7072	129	0
7073	119	0
7074	122	0
7075	128	0
7076	125	0
7077	115	0
7078	121	0
7079	123	0
7080	130	0
7081	124	0
7082	129	0
7083	124	0
7084	113	0
7085	114	0
7086	119	0
7087	117	0
7088	128	0
7089	113	0
7090	110	0
7091	119	0
7092	112	0
7093	117	0
7094	105	0
7095	107	0
7096	109	0
7097	110	0
7098	104	0
7099	103	0
7100	97	0
7101	102	0
7102	114	0
7103	105	0
7104	114	0
7105	116	0
7106	107	0
7107	122	0
7108	117	0
7109	121	0
7110	117	0
7111	126	0
7112	117	0
7113	121	0
7114	124	0
7115	121	0
7116	123	0
7117	136	0
7118	131	0
7119	125	0
7120	125	0
7121	121	0
7122	121	0
7123	127	0
7124	116	0
7125	111	0
7126	121	0
7127	113	0
7128	109	0
7129	118	0
7130	122	0
7131	104	0
7132	114	0
7133	119	0
7134	107	0
7135	111	0
7136	99	0
7137	104	0
7138	113	0
7139	110	0
7140	102	0
7141	113	0
7142	104	0
7143	109	0
7144	108	0
7145	115	0
7146	115	0
7147	115	0
7148	123	0
7149	114	0
7150	123	0
7151	120	0
7152	125	0
7153	118	0
7154	121	0
7155	125	0
7156	131	0
7157	113	0
7158	122	0
7159	123	0
7160	123	0
7161	117	0
7162	113	0
7163	116	0
7164	123	0
7165	120	0
7166	115	0
7167	115	0
7168	115	0
7169	113	0
7170	113	0
7171	113	0
7172	115	0
7173	125	0
7174	107	0
7175	117	0
7176	107	0
7177	103	0
7178	108	0
7179	107	0
7180	105	0
7181	119	0
7182	113	0
7183	116	0
7184	116	0
7185	113	0
7186	109	0
7187	108	0
7188	105	0
7189	118	0
7190	113	0
7191	127	0
7192	121	0
7193	125	0
7194	126	0
7195	123	0
7196	131	0
7197	126	0
7198	125	0
7199	116	0
7200	123	0
7201	119	0
7202	122	0
7203	115	0
7204	120	0
7205	119	0
7206	120	0
7207	114	0
7208	117	0
7209	113	0
7210	113	0
7211	119	0
7212	117	0
7213	117	0
7214	114	0
7215	108	0
7216	111	0
7217	115	0
7218	105	0
7219	112	0
7220	115	0
7221	104	0
7222	103	0
7223	113	0
7224	113	0
7225	115	0
7226	113	0
7227	123	0
7228	121	0
7229	107	0
7230	118	0
7231	121	0
7232	123	0
7233	123	0
7234	120	0
7235	113	0
7236	115	0
7237	125	0
7238	124	0
7239	116	0
7240	119	0
7241	125	0
7242	119	0
7243	112	0
7244	123	0
7245	109	0
7246	121	0
7247	107	0
7248	111	0
7249	120	0
7250	116	0
7251	119	0
7252	114	0
7253	114	0
7254	110	0
7255	119	0
7256	113	0
7257	114	0
7258	119	0
7259	108	0
7260	119	0
7261	115	0
7262	111	0
7263	121	0
7264	109	0
7265	112	0
7266	111	0
7267	113	0
7268	117	0
7269	128	0
7270	119	0
7271	114	0
7272	117	0
7273	121	0
7274	115	0
7275	129	0
7276	118	0
7277	113	0
7278	125	0
7279	113	0
7280	121	0
7281	116	0
7282	123	0
7283	116	0
7284	121	0
7285	117	0
7286	113	0
7287	118	0
7288	114	0
7289	117	0
7290	117	0
7291	115	0
7292	119	0
7293	109	0
7294	118	0
7295	121	0
7296	117	0
7297	117	0
7298	121	0
7299	115	0
7300	111	0
7301	107	0
7302	105	0
7303	105	0
7304	105	0
7305	118	0
7306	105	0
7307	106	0
7308	115	0
7309	115	0
7310	123	0
7311	118	0
7312	121	0
7313	115	0
7314	133	0
7315	118	0
7316	121	0
7317	121	0
7318	115	0
7319	120	0
7320	115	0
7321	127	0
7322	115	0
7323	123	0
7324	115	0
7325	121	0
7326	113	0
7327	113	0
7328	113	0
7329	112	0
7330	114	0
7331	118	0
7332	113	0
7333	119	0
7334	113	0
7335	110	0
7336	111	0
7337	111	0
7338	110	0
7339	110	0
7340	118	0
7341	107	0
7342	112	0
7343	113	0
7344	124	0
7345	115	0
7346	115	0
7347	113	0
7348	115	0
7349	111	0
7350	124	0
7351	117	0
7352	121	0
7353	113	0
7354	120	0
7355	119	0
7356	117	0
7357	131	0
7358	121	0
7359	124	0
7360	129	0
7361	125	0
7362	129	0
7363	123	0
7364	125	0
7365	131	0
7366	117	0
7367	112	0
7368	117	0
7369	113	0
7370	114	0
7371	113	0
7372	105	0
7373	109	0
7374	108	0
7375	109	0
7376	111	0
7377	109	0
7378	106	0
7379	111	0
7380	117	0
7381	101	0
7382	119	0
7383	117	0
7384	109	0
7385	103	0
7386	120	0
7387	118	0
7388	124	0
7389	118	0
7390	117	0
7391	127	0
7392	118	0
7393	121	0
7394	121	0
7395	125	0
7396	123	0
7397	124	0
7398	128	0
7399	120	0
7400	125	0
7401	125	0
7402	127	0
7403	126	0
7404	123	0
7405	114	0
7406	121	0
7407	115	0
7408	110	0
7409	123	0
7410	109	0
7411	113	0
7412	109	0
7413	105	0
7414	111	0
7415	107	0
7416	109	0
7417	109	0
7418	113	0
7419	99	0
7420	103	0
7421	111	0
7422	109	0
7423	109	0
7424	115	0
7425	107	0
7426	113	0
7427	115	0
7428	120	0
7429	111	0
7430	119	0
7431	127	0
7432	129	0
7433	121	0
7434	118	0
7435	126	0
7436	125	0
7437	131	0
7438	123	0
7439	123	0
7440	135	0
7441	118	0
7442	126	0
7443	120	0
7444	116	0
7445	117	0
7446	121	0
7447	126	0
7448	121	0
7449	113	0
7450	118	0
7451	113	0
7452	108	0
7453	109	0
7454	102	0
7455	117	0
7456	103	0
7457	112	0
7458	107	0
7459	108	0
7460	106	0
7461	110	0
7462	104	0
7463	111	0
7464	107	0
7465	111	0
7466	107	0
7467	100	0
7468	117	0
7469	119	0
7470	115	0
7471	121	0
7472	129	0
7473	120	0
7474	124	0
7475	120	0
7476	133	0
7477	126	0
7478	132	0
7479	121	0
7480	126	0
7481	120	0
7482	117	0
7483	127	0
7484	124	0
7485	119	0
7486	130	0
7487	119	0
7488	113	0
7489	121	0
7490	117	0
7491	108	0
7492	106	0
7493	111	0
7494	113	0
7495	101	0
7496	107	0
7497	99	0
7498	101	0
7499	101	0
7500	105	0
7501	105	0
7502	110	0
7503	109	0
7504	105	0
7505	105	0
7506	117	0
7507	107	0
7508	113	0
7509	117	0
7510	117	0
7511	128	0
7512	123	0
7513	127	0
7514	133	0
7515	131	0
7516	126	0
7517	132	0
7518	133	0
7519	124	0
7520	129	0
7521	135	0
7522	119	0
7523	127	0
7524	121	0
7525	113	0
7526	117	0
7527	121	0
7528	120	0
7529	129	0
7530	123	0
7531	112	0
7532	104	0
7533	113	0
7534	109	0
7535	102	0
7536	96	0
7537	108	0
7538	102	0
7539	107	0
7540	99	0
7541	116	0
7542	104	0
7543	108	0
7544	110	0
7545	103	0
7546	105	0
7547	122	0
7548	109	0
7549	118	0
7550	114	0
7551	125	0
7552	116	0
7553	125	0
7554	137	0
7555	133	0
7556	133	0
7557	133	0
7558	137	0
7559	125	0
7560	132	0
7561	121	0
7562	122	0
7563	125	0
7564	129	0
7565	137	0
7566	129	0
7567	126	0
7568	112	0
7569	105	0
7570	117	0
7571	107	0
7572	99	0
7573	113	0
7574	109	0
7575	107	0
7576	97	0
7577	104	0
7578	106	0
7579	98	0
7580	96	0
7581	104	0
7582	105	0
7583	101	0
7584	113	0
7585	114	0
7586	104	0
7587	116	0
7588	115	0
7589	116	0
7590	124	0
7591	129	0
7592	127	0
7593	117	0
7594	126	0
7595	126	0
7596	124	0
7597	119	0
7598	136	0
7599	129	0
7600	133	0
7601	137	0
7602	137	0
7603	137	0
7604	129	0
7605	127	0
7606	125	0
7607	125	0
7608	115	0
7609	123	0
7610	109	0
7611	107	0
7612	115	0
7613	103	0
7614	101	0
7615	104	0
7616	99	0
7617	89	0
7618	95	0
7619	101	0
7620	102	0
7621	105	0
7622	103	0
7623	98	0
7624	101	0
7625	114	0
7626	109	0
7627	113	0
7628	125	0
7629	115	0
7630	120	0
7631	129	0
7632	126	0
7633	129	0
7634	128	0
7635	133	0
7636	137	0
7637	137	0
7638	142	0
7639	134	0
7640	125	0
7641	138	0
7642	125	0
7643	129	0
7644	126	0
7645	114	0
7646	117	0
7647	125	0
7648	119	0
7649	125	0
7650	109	0
7651	106	0
7652	105	0
7653	110	0
7654	107	0
7655	107	0
7656	99	0
7657	102	0
7658	105	0
7659	104	0
7660	92	0
7661	98	0
7662	99	0
7663	107	0
7664	99	0
7665	117	0
7666	105	0
7667	121	0
7668	112	0
7669	111	0
7670	113	0
7671	117	0
7672	122	0
7673	127	0
7674	127	0
7675	126	0
7676	129	0
7677	135	0
7678	136	0
7679	124	0
7680	129	0
7681	131	0
7682	125	0
7683	133	0
7684	125	0
7685	125	0
7686	121	0
7687	124	0
7688	118	0
7689	119	0
7690	117	0
7691	106	0
7692	111	0
7693	111	0
7694	105	0
7695	110	0
7696	110	0
7697	106	0
7698	102	0
7699	105	0
7700	103	0
7701	105	0
7702	101	0
7703	97	0
7704	115	0
7705	111	0
7706	97	0
7707	116	0
7708	119	0
7709	118	0
7710	113	0
7711	113	0
7712	119	0
7713	129	0
7714	126	0
7715	132	0
7716	121	0
7717	121	0
7718	129	0
7719	133	0
7720	135	0
7721	129	0
7722	131	0
7723	131	0
7724	118	0
7725	135	0
7726	118	0
7727	123	0
7728	113	0
7729	120	0
7730	108	0
7731	104	0
7732	109	0
7733	110	0
7734	111	0
7735	102	0
7736	103	0
7737	102	0
7738	104	0
7739	95	0
7740	93	0
7741	102	0
7742	99	0
7743	108	0
7744	105	0
7745	105	0
7746	115	0
7747	113	0
7748	122	0
7749	123	0
7750	125	0
7751	127	0
7752	121	0
7753	127	0
7754	129	0
7755	127	0
7756	127	0
7757	127	0
7758	130	0
7759	135	0
7760	129	0
7761	131	0
7762	135	0
7763	122	0
7764	130	0
7765	124	0
7766	128	0
7767	123	0
7768	112	0
7769	126	0
7770	113	0
7771	109	0
7772	105	0
7773	111	0
7774	105	0
7775	95	0
7776	107	0
7777	99	0
7778	102	0
7779	111	0
7780	111	0
7781	111	0
7782	109	0
7783	103	0
7784	105	0
7785	105	0
7786	104	0
7787	113	0
7788	113	0
7789	113	0
7790	114	0
7791	113	0
7792	115	0
7793	122	0
7794	126	0
7795	123	0
7796	123	0
7797	144	0
7798	123	0
7799	121	0
7800	123	0
7801	129	0
7802	137	0
7803	128	0
7804	128	0
7805	121	0
7806	118	0
7807	117	0
7808	121	0
7809	117	0
7810	115	0
7811	112	0
7812	107	0
7813	111	0
7814	101	0
7815	103	0
7816	99	0
7817	114	0
7818	104	0
7819	101	0
7820	110	0
7821	97	0
7822	102	0
7823	109	0
7824	116	0
7825	113	0
7826	114	0
7827	113	0
7828	126	0
7829	117	0
7830	127	0
7831	123	0
7832	127	0
7833	127	0
7834	133	0
7835	125	0
7836	113	0
7837	129	0
7838	121	0
7839	126	0
7840	115	0
7841	123	0
7842	121	0
7843	129	0
7844	127	0
7845	127	0
7846	113	0
7847	118	0
7848	110	0
7849	124	0
7850	114	0
7851	114	0
7852	106	0
7853	115	0
7854	105	0
7855	103	0
7856	110	0
7857	115	0
7858	107	0
7859	105	0
7860	110	0
7861	107	0
7862	97	0
7863	109	0
7864	111	0
7865	111	0
7866	110	0
7867	122	0
7868	127	0
7869	117	0
7870	123	0
7871	115	0
7872	124	0
7873	127	0
7874	123	0
7875	119	0
7876	123	0
7877	131	0
7878	121	0
7879	119	0
7880	118	0
7881	124	0
7882	133	0
7883	125	0
7884	119	0
7885	126	0
7886	123	0
7887	115	0
7888	119	0
7889	116	0
7890	107	0
7891	111	0
7892	114	0
7893	113	0
7894	113	0
7895	118	0
7896	111	0
7897	107	0
7898	103	0
7899	105	0
7900	115	0
7901	109	0
7902	105	0
7903	117	0
7904	111	0
7905	115	0
7906	111	0
7907	117	0
7908	122	0
7909	109	0
7910	118	0
7911	111	0
7912	122	0
7913	121	0
7914	118	0
7915	130	0
7916	115	0
7917	117	0
7918	127	0
7919	116	0
7920	117	0
7921	131	0
7922	113	0
7923	115	0
7924	115	0
7925	130	0
7926	121	0
7927	127	0
7928	123	0
7929	120	0
7930	107	0
7931	118	0
7932	111	0
7933	113	0
7934	119	0
7935	110	0
7936	107	0
7937	117	0
7938	110	0
7939	110	0
7940	107	0
7941	105	0
7942	111	0
7943	111	0
7944	107	0
7945	105	0
7946	121	0
7947	112	0
7948	127	0
7949	112	0
7950	118	0
7951	122	0
7952	123	0
7953	121	0
7954	127	0
7955	115	0
7956	127	0
7957	121	0
7958	128	0
7959	119	0
7960	124	0
7961	118	0
7962	126	0
7963	110	0
7964	117	0
7965	118	0
7966	111	0
7967	123	0
7968	113	0
7969	113	0
7970	110	0
7971	120	0
7972	111	0
7973	107	0
7974	110	0
7975	109	0
7976	113	0
7977	102	0
7978	102	0
7979	109	0
7980	111	0
7981	110	0
7982	121	0
7983	105	0
7984	110	0
7985	110	0
7986	119	0
7987	114	0
7988	123	0
7989	113	0
7990	107	0
7991	117	0
7992	110	0
7993	129	0
7994	114	0
7995	115	0
7996	122	0
7997	117	0
7998	118	0
7999	129	0
