Oscilloscope data. 
Time step = 10,00 uS
Voltage step = 31,25 mV
Zero level = 115

N 	Smpl.	Trig

0	134	0
1	169	0
2	181	0
3	161	0
4	121	0
5	79	0
6	54	0
7	58	0
8	89	0
9	133	0
10	169	0
11	181	0
12	162	0
13	123	0
14	81	0
15	55	0
16	57	0
17	87	0
18	131	0
19	167	0
20	181	0
21	164	0
22	125	0
23	82	0
24	56	0
25	57	0
26	86	0
27	128	0
28	166	0
29	181	0
30	165	0
31	128	0
32	85	0
33	57	0
34	57	0
35	83	0
36	126	0
37	165	0
38	181	0
39	167	0
40	129	0
41	87	0
42	57	0
43	55	0
44	81	0
45	124	0
46	163	0
47	180	0
48	169	0
49	131	0
50	89	0
51	57	0
52	55	0
53	79	0
54	121	0
55	161	0
56	181	0
57	169	0
58	133	0
59	90	0
60	59	0
61	54	0
62	78	0
63	119	0
64	161	0
65	179	0
66	170	0
67	136	0
68	92	0
69	59	0
70	53	0
71	76	0
72	117	0
73	158	0
74	180	0
75	171	0
76	137	0
77	94	0
78	61	0
79	53	0
80	75	0
81	115	0
82	157	0
83	179	0
84	173	0
85	140	0
86	97	0
87	62	0
88	53	0
89	73	0
90	113	0
91	155	0
92	179	0
93	174	0
94	142	0
95	99	0
96	64	0
97	52	0
98	71	0
99	111	0
100	153	0
101	178	0
102	175	0
103	144	0
104	101	0
105	64	0
106	52	0
107	69	0
108	108	0
109	151	0
110	177	0
111	175	0
112	145	0
113	103	0
114	65	0
115	52	0
116	67	0
117	106	0
118	149	0
119	177	0
120	176	0
121	147	0
122	105	0
123	67	0
124	53	0
125	66	0
126	104	0
127	146	0
128	176	0
129	177	0
130	149	0
131	107	0
132	69	0
133	53	0
134	65	0
135	101	0
136	145	0
137	175	0
138	177	0
139	151	0
140	110	0
141	70	0
142	53	0
143	64	0
144	99	0
145	143	0
146	174	0
147	179	0
148	154	0
149	111	0
150	71	0
151	53	0
152	63	0
153	97	0
154	141	0
155	173	0
156	179	0
157	155	0
158	113	0
159	74	0
160	53	0
161	61	0
162	95	0
163	139	0
164	172	0
165	179	0
166	157	0
167	117	0
168	75	0
169	53	0
170	61	0
171	93	0
172	137	0
173	170	0
174	179	0
175	159	0
176	118	0
177	77	0
178	53	0
179	59	0
180	91	0
181	135	0
182	170	0
183	180	0
184	161	0
185	121	0
186	79	0
187	54	0
188	59	0
189	89	0
190	133	0
191	169	0
192	180	0
193	162	0
194	123	0
195	81	0
196	55	0
197	57	0
198	87	0
199	131	0
200	167	0
201	180	0
202	164	0
203	125	0
204	82	0
205	55	0
206	57	0
207	85	0
208	129	0
209	166	0
210	181	0
211	165	0
212	128	0
213	84	0
214	57	0
215	55	0
216	84	0
217	126	0
218	165	0
219	181	0
220	166	0
221	129	0
222	86	0
223	57	0
224	55	0
225	81	0
226	124	0
227	162	0
228	180	0
229	167	0
230	131	0
231	89	0
232	57	0
233	54	0
234	80	0
235	121	0
236	161	0
237	180	0
238	169	0
239	133	0
240	90	0
241	59	0
242	54	0
243	78	0
244	119	0
245	159	0
246	180	0
247	169	0
248	136	0
249	93	0
250	60	0
251	53	0
252	76	0
253	117	0
254	158	0
255	179	0
256	171	0
257	137	0
258	95	0
259	61	0
260	53	0
261	75	0
262	115	0
263	157	0
264	179	0
265	172	0
266	140	0
267	97	0
268	62	0
269	53	0
270	73	0
271	113	0
272	155	0
273	179	0
274	173	0
275	142	0
276	98	0
277	64	0
278	52	0
279	71	0
280	111	0
281	152	0
282	178	0
283	174	0
284	145	0
285	101	0
286	64	0
287	53	0
288	69	0
289	109	0
290	151	0
291	177	0
292	175	0
293	145	0
294	103	0
295	65	0
296	52	0
297	69	0
298	106	0
299	149	0
300	177	0
301	176	0
302	147	0
303	105	0
304	67	0
305	52	0
306	67	0
307	104	0
308	147	0
309	176	0
310	177	0
311	149	0
312	107	0
313	69	0
314	52	0
315	65	0
316	102	0
317	145	0
318	175	0
319	178	0
320	152	0
321	109	0
322	70	0
323	51	0
324	65	0
325	99	0
326	143	0
327	174	0
328	178	0
329	153	0
330	111	0
331	71	0
332	53	0
333	63	0
334	98	0
335	141	0
336	173	0
337	179	0
338	156	0
339	114	0
340	73	0
341	53	0
342	61	0
343	95	0
344	139	0
345	172	0
346	179	0
347	157	0
348	116	0
349	75	0
350	53	0
351	60	0
352	94	0
353	137	0
354	171	0
355	179	0
356	159	0
357	118	0
358	77	0
359	53	0
360	59	0
361	91	0
362	135	0
363	169	0
364	181	0
365	161	0
366	121	0
367	79	0
368	53	0
369	59	0
370	89	0
371	133	0
372	169	0
373	180	0
374	162	0
375	122	0
376	80	0
377	55	0
378	57	0
379	87	0
380	131	0
381	168	0
382	181	0
383	163	0
384	125	0
385	82	0
386	56	0
387	57	0
388	86	0
389	128	0
390	166	0
391	181	0
392	165	0
393	127	0
394	85	0
395	56	0
396	57	0
397	84	0
398	127	0
399	165	0
400	181	0
401	167	0
402	129	0
403	86	0
404	57	0
405	55	0
406	81	0
407	124	0
408	163	0
409	181	0
410	169	0
411	131	0
412	88	0
413	57	0
414	55	0
415	80	0
416	122	0
417	161	0
418	181	0
419	169	0
420	133	0
421	90	0
422	59	0
423	54	0
424	78	0
425	120	0
426	160	0
427	180	0
428	171	0
429	134	0
430	93	0
431	60	0
432	53	0
433	76	0
434	118	0
435	158	0
436	179	0
437	171	0
438	138	0
439	94	0
440	61	0
441	53	0
442	75	0
443	115	0
444	157	0
445	179	0
446	173	0
447	139	0
448	96	0
449	62	0
450	53	0
451	73	0
452	113	0
453	155	0
454	179	0
455	173	0
456	142	0
457	98	0
458	62	0
459	52	0
460	71	0
461	111	0
462	153	0
463	178	0
464	174	0
465	144	0
466	100	0
467	64	0
468	52	0
469	69	0
470	109	0
471	151	0
472	177	0
473	175	0
474	145	0
475	102	0
476	65	0
477	53	0
478	68	0
479	107	0
480	149	0
481	177	0
482	176	0
483	147	0
484	105	0
485	67	0
486	52	0
487	66	0
488	105	0
489	147	0
490	177	0
491	177	0
492	149	0
493	107	0
494	68	0
495	53	0
496	65	0
497	102	0
498	146	0
499	175	0
500	177	0
501	151	0
502	109	0
503	69	0
504	52	0
505	63	0
506	101	0
507	143	0
508	174	0
509	178	0
510	153	0
511	111	0
512	72	0
513	53	0
514	63	0
515	98	0
516	142	0
517	173	0
518	179	0
519	155	0
520	113	0
521	73	0
522	52	0
523	61	0
524	95	0
525	139	0
526	172	0
527	180	0
528	157	0
529	116	0
530	75	0
531	53	0
532	61	0
533	93	0
534	137	0
535	171	0
536	181	0
537	158	0
538	118	0
539	77	0
540	53	0
541	59	0
542	91	0
543	135	0
544	170	0
545	181	0
546	160	0
547	121	0
548	78	0
549	54	0
550	59	0
551	89	0
552	133	0
553	169	0
554	180	0
555	162	0
556	122	0
557	81	0
558	54	0
559	58	0
560	88	0
561	130	0
562	167	0
563	181	0
564	163	0
565	125	0
566	82	0
567	55	0
568	57	0
569	86	0
570	129	0
571	166	0
572	181	0
573	165	0
574	127	0
575	84	0
576	57	0
577	55	0
578	83	0
579	127	0
580	165	0
581	181	0
582	167	0
583	129	0
584	85	0
585	57	0
586	55	0
587	82	0
588	124	0
589	163	0
590	181	0
591	167	0
592	130	0
593	88	0
594	57	0
595	54	0
596	79	0
597	123	0
598	161	0
599	180	0
600	169	0
601	133	0
602	89	0
603	59	0
604	53	0
605	78	0
606	120	0
607	160	0
608	181	0
609	171	0
610	135	0
611	91	0
612	59	0
613	53	0
614	77	0
615	118	0
616	159	0
617	180	0
618	171	0
619	137	0
620	94	0
621	61	0
622	53	0
623	75	0
624	116	0
625	157	0
626	179	0
627	173	0
628	139	0
629	97	0
630	62	0
631	53	0
632	73	0
633	113	0
634	155	0
635	179	0
636	173	0
637	141	0
638	97	0
639	63	0
640	53	0
641	71	0
642	111	0
643	153	0
644	178	0
645	174	0
646	143	0
647	100	0
648	65	0
649	52	0
650	70	0
651	109	0
652	151	0
653	177	0
654	175	0
655	145	0
656	102	0
657	65	0
658	52	0
659	69	0
660	107	0
661	149	0
662	177	0
663	176	0
664	147	0
665	105	0
666	67	0
667	53	0
668	67	0
669	105	0
670	147	0
671	176	0
672	177	0
673	149	0
674	107	0
675	68	0
676	52	0
677	65	0
678	102	0
679	145	0
680	176	0
681	177	0
682	151	0
683	109	0
684	70	0
685	53	0
686	65	0
687	100	0
688	143	0
689	174	0
690	178	0
691	153	0
692	111	0
693	71	0
694	52	0
695	63	0
696	98	0
697	141	0
698	173	0
699	179	0
700	155	0
701	113	0
702	73	0
703	53	0
704	62	0
705	97	0
706	139	0
707	172	0
708	179	0
709	157	0
710	115	0
711	75	0
712	53	0
713	61	0
714	94	0
715	137	0
716	172	0
717	180	0
718	159	0
719	117	0
720	77	0
721	53	0
722	59	0
723	92	0
724	135	0
725	170	0
726	181	0
727	160	0
728	120	0
729	77	0
730	53	0
731	59	0
732	90	0
733	133	0
734	169	0
735	181	0
736	161	0
737	121	0
738	81	0
739	55	0
740	57	0
741	88	0
742	131	0
743	167	0
744	180	0
745	163	0
746	125	0
747	82	0
748	55	0
749	57	0
750	86	0
751	129	0
752	167	0
753	181	0
754	165	0
755	126	0
756	83	0
757	56	0
758	55	0
759	83	0
760	127	0
761	165	0
762	181	0
763	166	0
764	128	0
765	86	0
766	57	0
767	55	0
768	81	0
769	124	0
770	163	0
771	181	0
772	168	0
773	131	0
774	87	0
775	57	0
776	54	0
777	80	0
778	122	0
779	161	0
780	181	0
781	169	0
782	133	0
783	89	0
784	59	0
785	54	0
786	78	0
787	120	0
788	160	0
789	180	0
790	169	0
791	135	0
792	91	0
793	59	0
794	53	0
795	77	0
796	118	0
797	159	0
798	180	0
799	171	0
800	137	0
801	94	0
802	61	0
803	53	0
804	75	0
805	116	0
806	157	0
807	179	0
808	173	0
809	139	0
810	96	0
811	62	0
812	53	0
813	74	0
814	113	0
815	155	0
816	179	0
817	173	0
818	141	0
819	97	0
820	63	0
821	52	0
822	71	0
823	111	0
824	153	0
825	179	0
826	175	0
827	143	0
828	100	0
829	63	0
830	52	0
831	70	0
832	109	0
833	151	0
834	177	0
835	176	0
836	145	0
837	102	0
838	65	0
839	52	0
840	69	0
841	107	0
842	149	0
843	177	0
844	176	0
845	147	0
846	105	0
847	67	0
848	53	0
849	67	0
850	105	0
851	148	0
852	176	0
853	177	0
854	149	0
855	107	0
856	68	0
857	52	0
858	65	0
859	103	0
860	145	0
861	175	0
862	177	0
863	151	0
864	109	0
865	70	0
866	53	0
867	65	0
868	101	0
869	145	0
870	174	0
871	178	0
872	153	0
873	111	0
874	71	0
875	52	0
876	63	0
877	98	0
878	142	0
879	173	0
880	179	0
881	155	0
882	113	0
883	72	0
884	52	0
885	62	0
886	96	0
887	139	0
888	173	0
889	179	0
890	157	0
891	115	0
892	75	0
893	53	0
894	61	0
895	94	0
896	137	0
897	171	0
898	180	0
899	158	0
900	117	0
901	77	0
902	53	0
903	60	0
904	93	0
905	135	0
906	170	0
907	179	0
908	161	0
909	119	0
910	78	0
911	54	0
912	59	0
913	90	0
914	133	0
915	169	0
916	181	0
917	161	0
918	122	0
919	79	0
920	54	0
921	57	0
922	88	0
923	131	0
924	168	0
925	181	0
926	163	0
927	124	0
928	81	0
929	55	0
930	57	0
931	86	0
932	129	0
933	166	0
934	181	0
935	164	0
936	126	0
937	83	0
938	55	0
939	56	0
940	84	0
941	127	0
942	165	0
943	181	0
944	166	0
945	128	0
946	85	0
947	56	0
948	55	0
949	82	0
950	125	0
951	163	0
952	181	0
953	168	0
954	130	0
955	87	0
956	57	0
957	55	0
958	80	0
959	122	0
960	161	0
961	180	0
962	169	0
963	133	0
964	89	0
965	58	0
966	54	0
967	79	0
968	121	0
969	160	0
970	180	0
971	169	0
972	135	0
973	91	0
974	59	0
975	53	0
976	77	0
977	118	0
978	159	0
979	179	0
980	171	0
981	137	0
982	94	0
983	61	0
984	53	0
985	75	0
986	116	0
987	157	0
988	179	0
989	172	0
990	139	0
991	95	0
992	62	0
993	53	0
994	74	0
995	113	0
996	155	0
997	179	0
998	173	0
999	141	0
