Oscilloscope data. 
Time step = 10,00 uS
Voltage step = 62,50 mV
Zero level = 87

N 	Smpl.	Trig

0	83	0
1	83	0
2	99	0
3	124	0
4	141	0
5	141	0
6	124	0
7	101	0
8	85	0
9	85	0
10	101	0
11	123	0
12	139	0
13	137	0
14	123	0
15	103	0
16	89	0
17	89	0
18	103	0
19	121	0
20	133	0
21	133	0
22	121	0
23	105	0
24	95	0
25	95	0
26	105	0
27	119	0
28	128	0
29	127	0
30	118	0
31	107	0
32	99	0
33	99	0
34	107	0
35	117	0
36	123	0
37	123	0
38	117	0
39	108	0
40	103	0
41	103	0
42	108	0
43	116	0
44	121	0
45	121	0
46	116	0
47	109	0
48	104	0
49	103	0
50	109	0
51	116	0
52	121	0
53	123	0
54	117	0
55	108	0
56	103	0
57	101	0
58	108	0
59	117	0
60	124	0
61	125	0
62	118	0
63	107	0
64	99	0
65	99	0
66	107	0
67	119	0
68	129	0
69	129	0
70	120	0
71	105	0
72	93	0
73	93	0
74	104	0
75	121	0
76	133	0
77	135	0
78	121	0
79	103	0
80	89	0
81	87	0
82	101	0
83	123	0
84	139	0
85	139	0
86	124	0
87	101	0
88	85	0
89	84	0
90	100	0
91	124	0
92	141	0
93	141	0
94	125	0
95	100	0
96	83	0
97	83	0
98	99	0
99	124	0
100	141	0
101	141	0
102	125	0
103	100	0
104	84	0
105	83	0
106	101	0
107	123	0
108	140	0
109	140	0
110	124	0
111	103	0
112	87	0
113	87	0
114	103	0
115	123	0
116	135	0
117	135	0
118	121	0
119	104	0
120	92	0
121	92	0
122	104	0
123	120	0
124	131	0
125	131	0
126	119	0
127	105	0
128	97	0
129	97	0
130	106	0
131	117	0
132	125	0
133	125	0
134	117	0
135	108	0
136	101	0
137	101	0
138	108	0
139	116	0
140	123	0
141	123	0
142	117	0
143	109	0
144	103	0
145	103	0
146	109	0
147	116	0
148	121	0
149	121	0
150	117	0
151	109	0
152	103	0
153	103	0
154	108	0
155	117	0
156	123	0
157	123	0
158	117	0
159	108	0
160	101	0
161	99	0
162	107	0
163	117	0
164	127	0
165	127	0
166	119	0
167	105	0
168	96	0
169	96	0
170	105	0
171	120	0
172	131	0
173	131	0
174	121	0
175	105	0
176	91	0
177	91	0
178	103	0
179	122	0
180	136	0
181	137	0
182	123	0
183	103	0
184	87	0
185	85	0
186	101	0
187	123	0
188	140	0
189	140	0
190	124	0
191	101	0
192	84	0
193	83	0
194	99	0
195	124	0
196	141	0
197	142	0
198	125	0
199	101	0
200	83	0
201	83	0
202	101	0
203	124	0
204	141	0
205	141	0
206	125	0
207	101	0
208	85	0
209	85	0
210	101	0
211	123	0
212	138	0
213	137	0
214	123	0
215	103	0
216	89	0
217	89	0
218	103	0
219	121	0
220	133	0
221	133	0
222	121	0
223	105	0
224	95	0
225	95	0
226	105	0
227	119	0
228	128	0
229	128	0
230	119	0
231	107	0
232	99	0
233	100	0
234	107	0
235	117	0
236	123	0
237	124	0
238	117	0
239	108	0
240	103	0
241	103	0
242	108	0
243	116	0
244	121	0
245	121	0
246	116	0
247	109	0
248	104	0
249	104	0
250	108	0
251	116	0
252	121	0
253	123	0
254	117	0
255	109	0
256	101	0
257	101	0
258	108	0
259	117	0
260	124	0
261	125	0
262	117	0
263	107	0
264	99	0
265	97	0
266	105	0
267	119	0
268	129	0
269	129	0
270	120	0
271	105	0
272	93	0
273	93	0
274	104	0
275	121	0
276	133	0
277	135	0
278	122	0
279	103	0
280	89	0
281	87	0
282	101	0
283	123	0
284	139	0
285	139	0
286	124	0
287	101	0
288	85	0
289	84	0
290	100	0
291	123	0
292	141	0
293	141	0
294	125	0
295	100	0
296	83	0
297	83	0
298	100	0
299	125	0
300	141	0
301	142	0
302	125	0
303	101	0
304	84	0
305	84	0
306	100	0
307	124	0
308	140	0
309	140	0
310	124	0
311	103	0
312	87	0
313	87	0
314	102	0
315	121	0
316	136	0
317	135	0
318	121	0
319	104	0
320	91	0
321	92	0
322	105	0
323	120	0
324	131	0
325	131	0
326	120	0
327	106	0
328	96	0
329	97	0
330	106	0
331	118	0
332	125	0
333	125	0
334	117	0
335	107	0
336	101	0
337	101	0
338	108	0
339	117	0
340	123	0
341	123	0
342	117	0
343	109	0
344	103	0
345	103	0
346	109	0
347	116	0
348	121	0
349	121	0
350	116	0
351	108	0
352	103	0
353	103	0
354	109	0
355	116	0
356	123	0
357	123	0
358	117	0
359	108	0
360	101	0
361	99	0
362	107	0
363	117	0
364	127	0
365	128	0
366	119	0
367	106	0
368	96	0
369	95	0
370	105	0
371	120	0
372	131	0
373	132	0
374	121	0
375	104	0
376	91	0
377	91	0
378	103	0
379	121	0
380	136	0
381	137	0
382	123	0
383	101	0
384	87	0
385	85	0
386	101	0
387	123	0
388	140	0
389	141	0
390	125	0
391	101	0
392	83	0
393	83	0
394	100	0
395	124	0
396	141	0
397	143	0
398	125	0
399	101	0
400	84	0
401	83	0
402	100	0
403	124	0
404	141	0
405	141	0
406	125	0
407	101	0
408	85	0
409	85	0
410	101	0
411	123	0
412	137	0
413	137	0
414	123	0
415	103	0
416	89	0
417	89	0
418	103	0
419	121	0
420	133	0
421	133	0
422	121	0
423	105	0
424	93	0
425	95	0
426	105	0
427	119	0
428	128	0
429	128	0
430	119	0
431	107	0
432	99	0
433	99	0
434	107	0
435	117	0
436	124	0
437	123	0
438	117	0
439	108	0
440	103	0
441	103	0
442	108	0
443	116	0
444	121	0
445	121	0
446	116	0
447	109	0
448	104	0
449	104	0
450	109	0
451	116	0
452	121	0
453	122	0
454	116	0
455	108	0
456	103	0
457	101	0
458	108	0
459	117	0
460	124	0
461	125	0
462	117	0
463	107	0
464	99	0
465	99	0
466	105	0
467	119	0
468	129	0
469	129	0
470	120	0
471	105	0
472	93	0
473	93	0
474	104	0
475	121	0
476	133	0
477	135	0
478	122	0
479	103	0
480	89	0
481	88	0
482	101	0
483	123	0
484	138	0
485	139	0
486	124	0
487	101	0
488	85	0
489	84	0
490	100	0
491	124	0
492	141	0
493	141	0
494	125	0
495	100	0
496	84	0
497	83	0
498	99	0
499	125	0
500	141	0
501	141	0
502	125	0
503	101	0
504	83	0
505	83	0
506	100	0
507	123	0
508	140	0
509	139	0
510	124	0
511	101	0
512	87	0
513	88	0
514	102	0
515	121	0
516	136	0
517	135	0
518	121	0
519	104	0
520	91	0
521	93	0
522	104	0
523	120	0
524	131	0
525	130	0
526	120	0
527	105	0
528	97	0
529	97	0
530	107	0
531	118	0
532	125	0
533	125	0
534	118	0
535	107	0
536	101	0
537	101	0
538	108	0
539	117	0
540	123	0
541	123	0
542	117	0
543	108	0
544	104	0
545	104	0
546	109	0
547	116	0
548	121	0
549	121	0
550	116	0
551	109	0
552	103	0
553	103	0
554	108	0
555	117	0
556	123	0
557	123	0
558	117	0
559	108	0
560	101	0
561	100	0
562	107	0
563	117	0
564	125	0
565	128	0
566	119	0
567	107	0
568	96	0
569	96	0
570	105	0
571	120	0
572	131	0
573	131	0
574	121	0
575	104	0
576	91	0
577	90	0
578	103	0
579	121	0
580	136	0
581	137	0
582	123	0
583	102	0
584	87	0
585	85	0
586	100	0
587	123	0
588	140	0
589	141	0
590	125	0
591	101	0
592	83	0
593	83	0
594	99	0
595	124	0
596	141	0
597	142	0
598	125	0
599	101	0
600	83	0
601	83	0
602	100	0
603	124	0
604	141	0
605	141	0
606	125	0
607	101	0
608	85	0
609	85	0
610	101	0
611	123	0
612	137	0
613	137	0
614	123	0
615	103	0
616	89	0
617	89	0
618	103	0
619	121	0
620	133	0
621	133	0
622	121	0
623	105	0
624	95	0
625	95	0
626	105	0
627	119	0
628	127	0
629	127	0
630	119	0
631	107	0
632	99	0
633	99	0
634	107	0
635	117	0
636	124	0
637	123	0
638	117	0
639	108	0
640	103	0
641	103	0
642	108	0
643	116	0
644	121	0
645	121	0
646	116	0
647	109	0
648	104	0
649	103	0
650	108	0
651	116	0
652	121	0
653	123	0
654	117	0
655	109	0
656	103	0
657	101	0
658	108	0
659	117	0
660	124	0
661	125	0
662	117	0
663	107	0
664	99	0
665	97	0
666	105	0
667	119	0
668	129	0
669	129	0
670	120	0
671	105	0
672	93	0
673	93	0
674	104	0
675	121	0
676	133	0
677	135	0
678	123	0
679	103	0
680	89	0
681	87	0
682	101	0
683	123	0
684	139	0
685	139	0
686	124	0
687	101	0
688	85	0
689	83	0
690	100	0
691	124	0
692	141	0
693	141	0
694	125	0
695	100	0
696	83	0
697	83	0
698	99	0
699	124	0
700	141	0
701	141	0
702	125	0
703	101	0
704	83	0
705	84	0
706	100	0
707	124	0
708	139	0
709	139	0
710	124	0
711	103	0
712	87	0
713	87	0
714	102	0
715	123	0
716	136	0
717	135	0
718	121	0
719	104	0
720	91	0
721	92	0
722	104	0
723	120	0
724	131	0
725	130	0
726	120	0
727	105	0
728	96	0
729	97	0
730	105	0
731	119	0
732	125	0
733	125	0
734	117	0
735	108	0
736	101	0
737	101	0
738	107	0
739	116	0
740	123	0
741	122	0
742	116	0
743	108	0
744	103	0
745	104	0
746	109	0
747	116	0
748	121	0
749	121	0
750	116	0
751	109	0
752	103	0
753	103	0
754	108	0
755	117	0
756	123	0
757	123	0
758	117	0
759	108	0
760	100	0
761	100	0
762	107	0
763	117	0
764	126	0
765	128	0
766	119	0
767	107	0
768	96	0
769	95	0
770	105	0
771	120	0
772	131	0
773	132	0
774	121	0
775	105	0
776	91	0
777	91	0
778	103	0
779	121	0
780	136	0
781	137	0
782	123	0
783	103	0
784	87	0
785	85	0
786	101	0
787	123	0
788	140	0
789	141	0
790	124	0
791	101	0
792	83	0
793	83	0
794	99	0
795	124	0
796	141	0
797	141	0
798	125	0
799	100	0
800	83	0
801	83	0
802	100	0
803	124	0
804	141	0
805	141	0
806	125	0
807	101	0
808	85	0
809	85	0
810	101	0
811	123	0
812	137	0
813	137	0
814	123	0
815	103	0
816	89	0
817	89	0
818	103	0
819	121	0
820	133	0
821	133	0
822	121	0
823	105	0
824	93	0
825	95	0
826	105	0
827	119	0
828	128	0
829	127	0
830	119	0
831	107	0
832	99	0
833	99	0
834	107	0
835	117	0
836	124	0
837	123	0
838	117	0
839	108	0
840	103	0
841	101	0
842	108	0
843	117	0
844	121	0
845	121	0
846	116	0
847	109	0
848	104	0
849	103	0
850	109	0
851	116	0
852	121	0
853	121	0
854	117	0
855	108	0
856	102	0
857	101	0
858	107	0
859	117	0
860	125	0
861	125	0
862	117	0
863	107	0
864	99	0
865	97	0
866	106	0
867	119	0
868	129	0
869	129	0
870	120	0
871	105	0
872	93	0
873	93	0
874	104	0
875	121	0
876	133	0
877	135	0
878	123	0
879	103	0
880	89	0
881	89	0
882	101	0
883	123	0
884	139	0
885	139	0
886	124	0
887	101	0
888	85	0
889	84	0
890	100	0
891	124	0
892	141	0
893	141	0
894	125	0
895	101	0
896	83	0
897	83	0
898	99	0
899	124	0
900	141	0
901	142	0
902	125	0
903	101	0
904	84	0
905	83	0
906	101	0
907	124	0
908	140	0
909	139	0
910	124	0
911	101	0
912	87	0
913	87	0
914	102	0
915	122	0
916	135	0
917	135	0
918	121	0
919	104	0
920	92	0
921	92	0
922	104	0
923	119	0
924	131	0
925	131	0
926	120	0
927	105	0
928	97	0
929	97	0
930	107	0
931	118	0
932	125	0
933	125	0
934	117	0
935	107	0
936	101	0
937	101	0
938	108	0
939	117	0
940	123	0
941	123	0
942	116	0
943	109	0
944	103	0
945	103	0
946	109	0
947	116	0
948	121	0
949	121	0
950	116	0
951	109	0
952	103	0
953	103	0
954	108	0
955	116	0
956	123	0
957	123	0
958	117	0
959	107	0
960	101	0
961	100	0
962	107	0
963	117	0
964	127	0
965	127	0
966	119	0
967	106	0
968	95	0
969	95	0
970	105	0
971	120	0
972	131	0
973	131	0
974	121	0
975	104	0
976	91	0
977	91	0
978	103	0
979	121	0
980	136	0
981	137	0
982	123	0
983	103	0
984	87	0
985	86	0
986	101	0
987	123	0
988	140	0
989	141	0
990	124	0
991	101	0
992	84	0
993	83	0
994	100	0
995	124	0
996	141	0
997	142	0
998	125	0
999	101	0
