Oscilloscope data. 
Time step = 200,0 nS
Voltage step = 31,25 mV
Zero level = 121

N 	Smpl.	Trig

0	158	0
1	153	0
2	53	0
3	54	0
4	113	0
5	185	0
6	153	0
7	157	0
8	53	0
9	89	0
10	159	0
11	81	0
12	115	0
13	155	0
14	51	0
15	114	0
16	156	0
17	127	0
18	85	0
19	155	0
20	112	0
21	128	0
22	156	0
23	185	0
24	190	0
25	189	0
26	81	0
27	129	0
28	159	0
29	115	0
30	189	0
31	129	0
32	129	0
33	153	0
34	123	0
35	187	0
36	123	0
37	119	0
38	57	0
39	79	0
40	54	0
41	155	0
42	185	0
43	159	0
44	87	0
45	155	0
46	156	0
47	84	0
48	121	0
49	55	0
50	190	0
51	87	0
52	123	0
53	89	0
54	188	0
55	87	0
56	85	0
57	85	0
58	87	0
59	158	0
60	187	0
61	85	0
62	86	0
63	88	0
64	89	0
65	155	0
66	113	0
67	153	0
68	155	0
69	119	0
70	189	0
71	57	0
72	157	0
73	79	0
74	115	0
75	52	0
76	89	0
77	87	0
78	85	0
79	87	0
80	159	0
81	156	0
82	83	0
83	115	0
84	155	0
85	53	0
86	125	0
87	88	0
88	129	0
89	85	0
90	158	0
91	87	0
92	189	0
93	158	0
94	129	0
95	130	0
96	126	0
97	155	0
98	53	0
99	154	0
100	57	0
101	160	0
102	159	0
103	191	0
104	129	0
105	116	0
106	188	0
107	113	0
108	155	0
109	159	0
110	55	0
111	189	0
112	159	0
113	53	0
114	157	0
115	86	0
116	87	0
117	114	0
118	154	0
119	123	0
120	113	0
121	87	0
122	155	0
123	191	0
124	54	0
125	115	0
126	52	0
127	86	0
128	113	0
129	159	0
130	86	0
131	121	0
132	125	0
133	87	0
134	190	0
135	79	0
136	153	0
137	157	0
138	52	0
139	85	0
140	111	0
141	115	0
142	116	0
143	51	0
144	159	0
145	157	0
146	78	0
147	86	0
148	87	0
149	190	0
150	86	0
151	52	0
152	154	0
153	54	0
154	112	0
155	53	0
156	157	0
157	153	0
158	155	0
159	127	0
160	126	0
161	155	0
162	159	0
163	153	0
164	130	0
165	186	0
166	85	0
167	128	0
168	153	0
169	83	0
170	115	0
171	189	0
172	87	0
173	128	0
174	86	0
175	153	0
176	126	0
177	55	0
178	87	0
179	53	0
180	129	0
181	56	0
182	159	0
183	112	0
184	123	0
185	187	0
186	115	0
187	129	0
188	126	0
189	52	0
190	130	0
191	55	0
192	86	0
193	113	0
194	188	0
195	79	0
196	158	0
197	82	0
198	79	0
199	188	0
200	129	0
201	123	0
202	55	0
203	155	0
204	56	0
205	153	0
206	85	0
207	191	0
208	86	0
209	128	0
210	81	0
211	155	0
212	188	0
213	185	0
214	87	0
215	122	0
216	84	0
217	113	0
218	116	0
219	88	0
220	87	0
221	59	0
222	54	0
223	158	0
224	121	0
225	87	0
226	84	0
227	86	0
228	158	0
229	57	0
230	85	0
231	83	0
232	190	0
233	86	0
234	53	0
235	155	0
236	87	0
237	158	0
238	89	0
239	120	0
240	157	0
241	88	0
242	88	0
243	86	0
244	160	0
245	87	0
246	189	0
247	157	0
248	120	0
249	119	0
250	53	0
251	87	0
252	57	0
253	159	0
254	128	0
255	115	0
256	86	0
257	81	0
258	51	0
259	117	0
260	83	0
261	56	0
262	155	0
263	117	0
264	129	0
265	89	0
266	85	0
267	130	0
268	113	0
269	86	0
270	154	0
271	117	0
272	114	0
273	153	0
274	154	0
275	112	0
276	123	0
277	83	0
278	155	0
279	85	0
280	159	0
281	86	0
282	80	0
283	117	0
284	126	0
285	156	0
286	59	0
287	86	0
288	56	0
289	86	0
290	129	0
291	155	0
292	157	0
293	189	0
294	129	0
295	153	0
296	191	0
297	117	0
298	158	0
299	123	0
300	55	0
301	115	0
302	157	0
303	116	0
304	116	0
305	88	0
306	89	0
307	52	0
308	86	0
309	157	0
310	121	0
311	189	0
312	117	0
313	188	0
314	154	0
315	86	0
316	55	0
317	59	0
318	113	0
319	89	0
320	113	0
321	83	0
322	87	0
323	87	0
324	120	0
325	122	0
326	153	0
327	87	0
328	117	0
329	85	0
330	86	0
331	123	0
332	53	0
333	54	0
334	185	0
335	156	0
336	122	0
337	152	0
338	128	0
339	189	0
340	81	0
341	87	0
342	87	0
343	189	0
344	122	0
345	81	0
346	153	0
347	58	0
348	85	0
349	55	0
350	86	0
351	160	0
352	117	0
353	81	0
354	53	0
355	87	0
356	86	0
357	161	0
358	191	0
359	116	0
360	191	0
361	129	0
362	113	0
363	117	0
364	55	0
365	87	0
366	85	0
367	185	0
368	159	0
369	191	0
370	86	0
371	155	0
372	155	0
373	120	0
374	57	0
375	85	0
376	156	0
377	89	0
378	189	0
379	81	0
380	185	0
381	125	0
382	85	0
383	113	0
384	159	0
385	84	0
386	157	0
387	159	0
388	115	0
389	113	0
390	86	0
391	85	0
392	189	0
393	85	0
394	125	0
395	117	0
396	121	0
397	185	0
398	90	0
399	125	0
400	126	0
401	87	0
402	112	0
403	114	0
404	129	0
405	80	0
406	125	0
407	79	0
408	84	0
409	189	0
410	191	0
411	156	0
412	55	0
413	153	0
414	155	0
415	51	0
416	185	0
417	54	0
418	122	0
419	155	0
420	58	0
421	115	0
422	129	0
423	123	0
424	88	0
425	185	0
426	153	0
427	158	0
428	82	0
429	153	0
430	56	0
431	53	0
432	191	0
433	115	0
434	185	0
435	86	0
436	129	0
437	158	0
438	81	0
439	158	0
440	87	0
441	79	0
442	87	0
443	55	0
444	120	0
445	55	0
446	113	0
447	155	0
448	59	0
449	189	0
450	88	0
451	85	0
452	155	0
453	55	0
454	55	0
455	128	0
456	156	0
457	129	0
458	112	0
459	156	0
460	113	0
461	127	0
462	191	0
463	155	0
464	85	0
465	81	0
466	112	0
467	129	0
468	185	0
469	87	0
470	191	0
471	88	0
472	189	0
473	115	0
474	152	0
475	160	0
476	86	0
477	153	0
478	80	0
479	79	0
480	114	0
481	58	0
482	158	0
483	188	0
484	189	0
485	160	0
486	81	0
487	159	0
488	86	0
489	87	0
490	119	0
491	127	0
492	87	0
493	86	0
494	186	0
495	57	0
496	153	0
497	160	0
498	160	0
499	89	0
500	121	0
501	154	0
502	159	0
503	81	0
504	80	0
505	189	0
506	83	0
507	113	0
508	128	0
509	87	0
510	81	0
511	81	0
512	153	0
513	89	0
514	157	0
515	81	0
516	152	0
517	85	0
518	87	0
519	126	0
520	53	0
521	113	0
522	125	0
523	53	0
524	115	0
525	155	0
526	56	0
527	56	0
528	128	0
529	189	0
530	129	0
531	85	0
532	55	0
533	189	0
534	121	0
535	89	0
536	155	0
537	81	0
538	115	0
539	129	0
540	86	0
541	56	0
542	60	0
543	189	0
544	83	0
545	89	0
546	82	0
547	116	0
548	117	0
549	53	0
550	190	0
551	85	0
552	116	0
553	159	0
554	113	0
555	89	0
556	185	0
557	88	0
558	157	0
559	126	0
560	159	0
561	126	0
562	126	0
563	127	0
564	80	0
565	123	0
566	89	0
567	188	0
568	114	0
569	55	0
570	155	0
571	89	0
572	86	0
573	119	0
574	116	0
575	153	0
576	86	0
577	59	0
578	89	0
579	58	0
580	154	0
581	87	0
582	87	0
583	160	0
584	124	0
585	55	0
586	115	0
587	191	0
588	58	0
589	85	0
590	87	0
591	185	0
592	191	0
593	125	0
594	54	0
595	130	0
596	186	0
597	89	0
598	157	0
599	81	0
600	192	0
601	57	0
602	84	0
603	86	0
604	54	0
605	81	0
606	89	0
607	88	0
608	155	0
609	81	0
610	129	0
611	79	0
612	155	0
613	189	0
614	89	0
615	153	0
616	126	0
617	86	0
618	157	0
619	189	0
620	154	0
621	159	0
622	56	0
623	89	0
624	154	0
625	85	0
626	113	0
627	129	0
628	159	0
629	81	0
630	154	0
631	115	0
632	189	0
633	157	0
634	158	0
635	187	0
636	88	0
637	85	0
638	155	0
639	155	0
640	80	0
641	154	0
642	81	0
643	189	0
644	82	0
645	161	0
646	55	0
647	185	0
648	187	0
649	113	0
650	128	0
651	155	0
652	81	0
653	117	0
654	53	0
655	117	0
656	129	0
657	159	0
658	157	0
659	87	0
660	81	0
661	87	0
662	115	0
663	79	0
664	89	0
665	84	0
666	56	0
667	186	0
668	159	0
669	158	0
670	57	0
671	153	0
672	155	0
673	187	0
674	190	0
675	128	0
676	130	0
677	160	0
678	121	0
679	113	0
680	129	0
681	85	0
682	81	0
683	119	0
684	158	0
685	53	0
686	129	0
687	111	0
688	88	0
689	155	0
690	54	0
691	87	0
692	82	0
693	85	0
694	191	0
695	119	0
696	82	0
697	86	0
698	191	0
699	83	0
700	159	0
701	82	0
702	51	0
703	157	0
704	159	0
705	187	0
706	190	0
707	129	0
708	85	0
709	156	0
710	53	0
711	154	0
712	53	0
713	159	0
714	52	0
715	153	0
716	188	0
717	152	0
718	117	0
719	81	0
720	85	0
721	55	0
722	119	0
723	84	0
724	125	0
725	115	0
726	119	0
727	159	0
728	55	0
729	113	0
730	56	0
731	79	0
732	185	0
733	114	0
734	54	0
735	153	0
736	57	0
737	113	0
738	87	0
739	128	0
740	185	0
741	83	0
742	159	0
743	83	0
744	128	0
745	86	0
746	88	0
747	89	0
748	128	0
749	87	0
750	83	0
751	56	0
752	80	0
753	79	0
754	126	0
755	154	0
756	153	0
757	153	0
758	84	0
759	89	0
760	185	0
761	58	0
762	88	0
763	85	0
764	57	0
765	57	0
766	154	0
767	125	0
768	187	0
769	157	0
770	189	0
771	114	0
772	85	0
773	191	0
774	125	0
775	153	0
776	88	0
777	59	0
778	58	0
779	113	0
780	155	0
781	189	0
782	80	0
783	129	0
784	115	0
785	155	0
786	123	0
787	113	0
788	128	0
789	120	0
790	122	0
791	159	0
792	187	0
793	81	0
794	191	0
795	129	0
796	85	0
797	116	0
798	117	0
799	84	0
800	125	0
801	87	0
802	160	0
803	191	0
804	116	0
805	185	0
806	85	0
807	189	0
808	85	0
809	127	0
810	155	0
811	117	0
812	88	0
813	112	0
814	85	0
815	155	0
816	189	0
817	191	0
818	125	0
819	55	0
820	160	0
821	55	0
822	128	0
823	89	0
824	88	0
825	85	0
826	117	0
827	191	0
828	117	0
829	152	0
830	155	0
831	189	0
832	153	0
833	189	0
834	122	0
835	189	0
836	87	0
837	113	0
838	88	0
839	54	0
840	187	0
841	59	0
842	189	0
843	52	0
844	113	0
845	187	0
846	83	0
847	127	0
848	123	0
849	159	0
850	78	0
851	154	0
852	158	0
853	157	0
854	158	0
855	122	0
856	54	0
857	111	0
858	56	0
859	113	0
860	159	0
861	153	0
862	158	0
863	57	0
864	85	0
865	154	0
866	111	0
867	189	0
868	160	0
869	117	0
870	87	0
871	189	0
872	152	0
873	191	0
874	129	0
875	128	0
876	153	0
877	158	0
878	155	0
879	113	0
880	155	0
881	86	0
882	156	0
883	57	0
884	53	0
885	116	0
886	127	0
887	81	0
888	127	0
889	84	0
890	85	0
891	153	0
892	185	0
893	159	0
894	86	0
895	158	0
896	89	0
897	52	0
898	85	0
899	159	0
900	88	0
901	159	0
902	185	0
903	125	0
904	85	0
905	123	0
906	185	0
907	122	0
908	85	0
909	153	0
910	189	0
911	59	0
912	117	0
913	157	0
914	129	0
915	114	0
916	81	0
917	85	0
918	154	0
919	154	0
920	190	0
921	128	0
922	116	0
923	185	0
924	113	0
925	153	0
926	88	0
927	186	0
928	113	0
929	115	0
930	115	0
931	129	0
932	187	0
933	55	0
934	155	0
935	127	0
936	127	0
937	155	0
938	116	0
939	157	0
940	159	0
941	85	0
942	59	0
943	191	0
944	129	0
945	128	0
946	189	0
947	86	0
948	155	0
949	87	0
950	52	0
951	88	0
952	157	0
953	87	0
954	88	0
955	189	0
956	88	0
957	122	0
958	126	0
959	80	0
960	189	0
961	121	0
962	130	0
963	81	0
964	185	0
965	129	0
966	129	0
967	111	0
968	157	0
969	87	0
970	129	0
971	155	0
972	89	0
973	154	0
974	81	0
975	86	0
976	82	0
977	152	0
978	153	0
979	127	0
980	185	0
981	156	0
982	85	0
983	89	0
984	129	0
985	81	0
986	116	0
987	156	0
988	115	0
989	86	0
990	120	0
991	153	0
992	153	0
993	153	0
994	189	0
995	129	0
996	152	0
997	157	0
998	127	0
999	131	0
1000	88	0
1001	192	0
1002	122	0
1003	87	0
1004	188	0
1005	85	0
1006	189	0
1007	81	0
1008	86	0
1009	188	0
1010	189	0
1011	159	0
1012	126	0
1013	81	0
1014	86	0
1015	153	0
1016	128	0
1017	155	0
1018	119	0
1019	154	0
1020	185	0
1021	51	0
1022	115	0
1023	157	0
1024	151	0
1025	189	0
1026	88	0
1027	123	0
1028	192	0
1029	55	0
1030	125	0
1031	52	0
1032	57	0
1033	127	0
1034	127	0
1035	55	0
1036	192	0
1037	86	0
1038	85	0
1039	56	0
1040	114	0
1041	188	0
1042	85	0
1043	83	0
1044	189	0
1045	153	0
1046	87	0
1047	190	0
1048	159	0
1049	57	0
1050	89	0
1051	55	0
1052	128	0
1053	85	0
1054	153	0
1055	89	0
1056	87	0
1057	85	0
1058	155	0
1059	129	0
1060	116	0
1061	52	0
1062	129	0
1063	129	0
1064	53	0
1065	83	0
1066	53	0
1067	82	0
1068	114	0
1069	119	0
1070	188	0
1071	85	0
1072	158	0
1073	185	0
1074	113	0
1075	114	0
1076	52	0
1077	87	0
1078	190	0
1079	85	0
1080	191	0
1081	55	0
1082	156	0
1083	57	0
1084	187	0
1085	57	0
1086	80	0
1087	120	0
1088	161	0
1089	81	0
1090	83	0
1091	119	0
1092	189	0
1093	88	0
1094	159	0
1095	120	0
1096	127	0
1097	79	0
1098	126	0
1099	79	0
1100	161	0
1101	185	0
1102	55	0
1103	116	0
1104	124	0
1105	55	0
1106	87	0
1107	129	0
1108	54	0
1109	153	0
1110	156	0
1111	187	0
1112	159	0
1113	129	0
1114	155	0
1115	127	0
1116	126	0
1117	159	0
1118	155	0
1119	153	0
1120	87	0
1121	86	0
1122	85	0
1123	153	0
1124	115	0
1125	115	0
1126	190	0
1127	188	0
1128	84	0
1129	161	0
1130	86	0
1131	185	0
1132	153	0
1133	86	0
1134	113	0
1135	157	0
1136	157	0
1137	57	0
1138	89	0
1139	87	0
1140	153	0
1141	121	0
1142	187	0
1143	84	0
1144	83	0
1145	88	0
1146	157	0
1147	59	0
1148	87	0
1149	85	0
1150	160	0
1151	86	0
1152	159	0
1153	159	0
1154	159	0
1155	189	0
1156	79	0
1157	54	0
1158	151	0
1159	126	0
1160	158	0
1161	129	0
1162	155	0
1163	158	0
1164	81	0
1165	129	0
1166	125	0
1167	125	0
1168	153	0
1169	189	0
1170	113	0
1171	158	0
1172	112	0
1173	159	0
1174	81	0
1175	189	0
1176	81	0
1177	189	0
1178	57	0
1179	87	0
1180	123	0
1181	86	0
1182	185	0
1183	153	0
1184	187	0
1185	129	0
1186	85	0
1187	129	0
1188	85	0
1189	79	0
1190	188	0
1191	86	0
1192	127	0
1193	59	0
1194	191	0
1195	55	0
1196	160	0
1197	122	0
1198	88	0
1199	85	0
1200	157	0
1201	87	0
1202	52	0
1203	159	0
1204	154	0
1205	85	0
1206	189	0
1207	86	0
1208	87	0
1209	86	0
1210	156	0
1211	127	0
1212	125	0
1213	83	0
1214	86	0
1215	191	0
1216	153	0
1217	116	0
1218	123	0
1219	88	0
1220	160	0
1221	87	0
1222	153	0
1223	123	0
1224	119	0
1225	85	0
1226	85	0
1227	87	0
1228	159	0
1229	186	0
1230	86	0
1231	155	0
1232	157	0
1233	155	0
1234	113	0
1235	128	0
1236	155	0
1237	158	0
1238	185	0
1239	159	0
1240	186	0
1241	189	0
1242	57	0
1243	82	0
1244	57	0
1245	153	0
1246	120	0
1247	89	0
1248	157	0
1249	157	0
1250	158	0
1251	53	0
1252	186	0
1253	160	0
1254	188	0
1255	119	0
1256	120	0
1257	119	0
1258	157	0
1259	129	0
1260	85	0
1261	86	0
1262	127	0
1263	158	0
1264	160	0
1265	155	0
1266	155	0
1267	86	0
1268	111	0
1269	87	0
1270	189	0
1271	88	0
1272	191	0
1273	123	0
1274	116	0
1275	154	0
1276	86	0
1277	53	0
1278	89	0
1279	81	0
1280	158	0
1281	187	0
1282	79	0
1283	85	0
1284	151	0
1285	51	0
1286	81	0
1287	52	0
1288	153	0
1289	53	0
1290	116	0
1291	129	0
1292	88	0
1293	185	0
1294	85	0
1295	81	0
1296	127	0
1297	88	0
1298	155	0
1299	52	0
1300	57	0
1301	185	0
1302	79	0
1303	85	0
1304	126	0
1305	87	0
1306	129	0
1307	84	0
1308	87	0
1309	192	0
1310	84	0
1311	155	0
1312	190	0
1313	82	0
1314	154	0
1315	155	0
1316	89	0
1317	88	0
1318	86	0
1319	158	0
1320	119	0
1321	119	0
1322	88	0
1323	86	0
1324	123	0
1325	85	0
1326	87	0
1327	55	0
1328	153	0
1329	82	0
1330	191	0
1331	153	0
1332	79	0
1333	56	0
1334	123	0
1335	156	0
1336	82	0
1337	155	0
1338	129	0
1339	153	0
1340	127	0
1341	79	0
1342	153	0
1343	53	0
1344	87	0
1345	155	0
1346	85	0
1347	154	0
1348	153	0
1349	83	0
1350	123	0
1351	158	0
1352	122	0
1353	189	0
1354	155	0
1355	130	0
1356	111	0
1357	154	0
1358	129	0
1359	153	0
1360	88	0
1361	123	0
1362	129	0
1363	122	0
1364	158	0
1365	87	0
1366	85	0
1367	155	0
1368	189	0
1369	156	0
1370	125	0
1371	155	0
1372	189	0
1373	56	0
1374	159	0
1375	80	0
1376	82	0
1377	158	0
1378	115	0
1379	161	0
1380	112	0
1381	117	0
1382	191	0
1383	155	0
1384	121	0
1385	153	0
1386	155	0
1387	116	0
1388	129	0
1389	85	0
1390	56	0
1391	88	0
1392	157	0
1393	155	0
1394	129	0
1395	86	0
1396	119	0
1397	57	0
1398	158	0
1399	85	0
1400	112	0
1401	121	0
1402	89	0
1403	57	0
1404	153	0
1405	127	0
1406	57	0
1407	157	0
1408	155	0
1409	153	0
1410	159	0
1411	185	0
1412	85	0
1413	87	0
1414	127	0
1415	54	0
1416	154	0
1417	112	0
1418	155	0
1419	81	0
1420	85	0
1421	159	0
1422	129	0
1423	53	0
1424	86	0
1425	153	0
1426	55	0
1427	55	0
1428	125	0
1429	157	0
1430	87	0
1431	85	0
1432	154	0
1433	119	0
1434	189	0
1435	155	0
1436	153	0
1437	88	0
1438	85	0
1439	57	0
1440	128	0
1441	159	0
1442	187	0
1443	53	0
1444	80	0
1445	85	0
1446	129	0
1447	123	0
1448	86	0
1449	155	0
1450	125	0
1451	189	0
1452	155	0
1453	81	0
1454	88	0
1455	159	0
1456	129	0
1457	155	0
1458	85	0
1459	85	0
1460	128	0
1461	155	0
1462	85	0
1463	115	0
1464	159	0
1465	115	0
1466	88	0
1467	190	0
1468	52	0
1469	159	0
1470	89	0
1471	161	0
1472	79	0
1473	189	0
1474	129	0
1475	119	0
1476	81	0
1477	116	0
1478	115	0
1479	83	0
1480	153	0
1481	152	0
1482	129	0
1483	185	0
1484	53	0
1485	128	0
1486	160	0
1487	85	0
1488	126	0
1489	156	0
1490	189	0
1491	116	0
1492	185	0
1493	123	0
1494	155	0
1495	117	0
1496	56	0
1497	130	0
1498	123	0
1499	87	0
1500	86	0
1501	155	0
1502	117	0
1503	155	0
1504	58	0
1505	55	0
1506	86	0
1507	188	0
1508	189	0
1509	123	0
1510	116	0
1511	53	0
1512	130	0
1513	124	0
1514	53	0
1515	155	0
1516	127	0
1517	187	0
1518	87	0
1519	119	0
1520	188	0
1521	157	0
1522	153	0
1523	155	0
1524	82	0
1525	158	0
1526	126	0
1527	53	0
1528	127	0
1529	120	0
1530	155	0
1531	185	0
1532	55	0
1533	88	0
1534	119	0
1535	89	0
1536	87	0
1537	187	0
1538	185	0
1539	159	0
1540	82	0
1541	154	0
1542	127	0
1543	81	0
1544	117	0
1545	51	0
1546	54	0
1547	87	0
1548	82	0
1549	53	0
1550	159	0
1551	54	0
1552	84	0
1553	157	0
1554	54	0
1555	113	0
1556	84	0
1557	87	0
1558	129	0
1559	54	0
1560	87	0
1561	117	0
1562	121	0
1563	159	0
1564	153	0
1565	125	0
1566	83	0
1567	115	0
1568	125	0
1569	129	0
1570	153	0
1571	115	0
1572	54	0
1573	115	0
1574	79	0
1575	86	0
1576	82	0
1577	153	0
1578	123	0
1579	57	0
1580	121	0
1581	153	0
1582	185	0
1583	53	0
1584	127	0
1585	128	0
1586	87	0
1587	125	0
1588	111	0
1589	111	0
1590	155	0
1591	154	0
1592	155	0
1593	86	0
1594	86	0
1595	119	0
1596	117	0
1597	129	0
1598	85	0
1599	81	0
1600	54	0
1601	81	0
1602	153	0
1603	154	0
1604	86	0
1605	86	0
1606	121	0
1607	155	0
1608	188	0
1609	83	0
1610	83	0
1611	55	0
1612	58	0
1613	128	0
1614	85	0
1615	125	0
1616	59	0
1617	156	0
1618	123	0
1619	153	0
1620	158	0
1621	128	0
1622	81	0
1623	157	0
1624	191	0
1625	158	0
1626	115	0
1627	129	0
1628	81	0
1629	82	0
1630	52	0
1631	156	0
1632	55	0
1633	52	0
1634	116	0
1635	80	0
1636	89	0
1637	58	0
1638	85	0
1639	52	0
1640	153	0
1641	88	0
1642	155	0
1643	153	0
1644	155	0
1645	88	0
1646	115	0
1647	113	0
1648	189	0
1649	153	0
1650	88	0
1651	120	0
1652	52	0
1653	154	0
1654	86	0
1655	84	0
1656	156	0
1657	114	0
1658	86	0
1659	123	0
1660	54	0
1661	154	0
1662	157	0
1663	153	0
1664	58	0
1665	158	0
1666	155	0
1667	89	0
1668	159	0
1669	56	0
1670	58	0
1671	129	0
1672	57	0
1673	155	0
1674	155	0
1675	126	0
1676	112	0
1677	155	0
1678	129	0
1679	153	0
1680	88	0
1681	159	0
1682	190	0
1683	155	0
1684	113	0
1685	79	0
1686	117	0
1687	153	0
1688	55	0
1689	129	0
1690	121	0
1691	113	0
1692	114	0
1693	55	0
1694	119	0
1695	57	0
1696	83	0
1697	116	0
1698	160	0
1699	158	0
1700	154	0
1701	55	0
1702	87	0
1703	115	0
1704	126	0
1705	113	0
1706	129	0
1707	52	0
1708	88	0
1709	115	0
1710	82	0
1711	155	0
1712	51	0
1713	85	0
1714	155	0
1715	188	0
1716	53	0
1717	129	0
1718	155	0
1719	153	0
1720	157	0
1721	59	0
1722	189	0
1723	117	0
1724	86	0
1725	155	0
1726	129	0
1727	85	0
1728	115	0
1729	156	0
1730	155	0
1731	86	0
1732	153	0
1733	153	0
1734	153	0
1735	125	0
1736	80	0
1737	118	0
1738	159	0
1739	85	0
1740	89	0
1741	79	0
1742	79	0
1743	191	0
1744	52	0
1745	154	0
1746	113	0
1747	158	0
1748	86	0
1749	53	0
1750	121	0
1751	158	0
1752	189	0
1753	155	0
1754	59	0
1755	89	0
1756	189	0
1757	87	0
1758	190	0
1759	114	0
1760	126	0
1761	52	0
1762	120	0
1763	87	0
1764	154	0
1765	155	0
1766	159	0
1767	129	0
1768	89	0
1769	158	0
1770	123	0
1771	85	0
1772	115	0
1773	87	0
1774	83	0
1775	87	0
1776	86	0
1777	113	0
1778	155	0
1779	129	0
1780	113	0
1781	86	0
1782	121	0
1783	129	0
1784	86	0
1785	123	0
1786	159	0
1787	113	0
1788	117	0
1789	120	0
1790	130	0
1791	83	0
1792	155	0
1793	128	0
1794	81	0
1795	58	0
1796	58	0
1797	129	0
1798	154	0
1799	188	0
1800	55	0
1801	86	0
1802	158	0
1803	155	0
1804	55	0
1805	154	0
1806	87	0
1807	118	0
1808	191	0
1809	88	0
1810	55	0
1811	79	0
1812	191	0
1813	189	0
1814	89	0
1815	59	0
1816	83	0
1817	128	0
1818	113	0
1819	159	0
1820	122	0
1821	56	0
1822	89	0
1823	159	0
1824	157	0
1825	117	0
1826	85	0
1827	188	0
1828	153	0
1829	113	0
1830	85	0
1831	84	0
1832	154	0
1833	190	0
1834	125	0
1835	158	0
1836	59	0
1837	189	0
1838	87	0
1839	122	0
1840	189	0
1841	187	0
1842	89	0
1843	157	0
1844	113	0
1845	127	0
1846	120	0
1847	155	0
1848	157	0
1849	191	0
1850	123	0
1851	153	0
1852	155	0
1853	129	0
1854	126	0
1855	111	0
1856	154	0
1857	85	0
1858	81	0
1859	86	0
1860	112	0
1861	189	0
1862	79	0
1863	112	0
1864	120	0
1865	126	0
1866	191	0
1867	83	0
1868	191	0
1869	87	0
1870	159	0
1871	111	0
1872	87	0
1873	89	0
1874	129	0
1875	159	0
1876	51	0
1877	82	0
1878	185	0
1879	191	0
1880	79	0
1881	189	0
1882	82	0
1883	113	0
1884	87	0
1885	128	0
1886	190	0
1887	156	0
1888	87	0
1889	159	0
1890	87	0
1891	127	0
1892	83	0
1893	89	0
1894	85	0
1895	155	0
1896	85	0
1897	86	0
1898	87	0
1899	153	0
1900	155	0
1901	189	0
1902	157	0
1903	116	0
1904	156	0
1905	86	0
1906	123	0
1907	129	0
1908	85	0
1909	188	0
1910	81	0
1911	59	0
1912	153	0
1913	51	0
1914	157	0
1915	56	0
1916	85	0
1917	121	0
1918	154	0
1919	187	0
1920	86	0
1921	88	0
1922	115	0
1923	126	0
1924	126	0
1925	128	0
1926	153	0
1927	115	0
1928	85	0
1929	51	0
1930	87	0
1931	123	0
1932	190	0
1933	185	0
1934	188	0
1935	123	0
1936	159	0
1937	129	0
1938	51	0
1939	56	0
1940	119	0
1941	89	0
1942	80	0
1943	121	0
1944	55	0
1945	118	0
1946	189	0
1947	120	0
1948	83	0
1949	160	0
1950	186	0
1951	87	0
1952	51	0
1953	90	0
1954	80	0
1955	190	0
1956	51	0
1957	54	0
1958	126	0
1959	154	0
1960	155	0
1961	157	0
1962	187	0
1963	190	0
1964	159	0
1965	188	0
1966	57	0
1967	85	0
1968	154	0
1969	122	0
1970	127	0
1971	59	0
1972	112	0
1973	87	0
1974	58	0
1975	153	0
1976	54	0
1977	153	0
1978	112	0
1979	56	0
1980	185	0
1981	153	0
1982	190	0
1983	81	0
1984	86	0
1985	158	0
1986	155	0
1987	189	0
1988	53	0
1989	79	0
1990	54	0
1991	157	0
1992	123	0
1993	116	0
1994	159	0
1995	185	0
1996	129	0
1997	155	0
1998	55	0
1999	88	0
2000	125	0
2001	156	0
2002	154	0
2003	55	0
2004	129	0
2005	86	0
2006	51	0
2007	115	0
2008	120	0
2009	154	0
2010	159	0
2011	84	0
2012	126	0
2013	155	0
2014	129	0
2015	87	0
2016	189	0
2017	82	0
2018	123	0
2019	189	0
2020	188	0
2021	88	0
2022	188	0
2023	81	0
2024	130	0
2025	190	0
2026	115	0
2027	83	0
2028	85	0
2029	126	0
2030	52	0
2031	55	0
2032	115	0
2033	159	0
2034	156	0
2035	83	0
2036	86	0
2037	159	0
2038	153	0
2039	57	0
2040	115	0
2041	116	0
2042	155	0
2043	159	0
2044	87	0
2045	188	0
2046	57	0
2047	129	0
2048	155	0
2049	153	0
2050	57	0
2051	85	0
2052	117	0
2053	159	0
2054	186	0
2055	59	0
2056	155	0
2057	122	0
2058	119	0
2059	159	0
2060	82	0
2061	185	0
2062	87	0
2063	185	0
2064	54	0
2065	156	0
2066	154	0
2067	86	0
2068	113	0
2069	159	0
2070	156	0
2071	153	0
2072	153	0
2073	121	0
2074	112	0
2075	191	0
2076	123	0
2077	186	0
2078	125	0
2079	111	0
2080	191	0
2081	153	0
2082	152	0
2083	157	0
2084	154	0
2085	121	0
2086	191	0
2087	123	0
2088	156	0
2089	123	0
2090	185	0
2091	81	0
2092	58	0
2093	86	0
2094	189	0
2095	185	0
2096	83	0
2097	121	0
2098	81	0
2099	89	0
2100	185	0
2101	155	0
2102	191	0
2103	159	0
2104	85	0
2105	86	0
2106	154	0
2107	82	0
2108	160	0
2109	55	0
2110	88	0
2111	88	0
2112	52	0
2113	129	0
2114	85	0
2115	85	0
2116	130	0
2117	115	0
2118	157	0
2119	161	0
2120	57	0
2121	158	0
2122	113	0
2123	81	0
2124	129	0
2125	185	0
2126	191	0
2127	159	0
2128	191	0
2129	53	0
2130	52	0
2131	129	0
2132	159	0
2133	154	0
2134	58	0
2135	159	0
2136	155	0
2137	87	0
2138	52	0
2139	153	0
2140	81	0
2141	126	0
2142	89	0
2143	82	0
2144	155	0
2145	125	0
2146	89	0
2147	185	0
2148	153	0
2149	157	0
2150	89	0
2151	127	0
2152	89	0
2153	154	0
2154	89	0
2155	186	0
2156	185	0
2157	115	0
2158	154	0
2159	123	0
2160	89	0
2161	188	0
2162	53	0
2163	53	0
2164	85	0
2165	54	0
2166	118	0
2167	85	0
2168	82	0
2169	189	0
2170	185	0
2171	157	0
2172	86	0
2173	154	0
2174	191	0
2175	59	0
2176	56	0
2177	126	0
2178	157	0
2179	155	0
2180	53	0
2181	122	0
2182	86	0
2183	191	0
2184	86	0
2185	86	0
2186	79	0
2187	156	0
2188	191	0
2189	111	0
2190	51	0
2191	189	0
2192	190	0
2193	113	0
2194	155	0
2195	79	0
2196	127	0
2197	159	0
2198	113	0
2199	123	0
2200	123	0
2201	189	0
2202	117	0
2203	54	0
2204	79	0
2205	86	0
2206	112	0
2207	113	0
2208	113	0
2209	87	0
2210	119	0
2211	115	0
2212	58	0
2213	157	0
2214	89	0
2215	127	0
2216	154	0
2217	86	0
2218	88	0
2219	127	0
2220	159	0
2221	191	0
2222	114	0
2223	81	0
2224	187	0
2225	55	0
2226	186	0
2227	88	0
2228	86	0
2229	84	0
2230	188	0
2231	119	0
2232	117	0
2233	190	0
2234	84	0
2235	86	0
2236	153	0
2237	87	0
2238	153	0
2239	85	0
2240	115	0
2241	85	0
2242	129	0
2243	87	0
2244	159	0
2245	191	0
2246	191	0
2247	186	0
2248	81	0
2249	85	0
2250	158	0
2251	156	0
2252	152	0
2253	86	0
2254	189	0
2255	153	0
2256	117	0
2257	53	0
2258	56	0
2259	86	0
2260	157	0
2261	116	0
2262	86	0
2263	117	0
2264	83	0
2265	83	0
2266	51	0
2267	113	0
2268	120	0
2269	121	0
2270	155	0
2271	189	0
2272	186	0
2273	153	0
2274	159	0
2275	115	0
2276	186	0
2277	129	0
2278	129	0
2279	129	0
2280	155	0
2281	79	0
2282	87	0
2283	55	0
2284	156	0
2285	117	0
2286	189	0
2287	155	0
2288	80	0
2289	86	0
2290	86	0
2291	86	0
2292	154	0
2293	153	0
2294	117	0
2295	87	0
2296	119	0
2297	185	0
2298	86	0
2299	189	0
2300	117	0
2301	185	0
2302	79	0
2303	85	0
2304	83	0
2305	189	0
2306	155	0
2307	86	0
2308	155	0
2309	81	0
2310	111	0
2311	159	0
2312	129	0
2313	119	0
2314	87	0
2315	55	0
2316	85	0
2317	117	0
2318	129	0
2319	89	0
2320	125	0
2321	88	0
2322	161	0
2323	83	0
2324	54	0
2325	85	0
2326	87	0
2327	55	0
2328	79	0
2329	127	0
2330	159	0
2331	153	0
2332	115	0
2333	185	0
2334	59	0
2335	116	0
2336	85	0
2337	153	0
2338	154	0
2339	126	0
2340	85	0
2341	191	0
2342	86	0
2343	117	0
2344	125	0
2345	113	0
2346	129	0
2347	81	0
2348	185	0
2349	87	0
2350	80	0
2351	186	0
2352	191	0
2353	155	0
2354	186	0
2355	115	0
2356	155	0
2357	191	0
2358	115	0
2359	120	0
2360	158	0
2361	153	0
2362	86	0
2363	89	0
2364	85	0
2365	52	0
2366	112	0
2367	88	0
2368	55	0
2369	188	0
2370	158	0
2371	189	0
2372	87	0
2373	126	0
2374	159	0
2375	128	0
2376	85	0
2377	57	0
2378	122	0
2379	154	0
2380	127	0
2381	155	0
2382	85	0
2383	80	0
2384	53	0
2385	156	0
2386	157	0
2387	127	0
2388	57	0
2389	155	0
2390	129	0
2391	129	0
2392	88	0
2393	52	0
2394	57	0
2395	123	0
2396	85	0
2397	113	0
2398	153	0
2399	82	0
2400	51	0
2401	153	0
2402	119	0
2403	85	0
2404	80	0
2405	58	0
2406	89	0
2407	112	0
2408	153	0
2409	153	0
2410	113	0
2411	191	0
2412	191	0
2413	119	0
2414	81	0
2415	115	0
2416	158	0
2417	159	0
2418	154	0
2419	55	0
2420	88	0
2421	52	0
2422	58	0
2423	191	0
2424	58	0
2425	128	0
2426	53	0
2427	190	0
2428	189	0
2429	85	0
2430	114	0
2431	159	0
2432	159	0
2433	129	0
2434	54	0
2435	153	0
2436	115	0
2437	185	0
2438	159	0
2439	153	0
2440	159	0
2441	189	0
2442	128	0
2443	116	0
2444	126	0
2445	123	0
2446	88	0
2447	155	0
2448	87	0
2449	157	0
2450	158	0
2451	189	0
2452	84	0
2453	155	0
2454	84	0
2455	55	0
2456	158	0
2457	54	0
2458	155	0
2459	57	0
2460	160	0
2461	187	0
2462	112	0
2463	87	0
2464	154	0
2465	156	0
2466	117	0
2467	120	0
2468	55	0
2469	86	0
2470	129	0
2471	154	0
2472	186	0
2473	154	0
2474	123	0
2475	160	0
2476	51	0
2477	126	0
2478	59	0
2479	120	0
2480	155	0
2481	119	0
2482	59	0
2483	59	0
2484	86	0
2485	187	0
2486	83	0
2487	89	0
2488	87	0
2489	153	0
2490	86	0
2491	154	0
2492	86	0
2493	159	0
2494	83	0
2495	153	0
2496	131	0
2497	89	0
2498	87	0
2499	127	0
2500	123	0
2501	159	0
2502	159	0
2503	129	0
2504	54	0
2505	156	0
2506	129	0
2507	155	0
2508	158	0
2509	155	0
2510	81	0
2511	116	0
2512	188	0
2513	129	0
2514	54	0
2515	87	0
2516	83	0
2517	113	0
2518	86	0
2519	81	0
2520	55	0
2521	126	0
2522	117	0
2523	81	0
2524	153	0
2525	115	0
2526	58	0
2527	189	0
2528	116	0
2529	156	0
2530	55	0
2531	157	0
2532	87	0
2533	86	0
2534	53	0
2535	191	0
2536	88	0
2537	158	0
2538	153	0
2539	189	0
2540	157	0
2541	86	0
2542	79	0
2543	128	0
2544	186	0
2545	161	0
2546	121	0
2547	154	0
2548	53	0
2549	113	0
2550	153	0
2551	83	0
2552	154	0
2553	123	0
2554	123	0
2555	157	0
2556	117	0
2557	188	0
2558	159	0
2559	116	0
2560	53	0
2561	83	0
2562	57	0
2563	159	0
2564	115	0
2565	81	0
2566	158	0
2567	87	0
2568	119	0
2569	81	0
2570	153	0
2571	189	0
2572	186	0
2573	187	0
2574	87	0
2575	85	0
2576	129	0
2577	155	0
2578	59	0
2579	113	0
2580	81	0
2581	158	0
2582	87	0
2583	188	0
2584	129	0
2585	114	0
2586	154	0
2587	189	0
2588	153	0
2589	159	0
2590	155	0
2591	117	0
2592	86	0
2593	122	0
2594	55	0
2595	87	0
2596	127	0
2597	153	0
2598	115	0
2599	127	0
2600	126	0
2601	88	0
2602	85	0
2603	85	0
2604	191	0
2605	86	0
2606	118	0
2607	119	0
2608	159	0
2609	85	0
2610	88	0
2611	51	0
2612	188	0
2613	159	0
2614	88	0
2615	87	0
2616	185	0
2617	55	0
2618	127	0
2619	120	0
2620	152	0
2621	159	0
2622	85	0
2623	192	0
2624	156	0
2625	54	0
2626	119	0
2627	115	0
2628	188	0
2629	152	0
2630	115	0
2631	153	0
2632	82	0
2633	113	0
2634	153	0
2635	191	0
2636	191	0
2637	129	0
2638	155	0
2639	87	0
2640	153	0
2641	189	0
2642	86	0
2643	55	0
2644	158	0
2645	188	0
2646	122	0
2647	55	0
2648	54	0
2649	129	0
2650	120	0
2651	117	0
2652	129	0
2653	87	0
2654	159	0
2655	85	0
2656	155	0
2657	123	0
2658	189	0
2659	153	0
2660	153	0
2661	154	0
2662	126	0
2663	155	0
2664	52	0
2665	158	0
2666	188	0
2667	126	0
2668	185	0
2669	128	0
2670	153	0
2671	129	0
2672	88	0
2673	154	0
2674	86	0
2675	190	0
2676	122	0
2677	155	0
2678	55	0
2679	59	0
2680	83	0
2681	190	0
2682	156	0
2683	158	0
2684	86	0
2685	153	0
2686	111	0
2687	123	0
2688	116	0
2689	56	0
2690	128	0
2691	86	0
2692	116	0
2693	154	0
2694	57	0
2695	89	0
2696	113	0
2697	155	0
2698	112	0
2699	129	0
2700	89	0
2701	119	0
2702	128	0
2703	125	0
2704	156	0
2705	81	0
2706	185	0
2707	153	0
2708	129	0
2709	52	0
2710	86	0
2711	83	0
2712	86	0
2713	157	0
2714	122	0
2715	185	0
2716	123	0
2717	89	0
2718	159	0
2719	189	0
2720	86	0
2721	115	0
2722	154	0
2723	188	0
2724	191	0
2725	153	0
2726	54	0
2727	128	0
2728	55	0
2729	80	0
2730	56	0
2731	113	0
2732	121	0
2733	82	0
2734	51	0
2735	85	0
2736	153	0
2737	157	0
2738	154	0
2739	79	0
2740	81	0
2741	121	0
2742	126	0
2743	189	0
2744	155	0
2745	154	0
2746	81	0
2747	89	0
2748	159	0
2749	53	0
2750	86	0
2751	153	0
2752	114	0
2753	56	0
2754	155	0
2755	85	0
2756	123	0
2757	123	0
2758	155	0
2759	189	0
2760	119	0
2761	53	0
2762	155	0
2763	83	0
2764	55	0
2765	55	0
2766	87	0
2767	153	0
2768	157	0
2769	189	0
2770	117	0
2771	87	0
2772	129	0
2773	81	0
2774	159	0
2775	189	0
2776	56	0
2777	83	0
2778	55	0
2779	158	0
2780	51	0
2781	185	0
2782	57	0
2783	117	0
2784	158	0
2785	153	0
2786	191	0
2787	157	0
2788	158	0
2789	153	0
2790	55	0
2791	191	0
2792	153	0
2793	187	0
2794	185	0
2795	119	0
2796	88	0
2797	187	0
2798	159	0
2799	158	0
2800	155	0
2801	190	0
2802	86	0
2803	190	0
2804	86	0
2805	129	0
2806	116	0
2807	151	0
2808	187	0
2809	83	0
2810	125	0
2811	125	0
2812	153	0
2813	87	0
2814	127	0
2815	159	0
2816	186	0
2817	189	0
2818	87	0
2819	111	0
2820	157	0
2821	153	0
2822	153	0
2823	54	0
2824	83	0
2825	54	0
2826	157	0
2827	129	0
2828	154	0
2829	85	0
2830	85	0
2831	86	0
2832	159	0
2833	59	0
2834	87	0
2835	116	0
2836	189	0
2837	125	0
2838	127	0
2839	112	0
2840	81	0
2841	84	0
2842	189	0
2843	115	0
2844	85	0
2845	53	0
2846	123	0
2847	86	0
2848	154	0
2849	83	0
2850	57	0
2851	116	0
2852	190	0
2853	87	0
2854	53	0
2855	157	0
2856	85	0
2857	89	0
2858	189	0
2859	126	0
2860	54	0
2861	125	0
2862	115	0
2863	190	0
2864	191	0
2865	121	0
2866	55	0
2867	81	0
2868	189	0
2869	153	0
2870	88	0
2871	89	0
2872	81	0
2873	153	0
2874	54	0
2875	189	0
2876	128	0
2877	117	0
2878	84	0
2879	86	0
2880	155	0
2881	126	0
2882	53	0
2883	83	0
2884	112	0
2885	126	0
2886	82	0
2887	116	0
2888	128	0
2889	158	0
2890	129	0
2891	158	0
2892	51	0
2893	131	0
2894	158	0
2895	57	0
2896	79	0
2897	129	0
2898	125	0
2899	154	0
2900	111	0
2901	116	0
2902	57	0
2903	57	0
2904	185	0
2905	157	0
2906	154	0
2907	189	0
2908	159	0
2909	189	0
2910	189	0
2911	56	0
2912	189	0
2913	85	0
2914	129	0
2915	85	0
2916	86	0
2917	59	0
2918	129	0
2919	52	0
2920	158	0
2921	89	0
2922	154	0
2923	59	0
2924	125	0
2925	123	0
2926	89	0
2927	154	0
2928	115	0
2929	158	0
2930	59	0
2931	53	0
2932	57	0
2933	189	0
2934	85	0
2935	121	0
2936	117	0
2937	153	0
2938	86	0
2939	157	0
2940	87	0
2941	52	0
2942	153	0
2943	119	0
2944	79	0
2945	59	0
2946	55	0
2947	115	0
2948	188	0
2949	129	0
2950	87	0
2951	119	0
2952	120	0
2953	115	0
2954	111	0
2955	87	0
2956	155	0
2957	87	0
2958	155	0
2959	81	0
2960	155	0
2961	157	0
2962	158	0
2963	127	0
2964	121	0
2965	159	0
2966	87	0
2967	85	0
2968	115	0
2969	160	0
2970	87	0
2971	128	0
2972	117	0
2973	188	0
2974	158	0
2975	113	0
2976	155	0
2977	158	0
2978	85	0
2979	187	0
2980	153	0
2981	55	0
2982	189	0
2983	87	0
2984	129	0
2985	115	0
2986	83	0
2987	85	0
2988	55	0
2989	88	0
2990	125	0
2991	58	0
2992	81	0
2993	85	0
2994	87	0
2995	56	0
2996	81	0
2997	121	0
2998	190	0
2999	89	0
3000	113	0
3001	55	0
3002	154	0
3003	189	0
3004	56	0
3005	88	0
3006	87	0
3007	187	0
3008	125	0
3009	159	0
3010	86	0
3011	89	0
3012	189	0
3013	155	0
3014	123	0
3015	89	0
3016	86	0
3017	126	0
3018	53	0
3019	157	0
3020	122	0
3021	155	0
3022	126	0
3023	87	0
3024	129	0
3025	112	0
3026	191	0
3027	115	0
3028	185	0
3029	113	0
3030	120	0
3031	187	0
3032	113	0
3033	158	0
3034	153	0
3035	154	0
3036	126	0
3037	83	0
3038	153	0
3039	53	0
3040	114	0
3041	57	0
3042	159	0
3043	185	0
3044	79	0
3045	125	0
3046	83	0
3047	87	0
3048	129	0
3049	159	0
3050	79	0
3051	157	0
3052	153	0
3053	55	0
3054	154	0
3055	129	0
3056	86	0
3057	115	0
3058	80	0
3059	80	0
3060	129	0
3061	159	0
3062	186	0
3063	57	0
3064	161	0
3065	89	0
3066	79	0
3067	81	0
3068	129	0
3069	86	0
3070	125	0
3071	160	0
3072	189	0
3073	123	0
3074	53	0
3075	156	0
3076	188	0
3077	155	0
3078	54	0
3079	88	0
3080	57	0
3081	86	0
3082	129	0
3083	120	0
3084	116	0
3085	154	0
3086	87	0
3087	156	0
3088	87	0
3089	115	0
3090	155	0
3091	86	0
3092	113	0
3093	127	0
3094	159	0
3095	157	0
3096	125	0
3097	155	0
3098	117	0
3099	155	0
3100	81	0
3101	156	0
3102	157	0
3103	85	0
3104	152	0
3105	55	0
3106	154	0
3107	129	0
3108	157	0
3109	86	0
3110	129	0
3111	56	0
3112	89	0
3113	191	0
3114	157	0
3115	190	0
3116	158	0
3117	192	0
3118	119	0
3119	127	0
3120	159	0
3121	157	0
3122	159	0
3123	158	0
3124	189	0
3125	85	0
3126	80	0
3127	153	0
3128	191	0
3129	89	0
3130	88	0
3131	56	0
3132	155	0
3133	125	0
3134	186	0
3135	86	0
3136	155	0
3137	157	0
3138	155	0
3139	189	0
3140	81	0
3141	115	0
3142	119	0
3143	59	0
3144	113	0
3145	86	0
3146	185	0
3147	80	0
3148	186	0
3149	156	0
3150	155	0
3151	52	0
3152	89	0
3153	56	0
3154	129	0
3155	125	0
3156	154	0
3157	117	0
3158	113	0
3159	53	0
3160	157	0
3161	187	0
3162	83	0
3163	152	0
3164	86	0
3165	116	0
3166	82	0
3167	83	0
3168	154	0
3169	120	0
3170	155	0
3171	160	0
3172	80	0
3173	154	0
3174	83	0
3175	128	0
3176	51	0
3177	85	0
3178	154	0
3179	57	0
3180	191	0
3181	159	0
3182	189	0
3183	153	0
3184	82	0
3185	185	0
3186	117	0
3187	79	0
3188	153	0
3189	154	0
3190	83	0
3191	87	0
3192	155	0
3193	118	0
3194	155	0
3195	86	0
3196	156	0
3197	190	0
3198	119	0
3199	153	0
3200	187	0
3201	83	0
3202	123	0
3203	116	0
3204	160	0
3205	127	0
3206	83	0
3207	87	0
3208	113	0
3209	158	0
3210	125	0
3211	128	0
3212	121	0
3213	113	0
3214	119	0
3215	126	0
3216	88	0
3217	190	0
3218	187	0
3219	187	0
3220	118	0
3221	129	0
3222	155	0
3223	154	0
3224	126	0
3225	153	0
3226	188	0
3227	129	0
3228	121	0
3229	59	0
3230	87	0
3231	128	0
3232	52	0
3233	85	0
3234	159	0
3235	159	0
3236	57	0
3237	161	0
3238	127	0
3239	57	0
3240	158	0
3241	189	0
3242	159	0
3243	79	0
3244	123	0
3245	114	0
3246	84	0
3247	115	0
3248	153	0
3249	159	0
3250	125	0
3251	158	0
3252	116	0
3253	88	0
3254	120	0
3255	89	0
3256	57	0
3257	84	0
3258	191	0
3259	126	0
3260	123	0
3261	113	0
3262	158	0
3263	157	0
3264	85	0
3265	89	0
3266	155	0
3267	115	0
3268	55	0
3269	189	0
3270	159	0
3271	81	0
3272	88	0
3273	86	0
3274	114	0
3275	85	0
3276	121	0
3277	155	0
3278	155	0
3279	79	0
3280	53	0
3281	160	0
3282	129	0
3283	54	0
3284	56	0
3285	55	0
3286	189	0
3287	189	0
3288	55	0
3289	85	0
3290	55	0
3291	56	0
3292	154	0
3293	159	0
3294	85	0
3295	187	0
3296	85	0
3297	155	0
3298	158	0
3299	155	0
3300	123	0
3301	80	0
3302	81	0
3303	155	0
3304	158	0
3305	83	0
3306	123	0
3307	156	0
3308	189	0
3309	87	0
3310	130	0
3311	126	0
3312	157	0
3313	52	0
3314	155	0
3315	81	0
3316	53	0
3317	57	0
3318	129	0
3319	86	0
3320	188	0
3321	158	0
3322	127	0
3323	86	0
3324	191	0
3325	157	0
3326	87	0
3327	129	0
3328	191	0
3329	57	0
3330	83	0
3331	192	0
3332	89	0
3333	191	0
3334	154	0
3335	129	0
3336	130	0
3337	121	0
3338	125	0
3339	115	0
3340	129	0
3341	116	0
3342	55	0
3343	83	0
3344	157	0
3345	89	0
3346	121	0
3347	87	0
3348	58	0
3349	81	0
3350	153	0
3351	154	0
3352	129	0
3353	51	0
3354	153	0
3355	121	0
3356	81	0
3357	88	0
3358	121	0
3359	87	0
3360	51	0
3361	112	0
3362	185	0
3363	155	0
3364	81	0
3365	85	0
3366	126	0
3367	85	0
3368	115	0
3369	87	0
3370	158	0
3371	87	0
3372	189	0
3373	54	0
3374	88	0
3375	157	0
3376	112	0
3377	153	0
3378	85	0
3379	158	0
3380	153	0
3381	185	0
3382	155	0
3383	123	0
3384	85	0
3385	81	0
3386	124	0
3387	117	0
3388	153	0
3389	154	0
3390	121	0
3391	55	0
3392	52	0
3393	58	0
3394	160	0
3395	189	0
3396	185	0
3397	190	0
3398	87	0
3399	85	0
3400	151	0
3401	151	0
3402	87	0
3403	153	0
3404	157	0
3405	155	0
3406	81	0
3407	87	0
3408	87	0
3409	153	0
3410	188	0
3411	116	0
3412	157	0
3413	159	0
3414	82	0
3415	85	0
3416	59	0
3417	79	0
3418	159	0
3419	115	0
3420	117	0
3421	81	0
3422	158	0
3423	89	0
3424	158	0
3425	190	0
3426	115	0
3427	87	0
3428	85	0
3429	158	0
3430	125	0
3431	188	0
3432	85	0
3433	153	0
3434	153	0
3435	153	0
3436	188	0
3437	187	0
3438	87	0
3439	119	0
3440	59	0
3441	115	0
3442	153	0
3443	190	0
3444	89	0
3445	117	0
3446	157	0
3447	82	0
3448	189	0
3449	88	0
3450	154	0
3451	89	0
3452	81	0
3453	125	0
3454	189	0
3455	185	0
3456	81	0
3457	123	0
3458	54	0
3459	187	0
3460	89	0
3461	159	0
3462	187	0
3463	83	0
3464	88	0
3465	158	0
3466	87	0
3467	153	0
3468	153	0
3469	87	0
3470	155	0
3471	113	0
3472	156	0
3473	115	0
3474	158	0
3475	156	0
3476	83	0
3477	86	0
3478	155	0
3479	55	0
3480	87	0
3481	185	0
3482	56	0
3483	125	0
3484	89	0
3485	86	0
3486	79	0
3487	82	0
3488	121	0
3489	85	0
3490	113	0
3491	158	0
3492	117	0
3493	155	0
3494	113	0
3495	85	0
3496	158	0
3497	55	0
3498	129	0
3499	79	0
3500	115	0
3501	154	0
3502	155	0
3503	115	0
3504	190	0
3505	89	0
3506	59	0
3507	83	0
3508	59	0
3509	81	0
3510	84	0
3511	86	0
3512	126	0
3513	53	0
3514	81	0
3515	55	0
3516	58	0
3517	87	0
3518	156	0
3519	189	0
3520	189	0
3521	86	0
3522	185	0
3523	191	0
3524	121	0
3525	129	0
3526	153	0
3527	55	0
3528	115	0
3529	153	0
3530	111	0
3531	155	0
3532	56	0
3533	113	0
3534	117	0
3535	55	0
3536	57	0
3537	154	0
3538	126	0
3539	155	0
3540	155	0
3541	157	0
3542	190	0
3543	87	0
3544	89	0
3545	56	0
3546	89	0
3547	125	0
3548	119	0
3549	129	0
3550	55	0
3551	57	0
3552	155	0
3553	157	0
3554	79	0
3555	57	0
3556	191	0
3557	187	0
3558	54	0
3559	126	0
3560	159	0
3561	191	0
3562	80	0
3563	86	0
3564	81	0
3565	191	0
3566	59	0
3567	113	0
3568	123	0
3569	56	0
3570	57	0
3571	153	0
3572	129	0
3573	53	0
3574	156	0
3575	154	0
3576	153	0
3577	57	0
3578	111	0
3579	117	0
3580	85	0
3581	55	0
3582	89	0
3583	155	0
3584	152	0
3585	81	0
3586	113	0
3587	155	0
3588	87	0
3589	157	0
3590	85	0
3591	81	0
3592	153	0
3593	157	0
3594	55	0
3595	153	0
3596	87	0
3597	159	0
3598	189	0
3599	185	0
3600	158	0
3601	159	0
3602	154	0
3603	190	0
3604	57	0
3605	121	0
3606	188	0
3607	131	0
3608	86	0
3609	158	0
3610	189	0
3611	157	0
3612	117	0
3613	126	0
3614	85	0
3615	129	0
3616	57	0
3617	113	0
3618	185	0
3619	89	0
3620	119	0
3621	89	0
3622	83	0
3623	86	0
3624	117	0
3625	129	0
3626	79	0
3627	79	0
3628	59	0
3629	86	0
3630	154	0
3631	57	0
3632	122	0
3633	152	0
3634	123	0
3635	79	0
3636	87	0
3637	54	0
3638	119	0
3639	186	0
3640	83	0
3641	154	0
3642	127	0
3643	55	0
3644	117	0
3645	153	0
3646	189	0
3647	115	0
3648	159	0
3649	85	0
3650	119	0
3651	191	0
3652	80	0
3653	155	0
3654	129	0
3655	59	0
3656	152	0
3657	154	0
3658	158	0
3659	154	0
3660	83	0
3661	189	0
3662	154	0
3663	85	0
3664	121	0
3665	123	0
3666	87	0
3667	115	0
3668	86	0
3669	126	0
3670	117	0
3671	189	0
3672	113	0
3673	51	0
3674	88	0
3675	83	0
3676	115	0
3677	115	0
3678	188	0
3679	83	0
3680	85	0
3681	79	0
3682	157	0
3683	57	0
3684	81	0
3685	153	0
3686	87	0
3687	87	0
3688	161	0
3689	160	0
3690	119	0
3691	156	0
3692	118	0
3693	51	0
3694	86	0
3695	87	0
3696	127	0
3697	189	0
3698	88	0
3699	87	0
3700	123	0
3701	114	0
3702	156	0
3703	85	0
3704	87	0
3705	126	0
3706	158	0
3707	122	0
3708	82	0
3709	161	0
3710	121	0
3711	153	0
3712	88	0
3713	54	0
3714	152	0
3715	85	0
3716	154	0
3717	55	0
3718	187	0
3719	155	0
3720	188	0
3721	114	0
3722	88	0
3723	83	0
3724	191	0
3725	155	0
3726	154	0
3727	125	0
3728	111	0
3729	81	0
3730	85	0
3731	129	0
3732	158	0
3733	153	0
3734	123	0
3735	129	0
3736	159	0
3737	113	0
3738	155	0
3739	159	0
3740	157	0
3741	119	0
3742	157	0
3743	88	0
3744	153	0
3745	125	0
3746	157	0
3747	159	0
3748	121	0
3749	185	0
3750	157	0
3751	154	0
3752	84	0
3753	129	0
3754	159	0
3755	55	0
3756	188	0
3757	87	0
3758	58	0
3759	119	0
3760	122	0
3761	158	0
3762	126	0
3763	156	0
3764	154	0
3765	158	0
3766	156	0
3767	155	0
3768	158	0
3769	87	0
3770	86	0
3771	57	0
3772	153	0
3773	125	0
3774	58	0
3775	115	0
3776	125	0
3777	119	0
3778	189	0
3779	123	0
3780	191	0
3781	190	0
3782	129	0
3783	119	0
3784	153	0
3785	119	0
3786	89	0
3787	117	0
3788	87	0
3789	154	0
3790	153	0
3791	123	0
3792	159	0
3793	187	0
3794	86	0
3795	86	0
3796	154	0
3797	155	0
3798	159	0
3799	84	0
3800	130	0
3801	54	0
3802	117	0
3803	121	0
3804	121	0
3805	59	0
3806	154	0
3807	122	0
3808	112	0
3809	157	0
3810	57	0
3811	125	0
3812	155	0
3813	81	0
3814	81	0
3815	119	0
3816	129	0
3817	56	0
3818	113	0
3819	153	0
3820	89	0
3821	87	0
3822	153	0
3823	53	0
3824	85	0
3825	189	0
3826	55	0
3827	113	0
3828	118	0
3829	90	0
3830	113	0
3831	51	0
3832	86	0
3833	115	0
3834	115	0
3835	83	0
3836	115	0
3837	185	0
3838	153	0
3839	120	0
3840	157	0
3841	85	0
3842	153	0
3843	155	0
3844	154	0
3845	123	0
3846	160	0
3847	84	0
3848	155	0
3849	158	0
3850	115	0
3851	186	0
3852	185	0
3853	125	0
3854	155	0
3855	189	0
3856	57	0
3857	120	0
3858	157	0
3859	158	0
3860	59	0
3861	115	0
3862	117	0
3863	155	0
3864	157	0
3865	155	0
3866	157	0
3867	157	0
3868	115	0
3869	154	0
3870	87	0
3871	123	0
3872	186	0
3873	156	0
3874	129	0
3875	89	0
3876	115	0
3877	189	0
3878	152	0
3879	129	0
3880	85	0
3881	87	0
3882	152	0
3883	154	0
3884	113	0
3885	87	0
3886	125	0
3887	125	0
3888	153	0
3889	123	0
3890	128	0
3891	126	0
3892	89	0
3893	86	0
3894	56	0
3895	128	0
3896	85	0
3897	155	0
3898	187	0
3899	155	0
3900	84	0
3901	87	0
3902	159	0
3903	87	0
3904	189	0
3905	159	0
3906	54	0
3907	55	0
3908	86	0
3909	158	0
3910	51	0
3911	51	0
3912	115	0
3913	89	0
3914	84	0
3915	115	0
3916	157	0
3917	157	0
3918	157	0
3919	123	0
3920	59	0
3921	55	0
3922	83	0
3923	55	0
3924	129	0
3925	114	0
3926	191	0
3927	57	0
3928	81	0
3929	85	0
3930	87	0
3931	153	0
3932	85	0
3933	86	0
3934	113	0
3935	187	0
3936	59	0
3937	119	0
3938	158	0
3939	127	0
3940	125	0
3941	58	0
3942	189	0
3943	53	0
3944	58	0
3945	156	0
3946	159	0
3947	189	0
3948	125	0
3949	188	0
3950	120	0
3951	89	0
3952	111	0
3953	85	0
3954	85	0
3955	82	0
3956	81	0
3957	58	0
3958	123	0
3959	85	0
3960	86	0
3961	113	0
3962	88	0
3963	87	0
3964	115	0
3965	56	0
3966	54	0
3967	85	0
3968	161	0
3969	87	0
3970	56	0
3971	84	0
3972	154	0
3973	57	0
3974	87	0
3975	85	0
3976	154	0
3977	88	0
3978	116	0
3979	116	0
3980	60	0
3981	154	0
3982	159	0
3983	155	0
3984	86	0
3985	115	0
3986	87	0
3987	153	0
3988	113	0
3989	191	0
3990	89	0
3991	153	0
3992	81	0
3993	115	0
3994	86	0
3995	155	0
3996	187	0
3997	86	0
3998	159	0
3999	128	0
4000	187	0
4001	59	0
4002	155	0
4003	160	0
4004	55	0
4005	185	0
4006	117	0
4007	87	0
4008	55	0
4009	117	0
4010	185	0
4011	56	0
4012	87	0
4013	89	0
4014	87	0
4015	161	0
4016	81	0
4017	161	0
4018	121	0
4019	188	0
4020	113	0
4021	125	0
4022	161	0
4023	57	0
4024	158	0
4025	186	0
4026	155	0
4027	127	0
4028	53	0
4029	84	0
4030	83	0
4031	159	0
4032	86	0
4033	111	0
4034	157	0
4035	153	0
4036	190	0
4037	129	0
4038	129	0
4039	155	0
4040	185	0
4041	86	0
4042	112	0
4043	53	0
4044	124	0
4045	55	0
4046	86	0
4047	121	0
4048	191	0
4049	55	0
4050	188	0
4051	189	0
4052	126	0
4053	192	0
4054	55	0
4055	190	0
4056	159	0
4057	81	0
4058	157	0
4059	155	0
4060	86	0
4061	84	0
4062	185	0
4063	188	0
4064	86	0
4065	153	0
4066	83	0
4067	59	0
4068	185	0
4069	191	0
4070	85	0
4071	54	0
4072	126	0
4073	123	0
4074	153	0
4075	88	0
4076	159	0
4077	119	0
4078	119	0
4079	86	0
4080	156	0
4081	114	0
4082	153	0
4083	189	0
4084	153	0
4085	188	0
4086	86	0
4087	189	0
4088	119	0
4089	89	0
4090	122	0
4091	157	0
4092	186	0
4093	129	0
4094	155	0
4095	191	0
4096	153	0
4097	87	0
4098	185	0
4099	87	0
4100	126	0
4101	115	0
4102	128	0
4103	83	0
4104	159	0
4105	127	0
4106	120	0
4107	88	0
4108	83	0
4109	88	0
4110	57	0
4111	191	0
4112	58	0
4113	85	0
4114	113	0
4115	154	0
4116	88	0
4117	115	0
4118	112	0
4119	79	0
4120	155	0
4121	115	0
4122	116	0
4123	156	0
4124	59	0
4125	113	0
4126	57	0
4127	191	0
4128	83	0
4129	155	0
4130	125	0
4131	125	0
4132	58	0
4133	189	0
4134	129	0
4135	55	0
4136	122	0
4137	111	0
4138	56	0
4139	57	0
4140	119	0
4141	88	0
4142	116	0
4143	116	0
4144	111	0
4145	191	0
4146	80	0
4147	116	0
4148	129	0
4149	190	0
4150	153	0
4151	87	0
4152	125	0
4153	120	0
4154	159	0
4155	122	0
4156	189	0
4157	154	0
4158	81	0
4159	189	0
4160	81	0
4161	121	0
4162	159	0
4163	87	0
4164	155	0
4165	115	0
4166	88	0
4167	52	0
4168	128	0
4169	81	0
4170	159	0
4171	159	0
4172	55	0
4173	87	0
4174	191	0
4175	189	0
4176	189	0
4177	129	0
4178	188	0
4179	117	0
4180	87	0
4181	156	0
4182	83	0
4183	88	0
4184	87	0
4185	189	0
4186	116	0
4187	87	0
4188	78	0
4189	87	0
4190	157	0
4191	129	0
4192	122	0
4193	155	0
4194	80	0
4195	82	0
4196	85	0
4197	86	0
4198	85	0
4199	157	0
4200	125	0
4201	157	0
4202	126	0
4203	81	0
4204	156	0
4205	87	0
4206	155	0
4207	112	0
4208	161	0
4209	155	0
4210	125	0
4211	52	0
4212	54	0
4213	122	0
4214	129	0
4215	113	0
4216	119	0
4217	52	0
4218	55	0
4219	158	0
4220	157	0
4221	191	0
4222	86	0
4223	188	0
4224	81	0
4225	161	0
4226	85	0
4227	123	0
4228	86	0
4229	86	0
4230	87	0
4231	58	0
4232	158	0
4233	117	0
4234	155	0
4235	129	0
4236	155	0
4237	156	0
4238	191	0
4239	53	0
4240	155	0
4241	113	0
4242	83	0
4243	128	0
4244	185	0
4245	188	0
4246	159	0
4247	189	0
4248	117	0
4249	86	0
4250	87	0
4251	59	0
4252	125	0
4253	87	0
4254	190	0
4255	125	0
4256	113	0
4257	57	0
4258	123	0
4259	52	0
4260	123	0
4261	85	0
4262	86	0
4263	189	0
4264	158	0
4265	129	0
4266	115	0
4267	80	0
4268	190	0
4269	157	0
4270	153	0
4271	115	0
4272	129	0
4273	85	0
4274	126	0
4275	129	0
4276	57	0
4277	126	0
4278	126	0
4279	113	0
4280	157	0
4281	113	0
4282	153	0
4283	152	0
4284	55	0
4285	57	0
4286	123	0
4287	188	0
4288	154	0
4289	155	0
4290	154	0
4291	83	0
4292	160	0
4293	159	0
4294	52	0
4295	85	0
4296	81	0
4297	83	0
4298	159	0
4299	59	0
4300	84	0
4301	126	0
4302	53	0
4303	58	0
4304	113	0
4305	187	0
4306	160	0
4307	158	0
4308	86	0
4309	81	0
4310	123	0
4311	159	0
4312	190	0
4313	117	0
4314	127	0
4315	58	0
4316	119	0
4317	156	0
4318	161	0
4319	157	0
4320	86	0
4321	153	0
4322	189	0
4323	154	0
4324	55	0
4325	81	0
4326	81	0
4327	159	0
4328	115	0
4329	115	0
4330	189	0
4331	85	0
4332	129	0
4333	86	0
4334	189	0
4335	87	0
4336	85	0
4337	58	0
4338	86	0
4339	86	0
4340	186	0
4341	126	0
4342	87	0
4343	154	0
4344	113	0
4345	153	0
4346	55	0
4347	85	0
4348	120	0
4349	155	0
4350	58	0
4351	86	0
4352	158	0
4353	51	0
4354	87	0
4355	188	0
4356	86	0
4357	187	0
4358	53	0
4359	128	0
4360	115	0
4361	51	0
4362	56	0
4363	188	0
4364	187	0
4365	189	0
4366	57	0
4367	82	0
4368	54	0
4369	85	0
4370	87	0
4371	160	0
4372	122	0
4373	191	0
4374	123	0
4375	189	0
4376	154	0
4377	55	0
4378	157	0
4379	121	0
4380	88	0
4381	55	0
4382	154	0
4383	127	0
4384	161	0
4385	157	0
4386	120	0
4387	117	0
4388	117	0
4389	83	0
4390	125	0
4391	52	0
4392	85	0
4393	157	0
4394	54	0
4395	154	0
4396	123	0
4397	154	0
4398	85	0
4399	155	0
4400	83	0
4401	82	0
4402	81	0
4403	159	0
4404	113	0
4405	79	0
4406	157	0
4407	188	0
4408	85	0
4409	155	0
4410	53	0
4411	154	0
4412	160	0
4413	154	0
4414	54	0
4415	58	0
4416	129	0
4417	87	0
4418	161	0
4419	83	0
4420	87	0
4421	189	0
4422	54	0
4423	158	0
4424	88	0
4425	128	0
4426	159	0
4427	115	0
4428	87	0
4429	55	0
4430	81	0
4431	113	0
4432	89	0
4433	118	0
4434	83	0
4435	81	0
4436	112	0
4437	159	0
4438	158	0
4439	186	0
4440	157	0
4441	191	0
4442	86	0
4443	57	0
4444	155	0
4445	159	0
4446	191	0
4447	82	0
4448	153	0
4449	121	0
4450	153	0
4451	153	0
4452	56	0
4453	116	0
4454	87	0
4455	87	0
4456	129	0
4457	190	0
4458	189	0
4459	114	0
4460	55	0
4461	154	0
4462	115	0
4463	158	0
4464	125	0
4465	87	0
4466	157	0
4467	191	0
4468	83	0
4469	125	0
4470	79	0
4471	86	0
4472	125	0
4473	125	0
4474	113	0
4475	82	0
4476	158	0
4477	153	0
4478	120	0
4479	87	0
4480	155	0
4481	87	0
4482	81	0
4483	122	0
4484	185	0
4485	186	0
4486	86	0
4487	123	0
4488	189	0
4489	83	0
4490	185	0
4491	86	0
4492	157	0
4493	158	0
4494	86	0
4495	185	0
4496	87	0
4497	188	0
4498	160	0
4499	80	0
4500	80	0
4501	85	0
4502	123	0
4503	87	0
4504	85	0
4505	155	0
4506	121	0
4507	153	0
4508	81	0
4509	154	0
4510	185	0
4511	83	0
4512	83	0
4513	129	0
4514	51	0
4515	56	0
4516	160	0
4517	129	0
4518	125	0
4519	188	0
4520	81	0
4521	153	0
4522	154	0
4523	159	0
4524	89	0
4525	128	0
4526	51	0
4527	159	0
4528	121	0
4529	154	0
4530	115	0
4531	85	0
4532	111	0
4533	88	0
4534	57	0
4535	87	0
4536	59	0
4537	57	0
4538	55	0
4539	118	0
4540	51	0
4541	119	0
4542	53	0
4543	126	0
4544	79	0
4545	116	0
4546	153	0
4547	155	0
4548	82	0
4549	115	0
4550	86	0
4551	158	0
4552	116	0
4553	57	0
4554	85	0
4555	156	0
4556	55	0
4557	187	0
4558	85	0
4559	129	0
4560	123	0
4561	85	0
4562	89	0
4563	189	0
4564	189	0
4565	115	0
4566	159	0
4567	52	0
4568	52	0
4569	89	0
4570	154	0
4571	119	0
4572	55	0
4573	157	0
4574	153	0
4575	188	0
4576	153	0
4577	115	0
4578	159	0
4579	87	0
4580	154	0
4581	158	0
4582	121	0
4583	81	0
4584	81	0
4585	125	0
4586	155	0
4587	54	0
4588	156	0
4589	117	0
4590	58	0
4591	188	0
4592	89	0
4593	129	0
4594	119	0
4595	189	0
4596	155	0
4597	53	0
4598	189	0
4599	113	0
4600	153	0
4601	155	0
4602	191	0
4603	155	0
4604	87	0
4605	188	0
4606	158	0
4607	153	0
4608	86	0
4609	56	0
4610	56	0
4611	87	0
4612	52	0
4613	158	0
4614	129	0
4615	86	0
4616	79	0
4617	81	0
4618	119	0
4619	153	0
4620	186	0
4621	122	0
4622	58	0
4623	88	0
4624	86	0
4625	55	0
4626	81	0
4627	54	0
4628	155	0
4629	125	0
4630	153	0
4631	82	0
4632	157	0
4633	87	0
4634	81	0
4635	81	0
4636	83	0
4637	189	0
4638	89	0
4639	120	0
4640	185	0
4641	189	0
4642	155	0
4643	157	0
4644	155	0
4645	86	0
4646	88	0
4647	152	0
4648	127	0
4649	88	0
4650	126	0
4651	89	0
4652	85	0
4653	55	0
4654	87	0
4655	113	0
4656	85	0
4657	157	0
4658	85	0
4659	153	0
4660	159	0
4661	54	0
4662	111	0
4663	186	0
4664	154	0
4665	155	0
4666	125	0
4667	83	0
4668	121	0
4669	154	0
4670	187	0
4671	86	0
4672	51	0
4673	160	0
4674	125	0
4675	118	0
4676	129	0
4677	153	0
4678	125	0
4679	185	0
4680	189	0
4681	188	0
4682	88	0
4683	153	0
4684	151	0
4685	157	0
4686	79	0
4687	153	0
4688	185	0
4689	87	0
4690	117	0
4691	116	0
4692	130	0
4693	153	0
4694	159	0
4695	121	0
4696	159	0
4697	127	0
4698	189	0
4699	57	0
4700	58	0
4701	159	0
4702	186	0
4703	157	0
4704	88	0
4705	116	0
4706	86	0
4707	83	0
4708	157	0
4709	79	0
4710	188	0
4711	187	0
4712	126	0
4713	116	0
4714	126	0
4715	80	0
4716	159	0
4717	121	0
4718	111	0
4719	125	0
4720	159	0
4721	55	0
4722	187	0
4723	119	0
4724	125	0
4725	189	0
4726	55	0
4727	58	0
4728	187	0
4729	55	0
4730	125	0
4731	79	0
4732	83	0
4733	122	0
4734	189	0
4735	87	0
4736	156	0
4737	122	0
4738	130	0
4739	153	0
4740	159	0
4741	55	0
4742	117	0
4743	125	0
4744	114	0
4745	127	0
4746	155	0
4747	121	0
4748	59	0
4749	56	0
4750	85	0
4751	54	0
4752	190	0
4753	115	0
4754	80	0
4755	157	0
4756	123	0
4757	190	0
4758	83	0
4759	191	0
4760	113	0
4761	59	0
4762	128	0
4763	116	0
4764	86	0
4765	122	0
4766	125	0
4767	119	0
4768	153	0
4769	187	0
4770	127	0
4771	154	0
4772	189	0
4773	87	0
4774	86	0
4775	155	0
4776	155	0
4777	155	0
4778	125	0
4779	51	0
4780	89	0
4781	115	0
4782	155	0
4783	115	0
4784	160	0
4785	187	0
4786	123	0
4787	158	0
4788	155	0
4789	159	0
4790	189	0
4791	86	0
4792	155	0
4793	160	0
4794	121	0
4795	189	0
4796	155	0
4797	83	0
4798	51	0
4799	189	0
4800	56	0
4801	86	0
4802	124	0
4803	155	0
4804	88	0
4805	60	0
4806	153	0
4807	79	0
4808	88	0
4809	86	0
4810	126	0
4811	188	0
4812	155	0
4813	87	0
4814	119	0
4815	129	0
4816	189	0
4817	155	0
4818	125	0
4819	86	0
4820	86	0
4821	189	0
4822	89	0
4823	156	0
4824	185	0
4825	159	0
4826	187	0
4827	53	0
4828	115	0
4829	189	0
4830	126	0
4831	87	0
4832	155	0
4833	156	0
4834	122	0
4835	153	0
4836	117	0
4837	154	0
4838	81	0
4839	157	0
4840	158	0
4841	187	0
4842	154	0
4843	115	0
4844	79	0
4845	53	0
4846	113	0
4847	88	0
4848	85	0
4849	85	0
4850	86	0
4851	85	0
4852	88	0
4853	151	0
4854	156	0
4855	85	0
4856	115	0
4857	129	0
4858	59	0
4859	153	0
4860	129	0
4861	81	0
4862	190	0
4863	117	0
4864	86	0
4865	89	0
4866	114	0
4867	159	0
4868	120	0
4869	59	0
4870	117	0
4871	51	0
4872	185	0
4873	189	0
4874	120	0
4875	125	0
4876	153	0
4877	189	0
4878	127	0
4879	51	0
4880	112	0
4881	154	0
4882	158	0
4883	87	0
4884	125	0
4885	188	0
4886	159	0
4887	185	0
4888	189	0
4889	189	0
4890	86	0
4891	121	0
4892	129	0
4893	153	0
4894	87	0
4895	155	0
4896	87	0
4897	81	0
4898	85	0
4899	158	0
4900	130	0
4901	154	0
4902	84	0
4903	155	0
4904	160	0
4905	113	0
4906	87	0
4907	129	0
4908	157	0
4909	85	0
4910	189	0
4911	159	0
4912	191	0
4913	129	0
4914	189	0
4915	157	0
4916	121	0
4917	159	0
4918	59	0
4919	87	0
4920	89	0
4921	160	0
4922	57	0
4923	157	0
4924	87	0
4925	153	0
4926	82	0
4927	155	0
4928	56	0
4929	55	0
4930	155	0
4931	154	0
4932	56	0
4933	158	0
4934	128	0
4935	153	0
4936	129	0
4937	51	0
4938	186	0
4939	81	0
4940	82	0
4941	87	0
4942	189	0
4943	87	0
4944	127	0
4945	153	0
4946	125	0
4947	189	0
4948	85	0
4949	190	0
4950	123	0
4951	86	0
4952	129	0
4953	154	0
4954	79	0
4955	57	0
4956	155	0
4957	125	0
4958	153	0
4959	116	0
4960	157	0
4961	84	0
4962	127	0
4963	85	0
4964	117	0
4965	81	0
4966	115	0
4967	86	0
4968	152	0
4969	113	0
4970	155	0
4971	86	0
4972	89	0
4973	85	0
4974	88	0
4975	82	0
4976	83	0
4977	189	0
4978	116	0
4979	82	0
4980	154	0
4981	115	0
4982	191	0
4983	58	0
4984	154	0
4985	87	0
4986	189	0
4987	154	0
4988	157	0
4989	119	0
4990	153	0
4991	55	0
4992	188	0
4993	189	0
4994	117	0
4995	88	0
4996	81	0
4997	121	0
4998	189	0
4999	155	0
5000	153	0
5001	158	0
5002	153	0
5003	154	0
5004	79	0
5005	158	0
5006	152	0
5007	115	0
5008	85	0
5009	129	0
5010	157	0
5011	189	0
5012	186	0
5013	120	0
5014	86	0
5015	121	0
5016	85	0
5017	160	0
5018	129	0
5019	187	0
5020	157	0
5021	117	0
5022	155	0
5023	53	0
5024	127	0
5025	83	0
5026	155	0
5027	56	0
5028	86	0
5029	112	0
5030	130	0
5031	113	0
5032	89	0
5033	158	0
5034	89	0
5035	115	0
5036	189	0
5037	113	0
5038	189	0
5039	117	0
5040	83	0
5041	185	0
5042	57	0
5043	125	0
5044	54	0
5045	189	0
5046	87	0
5047	85	0
5048	127	0
5049	189	0
5050	155	0
5051	159	0
5052	86	0
5053	156	0
5054	129	0
5055	125	0
5056	54	0
5057	122	0
5058	87	0
5059	154	0
5060	57	0
5061	55	0
5062	89	0
5063	83	0
5064	158	0
5065	129	0
5066	88	0
5067	122	0
5068	156	0
5069	88	0
5070	189	0
5071	52	0
5072	53	0
5073	185	0
5074	156	0
5075	121	0
5076	191	0
5077	58	0
5078	127	0
5079	59	0
5080	157	0
5081	87	0
5082	81	0
5083	189	0
5084	87	0
5085	115	0
5086	56	0
5087	80	0
5088	125	0
5089	85	0
5090	55	0
5091	81	0
5092	88	0
5093	158	0
5094	157	0
5095	154	0
5096	85	0
5097	83	0
5098	155	0
5099	159	0
5100	87	0
5101	157	0
5102	153	0
5103	158	0
5104	155	0
5105	156	0
5106	157	0
5107	113	0
5108	191	0
5109	159	0
5110	155	0
5111	127	0
5112	125	0
5113	112	0
5114	157	0
5115	188	0
5116	160	0
5117	159	0
5118	188	0
5119	153	0
5120	55	0
5121	89	0
5122	116	0
5123	155	0
5124	121	0
5125	119	0
5126	153	0
5127	85	0
5128	55	0
5129	85	0
5130	116	0
5131	189	0
5132	160	0
5133	153	0
5134	159	0
5135	159	0
5136	115	0
5137	158	0
5138	155	0
5139	129	0
5140	130	0
5141	191	0
5142	156	0
5143	128	0
5144	57	0
5145	89	0
5146	85	0
5147	125	0
5148	53	0
5149	189	0
5150	186	0
5151	89	0
5152	158	0
5153	189	0
5154	87	0
5155	116	0
5156	85	0
5157	160	0
5158	117	0
5159	82	0
5160	185	0
5161	85	0
5162	112	0
5163	154	0
5164	186	0
5165	88	0
5166	79	0
5167	153	0
5168	86	0
5169	87	0
5170	54	0
5171	154	0
5172	57	0
5173	154	0
5174	189	0
5175	116	0
5176	113	0
5177	88	0
5178	159	0
5179	119	0
5180	89	0
5181	112	0
5182	87	0
5183	191	0
5184	159	0
5185	116	0
5186	185	0
5187	87	0
5188	126	0
5189	187	0
5190	191	0
5191	87	0
5192	83	0
5193	154	0
5194	154	0
5195	191	0
5196	87	0
5197	122	0
5198	81	0
5199	59	0
5200	157	0
5201	159	0
5202	113	0
5203	88	0
5204	120	0
5205	89	0
5206	53	0
5207	154	0
5208	87	0
5209	126	0
5210	156	0
5211	83	0
5212	185	0
5213	129	0
5214	187	0
5215	189	0
5216	59	0
5217	119	0
5218	158	0
5219	125	0
5220	85	0
5221	111	0
5222	129	0
5223	87	0
5224	158	0
5225	85	0
5226	57	0
5227	155	0
5228	117	0
5229	189	0
5230	113	0
5231	156	0
5232	82	0
5233	55	0
5234	52	0
5235	157	0
5236	155	0
5237	86	0
5238	129	0
5239	115	0
5240	121	0
5241	122	0
5242	86	0
5243	123	0
5244	159	0
5245	85	0
5246	188	0
5247	153	0
5248	59	0
5249	158	0
5250	87	0
5251	58	0
5252	129	0
5253	79	0
5254	153	0
5255	129	0
5256	81	0
5257	117	0
5258	187	0
5259	151	0
5260	121	0
5261	129	0
5262	86	0
5263	154	0
5264	159	0
5265	126	0
5266	158	0
5267	154	0
5268	111	0
5269	158	0
5270	189	0
5271	185	0
5272	59	0
5273	59	0
5274	157	0
5275	54	0
5276	129	0
5277	84	0
5278	190	0
5279	190	0
5280	55	0
5281	84	0
5282	59	0
5283	189	0
5284	159	0
5285	85	0
5286	82	0
5287	56	0
5288	123	0
5289	187	0
5290	129	0
5291	89	0
5292	89	0
5293	115	0
5294	53	0
5295	56	0
5296	117	0
5297	121	0
5298	116	0
5299	80	0
5300	117	0
5301	55	0
5302	155	0
5303	128	0
5304	85	0
5305	83	0
5306	59	0
5307	89	0
5308	87	0
5309	55	0
5310	85	0
5311	126	0
5312	159	0
5313	57	0
5314	125	0
5315	126	0
5316	129	0
5317	127	0
5318	86	0
5319	89	0
5320	55	0
5321	186	0
5322	153	0
5323	159	0
5324	129	0
5325	190	0
5326	189	0
5327	86	0
5328	120	0
5329	158	0
5330	122	0
5331	125	0
5332	120	0
5333	155	0
5334	89	0
5335	83	0
5336	154	0
5337	86	0
5338	189	0
5339	81	0
5340	55	0
5341	59	0
5342	190	0
5343	115	0
5344	88	0
5345	126	0
5346	85	0
5347	154	0
5348	53	0
5349	189	0
5350	86	0
5351	79	0
5352	157	0
5353	187	0
5354	79	0
5355	125	0
5356	154	0
5357	85	0
5358	87	0
5359	55	0
5360	122	0
5361	154	0
5362	130	0
5363	191	0
5364	155	0
5365	123	0
5366	113	0
5367	154	0
5368	120	0
5369	111	0
5370	154	0
5371	155	0
5372	129	0
5373	115	0
5374	86	0
5375	156	0
5376	159	0
5377	126	0
5378	189	0
5379	81	0
5380	158	0
5381	55	0
5382	123	0
5383	120	0
5384	156	0
5385	59	0
5386	158	0
5387	83	0
5388	83	0
5389	185	0
5390	82	0
5391	123	0
5392	115	0
5393	187	0
5394	159	0
5395	57	0
5396	111	0
5397	118	0
5398	121	0
5399	115	0
5400	155	0
5401	188	0
5402	87	0
5403	188	0
5404	87	0
5405	85	0
5406	158	0
5407	56	0
5408	157	0
5409	55	0
5410	128	0
5411	52	0
5412	85	0
5413	112	0
5414	191	0
5415	84	0
5416	87	0
5417	51	0
5418	157	0
5419	189	0
5420	185	0
5421	87	0
5422	159	0
5423	112	0
5424	111	0
5425	125	0
5426	154	0
5427	54	0
5428	86	0
5429	156	0
5430	89	0
5431	125	0
5432	189	0
5433	156	0
5434	191	0
5435	190	0
5436	117	0
5437	116	0
5438	129	0
5439	157	0
5440	83	0
5441	188	0
5442	154	0
5443	189	0
5444	52	0
5445	189	0
5446	52	0
5447	157	0
5448	159	0
5449	123	0
5450	155	0
5451	155	0
5452	154	0
5453	153	0
5454	58	0
5455	159	0
5456	113	0
5457	83	0
5458	190	0
5459	120	0
5460	117	0
5461	157	0
5462	122	0
5463	85	0
5464	86	0
5465	129	0
5466	188	0
5467	54	0
5468	86	0
5469	155	0
5470	85	0
5471	153	0
5472	159	0
5473	161	0
5474	159	0
5475	80	0
5476	190	0
5477	87	0
5478	117	0
5479	87	0
5480	126	0
5481	153	0
5482	115	0
5483	87	0
5484	128	0
5485	117	0
5486	189	0
5487	154	0
5488	128	0
5489	158	0
5490	81	0
5491	157	0
5492	88	0
5493	188	0
5494	53	0
5495	153	0
5496	156	0
5497	51	0
5498	155	0
5499	81	0
5500	127	0
5501	58	0
5502	82	0
5503	56	0
5504	123	0
5505	159	0
5506	155	0
5507	86	0
5508	117	0
5509	127	0
5510	113	0
5511	81	0
5512	87	0
5513	129	0
5514	157	0
5515	185	0
5516	125	0
5517	158	0
5518	129	0
5519	83	0
5520	191	0
5521	129	0
5522	154	0
5523	127	0
5524	122	0
5525	85	0
5526	154	0
5527	123	0
5528	191	0
5529	156	0
5530	157	0
5531	153	0
5532	79	0
5533	57	0
5534	86	0
5535	54	0
5536	57	0
5537	54	0
5538	118	0
5539	87	0
5540	155	0
5541	152	0
5542	156	0
5543	153	0
5544	155	0
5545	129	0
5546	189	0
5547	153	0
5548	111	0
5549	189	0
5550	158	0
5551	84	0
5552	82	0
5553	88	0
5554	55	0
5555	85	0
5556	87	0
5557	117	0
5558	161	0
5559	154	0
5560	185	0
5561	153	0
5562	185	0
5563	115	0
5564	154	0
5565	187	0
5566	155	0
5567	126	0
5568	86	0
5569	155	0
5570	156	0
5571	79	0
5572	85	0
5573	85	0
5574	158	0
5575	85	0
5576	122	0
5577	187	0
5578	185	0
5579	154	0
5580	81	0
5581	55	0
5582	89	0
5583	57	0
5584	156	0
5585	186	0
5586	126	0
5587	189	0
5588	86	0
5589	115	0
5590	123	0
5591	154	0
5592	85	0
5593	86	0
5594	58	0
5595	129	0
5596	53	0
5597	153	0
5598	55	0
5599	188	0
5600	159	0
5601	56	0
5602	59	0
5603	79	0
5604	187	0
5605	189	0
5606	56	0
5607	81	0
5608	53	0
5609	153	0
5610	85	0
5611	117	0
5612	119	0
5613	126	0
5614	89	0
5615	57	0
5616	85	0
5617	84	0
5618	158	0
5619	125	0
5620	84	0
5621	83	0
5622	87	0
5623	53	0
5624	189	0
5625	116	0
5626	186	0
5627	52	0
5628	121	0
5629	113	0
5630	153	0
5631	189	0
5632	126	0
5633	129	0
5634	112	0
5635	55	0
5636	55	0
5637	113	0
5638	123	0
5639	188	0
5640	191	0
5641	87	0
5642	187	0
5643	55	0
5644	188	0
5645	155	0
5646	82	0
5647	189	0
5648	121	0
5649	159	0
5650	59	0
5651	86	0
5652	153	0
5653	153	0
5654	55	0
5655	59	0
5656	51	0
5657	84	0
5658	158	0
5659	85	0
5660	121	0
5661	55	0
5662	55	0
5663	114	0
5664	155	0
5665	152	0
5666	89	0
5667	115	0
5668	54	0
5669	88	0
5670	56	0
5671	153	0
5672	153	0
5673	86	0
5674	57	0
5675	159	0
5676	85	0
5677	53	0
5678	128	0
5679	189	0
5680	191	0
5681	191	0
5682	123	0
5683	155	0
5684	54	0
5685	155	0
5686	153	0
5687	57	0
5688	155	0
5689	115	0
5690	81	0
5691	185	0
5692	121	0
5693	115	0
5694	88	0
5695	86	0
5696	153	0
5697	85	0
5698	57	0
5699	89	0
5700	128	0
5701	123	0
5702	85	0
5703	89	0
5704	155	0
5705	89	0
5706	155	0
5707	58	0
5708	87	0
5709	130	0
5710	88	0
5711	52	0
5712	158	0
5713	153	0
5714	155	0
5715	188	0
5716	129	0
5717	113	0
5718	153	0
5719	159	0
5720	87	0
5721	59	0
5722	83	0
5723	116	0
5724	117	0
5725	116	0
5726	83	0
5727	123	0
5728	86	0
5729	121	0
5730	51	0
5731	186	0
5732	153	0
5733	154	0
5734	125	0
5735	87	0
5736	129	0
5737	160	0
5738	191	0
5739	129	0
5740	88	0
5741	158	0
5742	158	0
5743	130	0
5744	157	0
5745	57	0
5746	155	0
5747	57	0
5748	153	0
5749	154	0
5750	157	0
5751	157	0
5752	153	0
5753	155	0
5754	82	0
5755	81	0
5756	159	0
5757	157	0
5758	87	0
5759	80	0
5760	191	0
5761	157	0
5762	53	0
5763	121	0
5764	88	0
5765	55	0
5766	58	0
5767	157	0
5768	129	0
5769	155	0
5770	89	0
5771	116	0
5772	186	0
5773	115	0
5774	86	0
5775	127	0
5776	57	0
5777	86	0
5778	157	0
5779	55	0
5780	191	0
5781	191	0
5782	112	0
5783	189	0
5784	117	0
5785	82	0
5786	155	0
5787	160	0
5788	190	0
5789	86	0
5790	56	0
5791	156	0
5792	191	0
5793	82	0
5794	189	0
5795	86	0
5796	155	0
5797	189	0
5798	88	0
5799	56	0
5800	153	0
5801	57	0
5802	52	0
5803	87	0
5804	121	0
5805	159	0
5806	156	0
5807	113	0
5808	189	0
5809	87	0
5810	154	0
5811	189	0
5812	55	0
5813	129	0
5814	57	0
5815	86	0
5816	79	0
5817	187	0
5818	189	0
5819	85	0
5820	129	0
5821	55	0
5822	87	0
5823	115	0
5824	187	0
5825	154	0
5826	157	0
5827	87	0
5828	79	0
5829	153	0
5830	112	0
5831	189	0
5832	125	0
5833	120	0
5834	190	0
5835	153	0
5836	54	0
5837	185	0
5838	80	0
5839	87	0
5840	55	0
5841	118	0
5842	126	0
5843	153	0
5844	156	0
5845	87	0
5846	88	0
5847	185	0
5848	55	0
5849	57	0
5850	160	0
5851	89	0
5852	154	0
5853	123	0
5854	87	0
5855	130	0
5856	86	0
5857	121	0
5858	89	0
5859	189	0
5860	155	0
5861	155	0
5862	160	0
5863	188	0
5864	81	0
5865	185	0
5866	125	0
5867	113	0
5868	81	0
5869	157	0
5870	158	0
5871	157	0
5872	55	0
5873	159	0
5874	85	0
5875	123	0
5876	153	0
5877	87	0
5878	153	0
5879	57	0
5880	187	0
5881	57	0
5882	191	0
5883	85	0
5884	153	0
5885	85	0
5886	88	0
5887	113	0
5888	190	0
5889	159	0
5890	129	0
5891	89	0
5892	88	0
5893	86	0
5894	87	0
5895	85	0
5896	87	0
5897	125	0
5898	125	0
5899	115	0
5900	85	0
5901	130	0
5902	126	0
5903	190	0
5904	128	0
5905	192	0
5906	158	0
5907	85	0
5908	81	0
5909	113	0
5910	160	0
5911	87	0
5912	156	0
5913	123	0
5914	190	0
5915	81	0
5916	55	0
5917	112	0
5918	158	0
5919	189	0
5920	160	0
5921	185	0
5922	52	0
5923	153	0
5924	115	0
5925	153	0
5926	89	0
5927	89	0
5928	86	0
5929	55	0
5930	85	0
5931	191	0
5932	153	0
5933	83	0
5934	153	0
5935	86	0
5936	185	0
5937	191	0
5938	188	0
5939	186	0
5940	79	0
5941	87	0
5942	79	0
5943	189	0
5944	86	0
5945	57	0
5946	158	0
5947	88	0
5948	129	0
5949	83	0
5950	89	0
5951	122	0
5952	116	0
5953	155	0
5954	159	0
5955	119	0
5956	54	0
5957	85	0
5958	188	0
5959	87	0
5960	115	0
5961	57	0
5962	123	0
5963	161	0
5964	159	0
5965	153	0
5966	85	0
5967	191	0
5968	160	0
5969	86	0
5970	113	0
5971	154	0
5972	55	0
5973	190	0
5974	158	0
5975	79	0
5976	87	0
5977	116	0
5978	87	0
5979	87	0
5980	83	0
5981	55	0
5982	85	0
5983	129	0
5984	85	0
5985	82	0
5986	57	0
5987	57	0
5988	116	0
5989	84	0
5990	123	0
5991	189	0
5992	82	0
5993	118	0
5994	85	0
5995	86	0
5996	116	0
5997	159	0
5998	114	0
5999	189	0
6000	86	0
6001	56	0
6002	87	0
6003	159	0
6004	115	0
6005	120	0
6006	116	0
6007	123	0
6008	159	0
6009	57	0
6010	154	0
6011	153	0
6012	188	0
6013	86	0
6014	157	0
6015	129	0
6016	112	0
6017	86	0
6018	123	0
6019	54	0
6020	87	0
6021	155	0
6022	115	0
6023	83	0
6024	158	0
6025	184	0
6026	157	0
6027	123	0
6028	155	0
6029	126	0
6030	114	0
6031	154	0
6032	153	0
6033	113	0
6034	185	0
6035	87	0
6036	86	0
6037	116	0
6038	192	0
6039	154	0
6040	111	0
6041	86	0
6042	155	0
6043	152	0
6044	89	0
6045	129	0
6046	89	0
6047	154	0
6048	159	0
6049	115	0
6050	154	0
6051	53	0
6052	159	0
6053	127	0
6054	120	0
6055	120	0
6056	81	0
6057	160	0
6058	129	0
6059	58	0
6060	82	0
6061	190	0
6062	152	0
6063	82	0
6064	153	0
6065	57	0
6066	153	0
6067	54	0
6068	129	0
6069	85	0
6070	113	0
6071	57	0
6072	189	0
6073	153	0
6074	81	0
6075	191	0
6076	159	0
6077	117	0
6078	88	0
6079	86	0
6080	153	0
6081	155	0
6082	189	0
6083	125	0
6084	84	0
6085	90	0
6086	85	0
6087	189	0
6088	158	0
6089	86	0
6090	189	0
6091	160	0
6092	57	0
6093	56	0
6094	89	0
6095	85	0
6096	80	0
6097	56	0
6098	53	0
6099	156	0
6100	125	0
6101	57	0
6102	159	0
6103	127	0
6104	85	0
6105	153	0
6106	59	0
6107	87	0
6108	155	0
6109	51	0
6110	190	0
6111	85	0
6112	112	0
6113	115	0
6114	88	0
6115	53	0
6116	122	0
6117	190	0
6118	87	0
6119	53	0
6120	158	0
6121	58	0
6122	155	0
6123	117	0
6124	54	0
6125	89	0
6126	185	0
6127	116	0
6128	78	0
6129	153	0
6130	51	0
6131	88	0
6132	83	0
6133	83	0
6134	85	0
6135	55	0
6136	160	0
6137	87	0
6138	157	0
6139	127	0
6140	86	0
6141	87	0
6142	57	0
6143	85	0
6144	87	0
6145	86	0
6146	113	0
6147	129	0
6148	115	0
6149	129	0
6150	155	0
6151	85	0
6152	120	0
6153	159	0
6154	153	0
6155	129	0
6156	152	0
6157	128	0
6158	122	0
6159	155	0
6160	81	0
6161	158	0
6162	156	0
6163	121	0
6164	86	0
6165	154	0
6166	155	0
6167	81	0
6168	85	0
6169	158	0
6170	120	0
6171	87	0
6172	84	0
6173	88	0
6174	56	0
6175	115	0
6176	156	0
6177	160	0
6178	81	0
6179	122	0
6180	130	0
6181	153	0
6182	129	0
6183	155	0
6184	129	0
6185	127	0
6186	191	0
6187	157	0
6188	120	0
6189	85	0
6190	84	0
6191	189	0
6192	188	0
6193	85	0
6194	155	0
6195	155	0
6196	55	0
6197	129	0
6198	111	0
6199	81	0
6200	185	0
6201	82	0
6202	79	0
6203	117	0
6204	123	0
6205	117	0
6206	187	0
6207	153	0
6208	121	0
6209	129	0
6210	55	0
6211	85	0
6212	89	0
6213	89	0
6214	157	0
6215	156	0
6216	157	0
6217	187	0
6218	157	0
6219	186	0
6220	118	0
6221	81	0
6222	54	0
6223	80	0
6224	129	0
6225	113	0
6226	155	0
6227	86	0
6228	59	0
6229	155	0
6230	57	0
6231	86	0
6232	55	0
6233	85	0
6234	53	0
6235	153	0
6236	157	0
6237	151	0
6238	58	0
6239	130	0
6240	154	0
6241	81	0
6242	185	0
6243	86	0
6244	82	0
6245	159	0
6246	185	0
6247	155	0
6248	87	0
6249	89	0
6250	84	0
6251	59	0
6252	156	0
6253	88	0
6254	154	0
6255	89	0
6256	154	0
6257	81	0
6258	157	0
6259	55	0
6260	157	0
6261	85	0
6262	155	0
6263	57	0
6264	153	0
6265	88	0
6266	116	0
6267	87	0
6268	155	0
6269	117	0
6270	87	0
6271	126	0
6272	128	0
6273	157	0
6274	189	0
6275	87	0
6276	87	0
6277	126	0
6278	58	0
6279	87	0
6280	160	0
6281	85	0
6282	120	0
6283	86	0
6284	87	0
6285	157	0
6286	87	0
6287	190	0
6288	189	0
6289	130	0
6290	79	0
6291	87	0
6292	87	0
6293	157	0
6294	89	0
6295	122	0
6296	81	0
6297	88	0
6298	88	0
6299	88	0
6300	189	0
6301	119	0
6302	153	0
6303	116	0
6304	56	0
6305	122	0
6306	122	0
6307	88	0
6308	79	0
6309	81	0
6310	51	0
6311	87	0
6312	86	0
6313	54	0
6314	185	0
6315	189	0
6316	159	0
6317	53	0
6318	87	0
6319	153	0
6320	153	0
6321	87	0
6322	159	0
6323	126	0
6324	155	0
6325	185	0
6326	113	0
6327	159	0
6328	157	0
6329	157	0
6330	52	0
6331	56	0
6332	87	0
6333	57	0
6334	52	0
6335	113	0
6336	83	0
6337	89	0
6338	188	0
6339	153	0
6340	85	0
6341	83	0
6342	127	0
6343	123	0
6344	125	0
6345	158	0
6346	113	0
6347	125	0
6348	152	0
6349	192	0
6350	121	0
6351	87	0
6352	128	0
6353	81	0
6354	188	0
6355	81	0
6356	51	0
6357	86	0
6358	156	0
6359	112	0
6360	153	0
6361	86	0
6362	158	0
6363	191	0
6364	158	0
6365	86	0
6366	153	0
6367	57	0
6368	53	0
6369	188	0
6370	57	0
6371	88	0
6372	115	0
6373	112	0
6374	185	0
6375	126	0
6376	86	0
6377	117	0
6378	84	0
6379	87	0
6380	185	0
6381	189	0
6382	129	0
6383	191	0
6384	119	0
6385	185	0
6386	81	0
6387	86	0
6388	190	0
6389	53	0
6390	113	0
6391	81	0
6392	128	0
6393	188	0
6394	113	0
6395	87	0
6396	81	0
6397	58	0
6398	113	0
6399	116	0
6400	55	0
6401	129	0
6402	55	0
6403	57	0
6404	51	0
6405	154	0
6406	190	0
6407	189	0
6408	85	0
6409	189	0
6410	155	0
6411	156	0
6412	117	0
6413	118	0
6414	85	0
6415	122	0
6416	54	0
6417	86	0
6418	81	0
6419	131	0
6420	190	0
6421	86	0
6422	129	0
6423	155	0
6424	89	0
6425	160	0
6426	153	0
6427	82	0
6428	129	0
6429	85	0
6430	154	0
6431	88	0
6432	157	0
6433	87	0
6434	187	0
6435	114	0
6436	52	0
6437	87	0
6438	88	0
6439	154	0
6440	58	0
6441	52	0
6442	56	0
6443	153	0
6444	185	0
6445	80	0
6446	54	0
6447	87	0
6448	191	0
6449	121	0
6450	117	0
6451	153	0
6452	87	0
6453	87	0
6454	87	0
6455	117	0
6456	158	0
6457	190	0
6458	153	0
6459	153	0
6460	122	0
6461	86	0
6462	116	0
6463	87	0
6464	55	0
6465	154	0
6466	117	0
6467	79	0
6468	84	0
6469	117	0
6470	59	0
6471	191	0
6472	56	0
6473	158	0
6474	153	0
6475	190	0
6476	85	0
6477	185	0
6478	56	0
6479	57	0
6480	159	0
6481	115	0
6482	129	0
6483	81	0
6484	152	0
6485	153	0
6486	153	0
6487	154	0
6488	187	0
6489	55	0
6490	87	0
6491	123	0
6492	158	0
6493	153	0
6494	115	0
6495	53	0
6496	190	0
6497	89	0
6498	189	0
6499	120	0
6500	123	0
6501	159	0
6502	157	0
6503	88	0
6504	153	0
6505	57	0
6506	159	0
6507	58	0
6508	113	0
6509	113	0
6510	126	0
6511	129	0
6512	59	0
6513	158	0
6514	187	0
6515	189	0
6516	86	0
6517	53	0
6518	153	0
6519	86	0
6520	159	0
6521	81	0
6522	51	0
6523	188	0
6524	122	0
6525	129	0
6526	112	0
6527	113	0
6528	158	0
6529	86	0
6530	159	0
6531	159	0
6532	113	0
6533	185	0
6534	86	0
6535	157	0
6536	159	0
6537	191	0
6538	53	0
6539	83	0
6540	186	0
6541	129	0
6542	52	0
6543	112	0
6544	125	0
6545	124	0
6546	86	0
6547	186	0
6548	123	0
6549	119	0
6550	55	0
6551	85	0
6552	190	0
6553	121	0
6554	79	0
6555	159	0
6556	158	0
6557	158	0
6558	191	0
6559	155	0
6560	87	0
6561	87	0
6562	55	0
6563	161	0
6564	87	0
6565	154	0
6566	153	0
6567	115	0
6568	159	0
6569	84	0
6570	53	0
6571	122	0
6572	87	0
6573	87	0
6574	59	0
6575	186	0
6576	115	0
6577	115	0
6578	113	0
6579	185	0
6580	59	0
6581	154	0
6582	125	0
6583	113	0
6584	129	0
6585	88	0
6586	156	0
6587	189	0
6588	121	0
6589	129	0
6590	85	0
6591	120	0
6592	80	0
6593	55	0
6594	84	0
6595	84	0
6596	158	0
6597	117	0
6598	155	0
6599	59	0
6600	154	0
6601	82	0
6602	119	0
6603	159	0
6604	113	0
6605	55	0
6606	83	0
6607	89	0
6608	191	0
6609	155	0
6610	116	0
6611	187	0
6612	190	0
6613	126	0
6614	189	0
6615	159	0
6616	153	0
6617	155	0
6618	128	0
6619	188	0
6620	157	0
6621	113	0
6622	159	0
6623	158	0
6624	119	0
6625	154	0
6626	185	0
6627	113	0
6628	189	0
6629	157	0
6630	111	0
6631	128	0
6632	86	0
6633	80	0
6634	153	0
6635	87	0
6636	82	0
6637	190	0
6638	158	0
6639	59	0
6640	86	0
6641	129	0
6642	88	0
6643	87	0
6644	59	0
6645	81	0
6646	56	0
6647	115	0
6648	121	0
6649	190	0
6650	159	0
6651	189	0
6652	86	0
6653	157	0
6654	87	0
6655	153	0
6656	157	0
6657	157	0
6658	117	0
6659	123	0
6660	84	0
6661	186	0
6662	87	0
6663	123	0
6664	88	0
6665	85	0
6666	56	0
6667	53	0
6668	56	0
6669	86	0
6670	87	0
6671	129	0
6672	86	0
6673	116	0
6674	154	0
6675	157	0
6676	120	0
6677	159	0
6678	116	0
6679	89	0
6680	192	0
6681	155	0
6682	54	0
6683	191	0
6684	87	0
6685	189	0
6686	85	0
6687	158	0
6688	157	0
6689	87	0
6690	189	0
6691	153	0
6692	55	0
6693	155	0
6694	157	0
6695	78	0
6696	51	0
6697	186	0
6698	158	0
6699	155	0
6700	113	0
6701	191	0
6702	129	0
6703	158	0
6704	157	0
6705	116	0
6706	85	0
6707	130	0
6708	117	0
6709	127	0
6710	153	0
6711	82	0
6712	153	0
6713	86	0
6714	83	0
6715	86	0
6716	113	0
6717	129	0
6718	88	0
6719	185	0
6720	87	0
6721	113	0
6722	156	0
6723	85	0
6724	187	0
6725	80	0
6726	123	0
6727	191	0
6728	83	0
6729	126	0
6730	189	0
6731	157	0
6732	117	0
6733	154	0
6734	128	0
6735	57	0
6736	52	0
6737	59	0
6738	129	0
6739	55	0
6740	120	0
6741	159	0
6742	123	0
6743	117	0
6744	189	0
6745	129	0
6746	129	0
6747	83	0
6748	83	0
6749	159	0
6750	81	0
6751	130	0
6752	51	0
6753	88	0
6754	85	0
6755	129	0
6756	86	0
6757	158	0
6758	87	0
6759	126	0
6760	115	0
6761	60	0
6762	154	0
6763	158	0
6764	157	0
6765	153	0
6766	80	0
6767	189	0
6768	85	0
6769	157	0
6770	129	0
6771	115	0
6772	153	0
6773	59	0
6774	85	0
6775	117	0
6776	156	0
6777	127	0
6778	118	0
6779	158	0
6780	122	0
6781	115	0
6782	81	0
6783	185	0
6784	88	0
6785	154	0
6786	54	0
6787	129	0
6788	113	0
6789	56	0
6790	129	0
6791	155	0
6792	115	0
6793	57	0
6794	115	0
6795	115	0
6796	56	0
6797	190	0
6798	155	0
6799	55	0
6800	155	0
6801	113	0
6802	114	0
6803	52	0
6804	57	0
6805	87	0
6806	121	0
6807	117	0
6808	83	0
6809	85	0
6810	81	0
6811	121	0
6812	121	0
6813	87	0
6814	86	0
6815	188	0
6816	83	0
6817	87	0
6818	157	0
6819	122	0
6820	127	0
6821	85	0
6822	119	0
6823	155	0
6824	154	0
6825	125	0
6826	153	0
6827	187	0
6828	155	0
6829	126	0
6830	53	0
6831	155	0
6832	57	0
6833	57	0
6834	88	0
6835	129	0
6836	120	0
6837	158	0
6838	87	0
6839	85	0
6840	160	0
6841	86	0
6842	57	0
6843	161	0
6844	85	0
6845	112	0
6846	86	0
6847	186	0
6848	51	0
6849	189	0
6850	81	0
6851	158	0
6852	119	0
6853	152	0
6854	155	0
6855	126	0
6856	153	0
6857	189	0
6858	127	0
6859	156	0
6860	186	0
6861	59	0
6862	83	0
6863	88	0
6864	85	0
6865	157	0
6866	156	0
6867	187	0
6868	157	0
6869	157	0
6870	155	0
6871	154	0
6872	85	0
6873	82	0
6874	190	0
6875	115	0
6876	90	0
6877	191	0
6878	159	0
6879	122	0
6880	87	0
6881	57	0
6882	59	0
6883	118	0
6884	153	0
6885	155	0
6886	155	0
6887	129	0
6888	87	0
6889	156	0
6890	154	0
6891	158	0
6892	87	0
6893	114	0
6894	153	0
6895	117	0
6896	89	0
6897	185	0
6898	79	0
6899	83	0
6900	189	0
6901	89	0
6902	123	0
6903	81	0
6904	158	0
6905	112	0
6906	153	0
6907	53	0
6908	88	0
6909	157	0
6910	191	0
6911	51	0
6912	58	0
6913	86	0
6914	51	0
6915	153	0
6916	156	0
6917	156	0
6918	86	0
6919	89	0
6920	85	0
6921	159	0
6922	81	0
6923	117	0
6924	117	0
6925	153	0
6926	189	0
6927	191	0
6928	185	0
6929	189	0
6930	186	0
6931	189	0
6932	154	0
6933	154	0
6934	123	0
6935	128	0
6936	158	0
6937	129	0
6938	82	0
6939	87	0
6940	116	0
6941	159	0
6942	160	0
6943	85	0
6944	79	0
6945	57	0
6946	154	0
6947	155	0
6948	121	0
6949	83	0
6950	86	0
6951	115	0
6952	129	0
6953	120	0
6954	130	0
6955	117	0
6956	87	0
6957	129	0
6958	56	0
6959	81	0
6960	157	0
6961	121	0
6962	191	0
6963	85	0
6964	153	0
6965	120	0
6966	127	0
6967	86	0
6968	159	0
6969	89	0
6970	155	0
6971	51	0
6972	191	0
6973	127	0
6974	120	0
6975	116	0
6976	116	0
6977	154	0
6978	115	0
6979	151	0
6980	159	0
6981	86	0
6982	158	0
6983	160	0
6984	129	0
6985	154	0
6986	159	0
6987	88	0
6988	85	0
6989	123	0
6990	160	0
6991	155	0
6992	190	0
6993	155	0
6994	115	0
6995	85	0
6996	123	0
6997	86	0
6998	127	0
6999	55	0
7000	79	0
7001	158	0
7002	56	0
7003	86	0
7004	158	0
7005	113	0
7006	127	0
7007	56	0
7008	154	0
7009	119	0
7010	58	0
7011	158	0
7012	119	0
7013	155	0
7014	59	0
7015	158	0
7016	189	0
7017	154	0
7018	85	0
7019	81	0
7020	187	0
7021	153	0
7022	58	0
7023	184	0
7024	119	0
7025	82	0
7026	54	0
7027	159	0
7028	113	0
7029	55	0
7030	83	0
7031	154	0
7032	59	0
7033	53	0
7034	159	0
7035	189	0
7036	119	0
7037	113	0
7038	153	0
7039	55	0
7040	58	0
7041	88	0
7042	113	0
7043	114	0
7044	129	0
7045	88	0
7046	53	0
7047	129	0
7048	157	0
7049	55	0
7050	113	0
7051	89	0
7052	54	0
7053	54	0
7054	159	0
7055	80	0
7056	53	0
7057	156	0
7058	55	0
7059	154	0
7060	113	0
7061	51	0
7062	189	0
7063	88	0
7064	155	0
7065	121	0
7066	157	0
7067	155	0
7068	155	0
7069	120	0
7070	82	0
7071	53	0
7072	89	0
7073	55	0
7074	82	0
7075	59	0
7076	57	0
7077	85	0
7078	189	0
7079	122	0
7080	189	0
7081	56	0
7082	159	0
7083	189	0
7084	79	0
7085	87	0
7086	83	0
7087	155	0
7088	87	0
7089	159	0
7090	86	0
7091	157	0
7092	153	0
7093	86	0
7094	121	0
7095	55	0
7096	57	0
7097	85	0
7098	115	0
7099	114	0
7100	126	0
7101	89	0
7102	157	0
7103	119	0
7104	87	0
7105	191	0
7106	83	0
7107	155	0
7108	125	0
7109	79	0
7110	128	0
7111	87	0
7112	129	0
7113	120	0
7114	85	0
7115	125	0
7116	86	0
7117	116	0
7118	86	0
7119	86	0
7120	159	0
7121	119	0
7122	153	0
7123	85	0
7124	153	0
7125	129	0
7126	154	0
7127	117	0
7128	129	0
7129	86	0
7130	87	0
7131	155	0
7132	86	0
7133	129	0
7134	188	0
7135	152	0
7136	158	0
7137	81	0
7138	81	0
7139	123	0
7140	191	0
7141	56	0
7142	80	0
7143	89	0
7144	157	0
7145	115	0
7146	190	0
7147	116	0
7148	85	0
7149	157	0
7150	189	0
7151	189	0
7152	114	0
7153	57	0
7154	53	0
7155	153	0
7156	81	0
7157	83	0
7158	88	0
7159	57	0
7160	117	0
7161	85	0
7162	113	0
7163	85	0
7164	153	0
7165	191	0
7166	83	0
7167	125	0
7168	155	0
7169	86	0
7170	55	0
7171	153	0
7172	58	0
7173	115	0
7174	125	0
7175	87	0
7176	157	0
7177	86	0
7178	157	0
7179	159	0
7180	153	0
7181	112	0
7182	119	0
7183	158	0
7184	188	0
7185	128	0
7186	155	0
7187	87	0
7188	115	0
7189	55	0
7190	55	0
7191	79	0
7192	159	0
7193	82	0
7194	129	0
7195	115	0
7196	159	0
7197	157	0
7198	155	0
7199	123	0
7200	189	0
7201	85	0
7202	126	0
7203	189	0
7204	111	0
7205	85	0
7206	160	0
7207	117	0
7208	88	0
7209	187	0
7210	87	0
7211	191	0
7212	154	0
7213	189	0
7214	122	0
7215	130	0
7216	155	0
7217	53	0
7218	125	0
7219	155	0
7220	189	0
7221	81	0
7222	87	0
7223	156	0
7224	89	0
7225	159	0
7226	115	0
7227	119	0
7228	86	0
7229	129	0
7230	158	0
7231	187	0
7232	57	0
7233	89	0
7234	83	0
7235	153	0
7236	115	0
7237	90	0
7238	111	0
7239	116	0
7240	158	0
7241	185	0
7242	191	0
7243	189	0
7244	87	0
7245	159	0
7246	111	0
7247	185	0
7248	153	0
7249	154	0
7250	81	0
7251	158	0
7252	79	0
7253	87	0
7254	51	0
7255	189	0
7256	189	0
7257	155	0
7258	86	0
7259	83	0
7260	86	0
7261	89	0
7262	188	0
7263	155	0
7264	187	0
7265	81	0
7266	113	0
7267	157	0
7268	115	0
7269	85	0
7270	190	0
7271	126	0
7272	53	0
7273	158	0
7274	112	0
7275	115	0
7276	58	0
7277	154	0
7278	121	0
7279	87	0
7280	129	0
7281	155	0
7282	126	0
7283	89	0
7284	57	0
7285	51	0
7286	156	0
7287	86	0
7288	88	0
7289	188	0
7290	55	0
7291	53	0
7292	155	0
7293	157	0
7294	120	0
7295	55	0
7296	185	0
7297	127	0
7298	189	0
7299	126	0
7300	119	0
7301	87	0
7302	154	0
7303	52	0
7304	125	0
7305	111	0
7306	83	0
7307	55	0
7308	191	0
7309	55	0
7310	160	0
7311	157	0
7312	154	0
7313	56	0
7314	90	0
7315	55	0
7316	187	0
7317	130	0
7318	86	0
7319	85	0
7320	83	0
7321	57	0
7322	81	0
7323	57	0
7324	189	0
7325	121	0
7326	158	0
7327	55	0
7328	157	0
7329	57	0
7330	186	0
7331	154	0
7332	116	0
7333	85	0
7334	156	0
7335	122	0
7336	157	0
7337	159	0
7338	129	0
7339	79	0
7340	88	0
7341	155	0
7342	117	0
7343	129	0
7344	122	0
7345	54	0
7346	156	0
7347	85	0
7348	81	0
7349	81	0
7350	84	0
7351	153	0
7352	113	0
7353	81	0
7354	57	0
7355	113	0
7356	57	0
7357	122	0
7358	56	0
7359	55	0
7360	129	0
7361	56	0
7362	57	0
7363	59	0
7364	53	0
7365	118	0
7366	85	0
7367	125	0
7368	153	0
7369	187	0
7370	128	0
7371	123	0
7372	79	0
7373	113	0
7374	188	0
7375	185	0
7376	116	0
7377	153	0
7378	85	0
7379	159	0
7380	155	0
7381	157	0
7382	54	0
7383	79	0
7384	156	0
7385	83	0
7386	87	0
7387	54	0
7388	87	0
7389	87	0
7390	87	0
7391	53	0
7392	127	0
7393	153	0
7394	52	0
7395	156	0
7396	154	0
7397	56	0
7398	59	0
7399	161	0
7400	125	0
7401	153	0
7402	155	0
7403	156	0
7404	125	0
7405	112	0
7406	81	0
7407	185	0
7408	189	0
7409	128	0
7410	55	0
7411	88	0
7412	81	0
7413	123	0
7414	52	0
7415	123	0
7416	123	0
7417	88	0
7418	54	0
7419	120	0
7420	85	0
7421	189	0
7422	81	0
7423	159	0
7424	120	0
7425	111	0
7426	87	0
7427	126	0
7428	189	0
7429	115	0
7430	129	0
7431	115	0
7432	78	0
7433	114	0
7434	185	0
7435	79	0
7436	151	0
7437	57	0
7438	123	0
7439	58	0
7440	190	0
7441	80	0
7442	191	0
7443	58	0
7444	88	0
7445	188	0
7446	115	0
7447	187	0
7448	53	0
7449	155	0
7450	85	0
7451	57	0
7452	117	0
7453	86	0
7454	54	0
7455	56	0
7456	189	0
7457	59	0
7458	86	0
7459	153	0
7460	86	0
7461	157	0
7462	81	0
7463	156	0
7464	53	0
7465	86	0
7466	87	0
7467	152	0
7468	155	0
7469	89	0
7470	157	0
7471	89	0
7472	87	0
7473	191	0
7474	84	0
7475	86	0
7476	159	0
7477	157	0
7478	159	0
7479	159	0
7480	153	0
7481	86	0
7482	188	0
7483	87	0
7484	121	0
7485	158	0
7486	157	0
7487	160	0
7488	87	0
7489	86	0
7490	153	0
7491	83	0
7492	122	0
7493	189	0
7494	187	0
7495	87	0
7496	116	0
7497	187	0
7498	89	0
7499	153	0
7500	191	0
7501	89	0
7502	87	0
7503	115	0
7504	89	0
7505	52	0
7506	117	0
7507	185	0
7508	89	0
7509	59	0
7510	152	0
7511	51	0
7512	117	0
7513	158	0
7514	55	0
7515	57	0
7516	87	0
7517	85	0
7518	155	0
7519	155	0
7520	155	0
7521	116	0
7522	126	0
7523	188	0
7524	153	0
7525	158	0
7526	88	0
7527	81	0
7528	158	0
7529	58	0
7530	129	0
7531	155	0
7532	186	0
7533	153	0
7534	82	0
7535	125	0
7536	86	0
7537	190	0
7538	86	0
7539	158	0
7540	79	0
7541	153	0
7542	155	0
7543	86	0
7544	191	0
7545	59	0
7546	153	0
7547	128	0
7548	115	0
7549	154	0
7550	83	0
7551	89	0
7552	113	0
7553	88	0
7554	188	0
7555	80	0
7556	126	0
7557	189	0
7558	122	0
7559	52	0
7560	192	0
7561	154	0
7562	115	0
7563	81	0
7564	59	0
7565	187	0
7566	185	0
7567	56	0
7568	55	0
7569	159	0
7570	188	0
7571	89	0
7572	121	0
7573	54	0
7574	87	0
7575	116	0
7576	122	0
7577	119	0
7578	83	0
7579	53	0
7580	121	0
7581	53	0
7582	157	0
7583	131	0
7584	87	0
7585	155	0
7586	191	0
7587	51	0
7588	153	0
7589	87	0
7590	153	0
7591	85	0
7592	121	0
7593	53	0
7594	57	0
7595	155	0
7596	83	0
7597	119	0
7598	81	0
7599	153	0
7600	88	0
7601	57	0
7602	153	0
7603	155	0
7604	158	0
7605	88	0
7606	158	0
7607	160	0
7608	187	0
7609	118	0
7610	117	0
7611	81	0
7612	57	0
7613	153	0
7614	113	0
7615	85	0
7616	128	0
7617	129	0
7618	113	0
7619	87	0
7620	55	0
7621	113	0
7622	185	0
7623	89	0
7624	55	0
7625	158	0
7626	155	0
7627	126	0
7628	158	0
7629	88	0
7630	128	0
7631	81	0
7632	85	0
7633	55	0
7634	80	0
7635	127	0
7636	191	0
7637	57	0
7638	155	0
7639	160	0
7640	81	0
7641	119	0
7642	160	0
7643	113	0
7644	159	0
7645	185	0
7646	151	0
7647	190	0
7648	189	0
7649	123	0
7650	158	0
7651	87	0
7652	155	0
7653	120	0
7654	191	0
7655	122	0
7656	54	0
7657	155	0
7658	185	0
7659	188	0
7660	155	0
7661	81	0
7662	88	0
7663	115	0
7664	89	0
7665	86	0
7666	157	0
7667	116	0
7668	159	0
7669	156	0
7670	120	0
7671	154	0
7672	189	0
7673	120	0
7674	153	0
7675	189	0
7676	152	0
7677	81	0
7678	159	0
7679	57	0
7680	54	0
7681	80	0
7682	59	0
7683	154	0
7684	121	0
7685	57	0
7686	111	0
7687	188	0
7688	117	0
7689	89	0
7690	79	0
7691	113	0
7692	79	0
7693	161	0
7694	158	0
7695	84	0
7696	115	0
7697	119	0
7698	151	0
7699	153	0
7700	121	0
7701	154	0
7702	158	0
7703	125	0
7704	120	0
7705	129	0
7706	51	0
7707	88	0
7708	155	0
7709	153	0
7710	154	0
7711	155	0
7712	81	0
7713	157	0
7714	185	0
7715	59	0
7716	127	0
7717	191	0
7718	55	0
7719	113	0
7720	127	0
7721	154	0
7722	113	0
7723	53	0
7724	155	0
7725	115	0
7726	111	0
7727	86	0
7728	159	0
7729	117	0
7730	88	0
7731	159	0
7732	87	0
7733	85	0
7734	54	0
7735	56	0
7736	129	0
7737	157	0
7738	185	0
7739	123	0
7740	189	0
7741	125	0
7742	126	0
7743	127	0
7744	155	0
7745	189	0
7746	113	0
7747	190	0
7748	153	0
7749	86	0
7750	189	0
7751	87	0
7752	155	0
7753	155	0
7754	79	0
7755	189	0
7756	53	0
7757	113	0
7758	89	0
7759	153	0
7760	88	0
7761	55	0
7762	54	0
7763	157	0
7764	186	0
7765	129	0
7766	131	0
7767	188	0
7768	84	0
7769	83	0
7770	87	0
7771	116	0
7772	158	0
7773	191	0
7774	87	0
7775	155	0
7776	158	0
7777	56	0
7778	85	0
7779	125	0
7780	185	0
7781	153	0
7782	89	0
7783	153	0
7784	112	0
7785	81	0
7786	81	0
7787	189	0
7788	115	0
7789	127	0
7790	86	0
7791	153	0
7792	157	0
7793	191	0
7794	154	0
7795	154	0
7796	80	0
7797	159	0
7798	56	0
7799	129	0
7800	88	0
7801	86	0
7802	189	0
7803	155	0
7804	155	0
7805	153	0
7806	129	0
7807	87	0
7808	153	0
7809	86	0
7810	125	0
7811	189	0
7812	57	0
7813	123	0
7814	153	0
7815	158	0
7816	121	0
7817	87	0
7818	128	0
7819	129	0
7820	129	0
7821	55	0
7822	157	0
7823	81	0
7824	114	0
7825	129	0
7826	87	0
7827	126	0
7828	83	0
7829	125	0
7830	86	0
7831	84	0
7832	157	0
7833	129	0
7834	129	0
7835	120	0
7836	160	0
7837	117	0
7838	189	0
7839	157	0
7840	83	0
7841	155	0
7842	157	0
7843	155	0
7844	191	0
7845	113	0
7846	154	0
7847	113	0
7848	121	0
7849	117	0
7850	153	0
7851	55	0
7852	158	0
7853	188	0
7854	123	0
7855	153	0
7856	113	0
7857	189	0
7858	81	0
7859	55	0
7860	125	0
7861	187	0
7862	191	0
7863	189	0
7864	155	0
7865	56	0
7866	86	0
7867	188	0
7868	185	0
7869	85	0
7870	185	0
7871	115	0
7872	54	0
7873	111	0
7874	189	0
7875	155	0
7876	81	0
7877	85	0
7878	56	0
7879	117	0
7880	85	0
7881	54	0
7882	113	0
7883	189	0
7884	85	0
7885	88	0
7886	115	0
7887	88	0
7888	126	0
7889	159	0
7890	113	0
7891	86	0
7892	56	0
7893	157	0
7894	115	0
7895	115	0
7896	153	0
7897	129	0
7898	87	0
7899	130	0
7900	116	0
7901	129	0
7902	127	0
7903	185	0
7904	85	0
7905	115	0
7906	59	0
7907	85	0
7908	188	0
7909	115	0
7910	85	0
7911	115	0
7912	88	0
7913	159	0
7914	118	0
7915	121	0
7916	52	0
7917	186	0
7918	154	0
7919	123	0
7920	52	0
7921	89	0
7922	191	0
7923	159	0
7924	189	0
7925	86	0
7926	88	0
7927	57	0
7928	54	0
7929	85	0
7930	129	0
7931	157	0
7932	121	0
7933	57	0
7934	83	0
7935	111	0
7936	156	0
7937	80	0
7938	51	0
7939	116	0
7940	83	0
7941	153	0
7942	118	0
7943	156	0
7944	117	0
7945	153	0
7946	155	0
7947	123	0
7948	153	0
7949	115	0
7950	157	0
7951	159	0
7952	82	0
7953	189	0
7954	155	0
7955	89	0
7956	130	0
7957	83	0
7958	55	0
7959	190	0
7960	54	0
7961	113	0
7962	88	0
7963	128	0
7964	113	0
7965	189	0
7966	190	0
7967	87	0
7968	126	0
7969	189	0
7970	191	0
7971	157	0
7972	84	0
7973	54	0
7974	131	0
7975	79	0
7976	159	0
7977	154	0
7978	87	0
7979	189	0
7980	81	0
7981	87	0
7982	85	0
7983	123	0
7984	81	0
7985	116	0
7986	87	0
7987	155	0
7988	153	0
7989	51	0
7990	158	0
7991	83	0
7992	186	0
7993	124	0
7994	87	0
7995	190	0
7996	127	0
7997	129	0
7998	129	0
7999	186	0
