Oscilloscope data. 
Time step = 10,00 uS
Voltage step = 31,25 mV
Zero level = 121

N 	Smpl.	Trig

0	161	0
1	183	0
2	181	0
3	155	0
4	117	0
5	80	0
6	58	0
7	61	0
8	86	0
9	125	0
10	161	0
11	183	0
12	181	0
13	155	0
14	117	0
15	80	0
16	58	0
17	61	0
18	87	0
19	125	0
20	161	0
21	184	0
22	181	0
23	155	0
24	117	0
25	80	0
26	59	0
27	61	0
28	86	0
29	125	0
30	161	0
31	184	0
32	181	0
33	155	0
34	117	0
35	80	0
36	59	0
37	61	0
38	86	0
39	125	0
40	162	0
41	183	0
42	181	0
43	155	0
44	117	0
45	81	0
46	59	0
47	61	0
48	87	0
49	125	0
50	161	0
51	183	0
52	181	0
53	155	0
54	117	0
55	81	0
56	59	0
57	61	0
58	86	0
59	125	0
60	161	0
61	183	0
62	181	0
63	155	0
64	117	0
65	80	0
66	59	0
67	61	0
68	87	0
69	125	0
70	161	0
71	184	0
72	181	0
73	156	0
74	117	0
75	80	0
76	59	0
77	61	0
78	86	0
79	125	0
80	162	0
81	183	0
82	181	0
83	155	0
84	117	0
85	81	0
86	59	0
87	61	0
88	87	0
89	125	0
90	161	0
91	184	0
92	181	0
93	155	0
94	117	0
95	80	0
96	59	0
97	61	0
98	87	0
99	125	0
100	161	0
101	184	0
102	181	0
103	155	0
104	117	0
105	80	0
106	59	0
107	61	0
108	87	0
109	125	0
110	161	0
111	184	0
112	181	0
113	155	0
114	117	0
115	80	0
116	59	0
117	62	0
118	87	0
119	125	0
120	161	0
121	183	0
122	181	0
123	155	0
124	117	0
125	80	0
126	58	0
127	61	0
128	86	0
129	125	0
130	161	0
131	184	0
132	181	0
133	156	0
134	117	0
135	81	0
136	59	0
137	61	0
138	87	0
139	125	0
140	162	0
141	183	0
142	181	0
143	155	0
144	117	0
145	81	0
146	59	0
147	61	0
148	87	0
149	125	0
150	161	0
151	184	0
152	181	0
153	155	0
154	117	0
155	81	0
156	58	0
157	61	0
158	87	0
159	125	0
160	161	0
161	183	0
162	181	0
163	155	0
164	117	0
165	80	0
166	59	0
167	61	0
168	86	0
169	125	0
170	161	0
171	183	0
172	181	0
173	156	0
174	117	0
175	81	0
176	59	0
177	61	0
178	87	0
179	125	0
180	161	0
181	183	0
182	181	0
183	155	0
184	117	0
185	80	0
186	58	0
187	61	0
188	87	0
189	125	0
190	162	0
191	184	0
192	181	0
193	155	0
194	117	0
195	81	0
196	59	0
197	61	0
198	87	0
199	125	0
200	162	0
201	183	0
202	181	0
203	155	0
204	117	0
205	81	0
206	58	0
207	61	0
208	86	0
209	125	0
210	161	0
211	183	0
212	181	0
213	155	0
214	117	0
215	81	0
216	59	0
217	61	0
218	87	0
219	125	0
220	161	0
221	183	0
222	181	0
223	156	0
224	117	0
225	81	0
226	59	0
227	61	0
228	87	0
229	125	0
230	161	0
231	183	0
232	181	0
233	155	0
234	117	0
235	81	0
236	59	0
237	61	0
238	87	0
239	125	0
240	162	0
241	183	0
242	181	0
243	155	0
244	117	0
245	81	0
246	59	0
247	61	0
248	86	0
249	125	0
250	161	0
251	183	0
252	181	0
253	155	0
254	117	0
255	80	0
256	59	0
257	61	0
258	86	0
259	125	0
260	161	0
261	184	0
262	181	0
263	155	0
264	117	0
265	81	0
266	59	0
267	61	0
268	86	0
269	125	0
270	161	0
271	184	0
272	181	0
273	156	0
274	117	0
275	81	0
276	59	0
277	61	0
278	87	0
279	125	0
280	161	0
281	183	0
282	181	0
283	155	0
284	117	0
285	81	0
286	59	0
287	61	0
288	86	0
289	125	0
290	161	0
291	183	0
292	181	0
293	155	0
294	117	0
295	80	0
296	59	0
297	61	0
298	87	0
299	125	0
300	161	0
301	183	0
302	181	0
303	155	0
304	117	0
305	81	0
306	59	0
307	62	0
308	87	0
309	125	0
310	161	0
311	183	0
312	181	0
313	156	0
314	117	0
315	81	0
316	59	0
317	61	0
318	87	0
319	125	0
320	161	0
321	183	0
322	181	0
323	155	0
324	117	0
325	80	0
326	58	0
327	61	0
328	86	0
329	125	0
330	163	0
331	183	0
332	181	0
333	156	0
334	117	0
335	80	0
336	59	0
337	61	0
338	86	0
339	125	0
340	161	0
341	183	0
342	181	0
343	155	0
344	117	0
345	80	0
346	59	0
347	61	0
348	86	0
349	125	0
350	161	0
351	184	0
352	181	0
353	155	0
354	117	0
355	80	0
356	59	0
357	61	0
358	87	0
359	125	0
360	162	0
361	183	0
362	181	0
363	155	0
364	117	0
365	80	0
366	59	0
367	61	0
368	86	0
369	125	0
370	161	0
371	183	0
372	181	0
373	155	0
374	117	0
375	81	0
376	59	0
377	62	0
378	86	0
379	125	0
380	161	0
381	184	0
382	181	0
383	156	0
384	117	0
385	80	0
386	59	0
387	61	0
388	86	0
389	125	0
390	161	0
391	183	0
392	181	0
393	155	0
394	117	0
395	81	0
396	59	0
397	61	0
398	87	0
399	125	0
400	162	0
401	183	0
402	181	0
403	155	0
404	117	0
405	81	0
406	59	0
407	62	0
408	86	0
409	125	0
410	161	0
411	184	0
412	181	0
413	155	0
414	117	0
415	80	0
416	59	0
417	61	0
418	86	0
419	125	0
420	161	0
421	184	0
422	181	0
423	155	0
424	117	0
425	81	0
426	59	0
427	61	0
428	86	0
429	125	0
430	161	0
431	183	0
432	181	0
433	155	0
434	117	0
435	80	0
436	59	0
437	61	0
438	87	0
439	125	0
440	161	0
441	183	0
442	181	0
443	155	0
444	117	0
445	81	0
446	59	0
447	61	0
448	86	0
449	125	0
450	161	0
451	183	0
452	181	0
453	155	0
454	117	0
455	81	0
456	59	0
457	61	0
458	86	0
459	125	0
460	163	0
461	184	0
462	181	0
463	155	0
464	117	0
465	81	0
466	59	0
467	61	0
468	87	0
469	125	0
470	161	0
471	184	0
472	181	0
473	155	0
474	117	0
475	80	0
476	59	0
477	61	0
478	87	0
479	125	0
480	161	0
481	183	0
482	181	0
483	155	0
484	117	0
485	80	0
486	59	0
487	61	0
488	87	0
489	125	0
490	161	0
491	183	0
492	181	0
493	155	0
494	117	0
495	81	0
496	59	0
497	61	0
498	87	0
499	125	0
500	161	0
501	183	0
502	181	0
503	155	0
504	117	0
505	81	0
506	59	0
507	61	0
508	87	0
509	125	0
510	161	0
511	183	0
512	181	0
513	155	0
514	117	0
515	80	0
516	59	0
517	61	0
518	86	0
519	125	0
520	161	0
521	183	0
522	181	0
523	155	0
524	117	0
525	81	0
526	59	0
527	61	0
528	86	0
529	125	0
530	161	0
531	183	0
532	181	0
533	155	0
534	117	0
535	81	0
536	59	0
537	62	0
538	87	0
539	125	0
540	161	0
541	184	0
542	181	0
543	155	0
544	117	0
545	81	0
546	59	0
547	61	0
548	87	0
549	125	0
550	161	0
551	183	0
552	181	0
553	156	0
554	117	0
555	80	0
556	59	0
557	61	0
558	86	0
559	125	0
560	162	0
561	184	0
562	181	0
563	155	0
564	117	0
565	81	0
566	59	0
567	61	0
568	87	0
569	125	0
570	161	0
571	183	0
572	181	0
573	155	0
574	117	0
575	80	0
576	59	0
577	61	0
578	87	0
579	125	0
580	161	0
581	183	0
582	181	0
583	155	0
584	117	0
585	80	0
586	59	0
587	61	0
588	87	0
589	125	0
590	161	0
591	184	0
592	181	0
593	155	0
594	117	0
595	81	0
596	59	0
597	61	0
598	87	0
599	125	0
600	161	0
601	183	0
602	181	0
603	156	0
604	117	0
605	80	0
606	59	0
607	61	0
608	87	0
609	125	0
610	161	0
611	183	0
612	181	0
613	156	0
614	117	0
615	81	0
616	58	0
617	61	0
618	87	0
619	125	0
620	162	0
621	183	0
622	181	0
623	155	0
624	117	0
625	81	0
626	59	0
627	62	0
628	86	0
629	125	0
630	161	0
631	183	0
632	181	0
633	155	0
634	117	0
635	80	0
636	59	0
637	61	0
638	86	0
639	125	0
640	162	0
641	184	0
642	181	0
643	156	0
644	117	0
645	79	0
646	59	0
647	61	0
648	87	0
649	125	0
650	162	0
651	183	0
652	181	0
653	155	0
654	117	0
655	81	0
656	58	0
657	61	0
658	87	0
659	125	0
660	162	0
661	183	0
662	181	0
663	155	0
664	117	0
665	81	0
666	59	0
667	61	0
668	86	0
669	125	0
670	161	0
671	183	0
672	181	0
673	155	0
674	117	0
675	80	0
676	59	0
677	61	0
678	86	0
679	125	0
680	161	0
681	184	0
682	181	0
683	156	0
684	117	0
685	81	0
686	59	0
687	61	0
688	87	0
689	125	0
690	161	0
691	183	0
692	181	0
693	155	0
694	117	0
695	80	0
696	59	0
697	61	0
698	86	0
699	125	0
700	161	0
701	183	0
702	181	0
703	155	0
704	117	0
705	80	0
706	58	0
707	61	0
708	86	0
709	125	0
710	161	0
711	183	0
712	181	0
713	155	0
714	117	0
715	80	0
716	59	0
717	61	0
718	87	0
719	125	0
720	161	0
721	185	0
722	181	0
723	156	0
724	117	0
725	81	0
726	59	0
727	61	0
728	86	0
729	125	0
730	161	0
731	183	0
732	181	0
733	155	0
734	117	0
735	80	0
736	59	0
737	61	0
738	86	0
739	125	0
740	161	0
741	183	0
742	181	0
743	156	0
744	117	0
745	80	0
746	59	0
747	61	0
748	86	0
749	125	0
750	161	0
751	183	0
752	181	0
753	155	0
754	117	0
755	80	0
756	59	0
757	61	0
758	86	0
759	125	0
760	162	0
761	183	0
762	181	0
763	156	0
764	117	0
765	80	0
766	59	0
767	61	0
768	86	0
769	125	0
770	161	0
771	183	0
772	181	0
773	155	0
774	117	0
775	81	0
776	59	0
777	61	0
778	87	0
779	125	0
780	161	0
781	183	0
782	181	0
783	156	0
784	117	0
785	81	0
786	59	0
787	61	0
788	87	0
789	125	0
790	161	0
791	183	0
792	181	0
793	156	0
794	117	0
795	81	0
796	59	0
797	62	0
798	87	0
799	125	0
800	161	0
801	184	0
802	181	0
803	155	0
804	117	0
805	80	0
806	59	0
807	61	0
808	86	0
809	125	0
810	161	0
811	183	0
812	181	0
813	155	0
814	117	0
815	81	0
816	59	0
817	61	0
818	87	0
819	125	0
820	161	0
821	183	0
822	181	0
823	155	0
824	117	0
825	79	0
826	59	0
827	61	0
828	87	0
829	125	0
830	161	0
831	183	0
832	181	0
833	155	0
834	117	0
835	80	0
836	58	0
837	61	0
838	86	0
839	125	0
840	161	0
841	183	0
842	181	0
843	155	0
844	117	0
845	80	0
846	58	0
847	61	0
848	87	0
849	125	0
850	161	0
851	183	0
852	181	0
853	155	0
854	117	0
855	80	0
856	59	0
857	62	0
858	87	0
859	125	0
860	161	0
861	183	0
862	181	0
863	155	0
864	117	0
865	80	0
866	59	0
867	62	0
868	87	0
869	125	0
870	161	0
871	184	0
872	181	0
873	155	0
874	117	0
875	81	0
876	59	0
877	61	0
878	86	0
879	125	0
880	161	0
881	183	0
882	181	0
883	155	0
884	117	0
885	81	0
886	59	0
887	61	0
888	86	0
889	125	0
890	161	0
891	184	0
892	181	0
893	155	0
894	117	0
895	80	0
896	59	0
897	62	0
898	87	0
899	125	0
900	161	0
901	183	0
902	181	0
903	155	0
904	117	0
905	81	0
906	59	0
907	61	0
908	86	0
909	125	0
910	161	0
911	183	0
912	181	0
913	156	0
914	117	0
915	80	0
916	59	0
917	61	0
918	87	0
919	125	0
920	161	0
921	184	0
922	181	0
923	155	0
924	117	0
925	80	0
926	59	0
927	61	0
928	86	0
929	125	0
930	162	0
931	183	0
932	181	0
933	155	0
934	117	0
935	80	0
936	58	0
937	61	0
938	86	0
939	125	0
940	161	0
941	183	0
942	181	0
943	155	0
944	117	0
945	81	0
946	59	0
947	61	0
948	87	0
949	125	0
950	161	0
951	183	0
952	181	0
953	156	0
954	117	0
955	81	0
956	59	0
957	61	0
958	87	0
959	125	0
960	161	0
961	183	0
962	181	0
963	155	0
964	117	0
965	81	0
966	59	0
967	61	0
968	87	0
969	125	0
970	162	0
971	183	0
972	181	0
973	156	0
974	117	0
975	80	0
976	59	0
977	61	0
978	87	0
979	125	0
980	161	0
981	183	0
982	181	0
983	155	0
984	117	0
985	81	0
986	59	0
987	61	0
988	86	0
989	125	0
990	162	0
991	183	0
992	181	0
993	155	0
994	117	0
995	81	0
996	58	0
997	61	0
998	87	0
999	125	0
