Oscilloscope data. 
Time step = 625,0 uS
Voltage step = 62,50 mV
Zero level = 127

N 	Smpl.	Trig

0	131	0
1	131	0
2	131	0
3	131	0
4	131	0
5	131	0
6	131	0
7	131	0
8	131	0
9	131	0
10	131	0
11	131	0
12	131	0
13	131	0
14	131	0
15	131	0
16	131	0
17	131	0
18	131	0
19	131	0
20	131	0
21	131	0
22	131	0
23	131	0
24	131	0
25	131	0
26	131	0
27	131	0
28	131	0
29	131	0
30	131	0
31	131	0
32	131	0
33	131	0
34	131	0
35	131	0
36	131	0
37	131	0
38	131	0
39	131	0
40	131	0
41	131	0
42	131	0
43	131	0
44	131	0
45	131	0
46	131	0
47	131	0
48	131	0
49	131	0
50	131	0
51	131	0
52	131	0
53	131	0
54	131	0
55	131	0
56	131	0
57	131	0
58	131	0
59	131	0
60	131	0
61	131	0
62	131	0
63	131	0
64	131	0
65	131	0
66	131	0
67	131	0
68	131	0
69	131	0
70	131	0
71	131	0
72	131	0
73	131	0
74	131	0
75	131	0
76	131	0
77	131	0
78	131	0
79	131	0
80	131	0
81	131	0
82	131	0
83	131	0
84	131	0
85	131	0
86	131	0
87	131	0
88	131	0
89	131	0
90	131	0
91	131	0
92	131	0
93	131	0
94	131	0
95	131	0
96	131	0
97	131	0
98	131	0
99	131	0
100	131	0
101	131	0
102	131	0
103	131	0
104	131	0
105	131	0
106	131	0
107	131	0
108	131	0
109	131	0
110	131	0
111	131	0
112	131	0
113	131	0
114	131	0
115	131	0
116	131	0
117	131	0
118	131	0
119	131	0
120	131	0
121	131	0
122	131	0
123	131	0
124	131	0
125	131	0
126	131	0
127	131	0
128	131	0
129	131	0
130	131	0
131	131	0
132	131	0
133	131	0
134	131	0
135	131	0
136	131	0
137	131	0
138	131	0
139	131	0
140	131	0
141	131	0
142	131	0
143	131	0
144	131	0
145	131	0
146	131	0
147	131	0
148	131	0
149	131	0
150	131	0
151	131	0
152	131	0
153	131	0
154	130	0
155	131	0
156	131	0
157	131	0
158	131	0
159	131	0
160	131	0
161	131	0
162	131	0
163	131	0
164	131	0
165	131	0
166	129	0
167	130	0
168	130	0
169	130	0
170	130	0
171	129	0
172	129	0
173	130	0
174	129	0
175	129	0
176	129	0
177	129	0
178	129	0
179	129	0
180	129	0
181	129	0
182	129	0
183	128	0
184	129	0
185	128	0
186	128	0
187	129	0
188	128	0
189	128	0
190	128	0
191	128	0
192	128	0
193	128	0
194	128	0
195	128	0
196	129	0
197	128	0
198	127	0
199	128	0
200	128	0
201	127	0
202	127	0
203	127	0
204	127	0
205	127	0
206	127	0
207	128	0
208	128	0
209	128	0
210	127	0
211	127	0
212	127	0
213	127	0
214	127	0
215	127	0
216	127	0
217	127	0
218	127	0
219	127	0
220	127	0
221	127	0
222	127	0
223	127	0
224	127	0
225	127	0
226	127	0
227	127	0
228	127	0
229	127	0
230	127	0
231	127	0
232	127	0
233	127	0
234	127	0
235	127	0
236	127	0
237	127	0
238	127	0
239	127	0
240	127	0
241	127	0
242	126	0
243	127	0
244	126	0
245	126	0
246	127	0
247	127	0
248	127	0
249	127	0
250	126	0
251	127	0
252	127	0
253	126	0
254	127	0
255	126	0
256	127	0
257	127	0
258	127	0
259	126	0
260	126	0
261	126	0
262	127	0
263	127	0
264	126	0
265	126	0
266	127	0
267	127	0
268	126	0
269	127	0
270	126	0
271	127	0
272	126	0
273	127	0
274	127	0
275	127	0
276	126	0
277	127	0
278	127	0
279	127	0
280	126	0
281	127	0
282	127	0
283	127	0
284	127	0
285	127	0
286	126	0
287	126	0
288	126	0
289	127	0
290	127	0
291	126	0
292	126	0
293	126	0
294	126	0
295	126	0
296	125	0
297	126	0
298	126	0
299	125	0
300	125	0
301	126	0
302	126	0
303	125	0
304	125	0
305	125	0
306	125	0
307	125	0
308	125	0
309	125	0
310	125	0
311	125	0
312	125	0
313	124	0
314	124	0
315	124	0
316	124	0
317	124	0
318	124	0
319	124	0
320	124	0
321	124	0
322	124	0
323	124	0
324	123	0
325	124	0
326	124	0
327	124	0
328	124	0
329	124	0
330	124	0
331	123	0
332	123	0
333	124	0
334	123	0
335	123	0
336	123	0
337	123	0
338	123	0
339	123	0
340	123	0
341	123	0
342	123	0
343	123	0
344	123	0
345	123	0
346	123	0
347	123	0
348	123	0
349	123	0
350	122	0
351	121	0
352	121	0
353	121	0
354	122	0
355	121	0
356	120	0
357	120	0
358	120	0
359	120	0
360	120	0
361	120	0
362	120	0
363	119	0
364	119	0
365	119	0
366	119	0
367	119	0
368	119	0
369	119	0
370	118	0
371	118	0
372	117	0
373	117	0
374	117	0
375	117	0
376	116	0
377	116	0
378	116	0
379	116	0
380	116	0
381	116	0
382	115	0
383	115	0
384	115	0
385	115	0
386	115	0
387	115	0
388	115	0
389	115	0
390	115	0
391	114	0
392	114	0
393	113	0
394	114	0
395	113	0
396	113	0
397	113	0
398	113	0
399	113	0
400	113	0
401	113	0
402	112	0
403	112	0
404	112	0
405	112	0
406	112	0
407	112	0
408	112	0
409	112	0
410	112	0
411	112	0
412	111	0
413	111	0
414	111	0
415	112	0
416	111	0
417	112	0
418	111	0
419	111	0
420	111	0
421	111	0
422	111	0
423	111	0
424	111	0
425	111	0
426	111	0
427	111	0
428	111	0
429	111	0
430	111	0
431	111	0
432	111	0
433	111	0
434	111	0
435	110	0
436	111	0
437	111	0
438	110	0
439	109	0
440	110	0
441	110	0
442	111	0
443	110	0
444	109	0
445	111	0
446	110	0
447	110	0
448	110	0
449	110	0
450	109	0
451	109	0
452	108	0
453	109	0
454	109	0
455	109	0
456	109	0
457	108	0
458	109	0
459	109	0
460	109	0
461	109	0
462	109	0
463	109	0
464	109	0
465	108	0
466	108	0
467	108	0
468	108	0
469	108	0
470	108	0
471	108	0
472	108	0
473	108	0
474	108	0
475	108	0
476	108	0
477	108	0
478	107	0
479	108	0
480	107	0
481	108	0
482	108	0
483	108	0
484	108	0
485	107	0
486	107	0
487	107	0
488	107	0
489	107	0
490	107	0
491	107	0
492	107	0
493	107	0
494	107	0
495	107	0
496	107	0
497	107	0
498	107	0
499	107	0
500	107	0
501	107	0
502	107	0
503	107	0
504	107	0
505	107	0
506	107	0
507	107	0
508	107	0
509	107	0
510	107	0
511	107	0
512	107	0
513	106	0
514	107	0
515	107	0
516	107	0
517	107	0
518	106	0
519	107	0
520	107	0
521	107	0
522	105	0
523	106	0
524	107	0
525	107	0
526	106	0
527	107	0
528	106	0
529	106	0
530	106	0
531	106	0
532	106	0
533	105	0
534	105	0
535	106	0
536	106	0
537	105	0
538	105	0
539	105	0
540	105	0
541	105	0
542	105	0
543	105	0
544	105	0
545	104	0
546	104	0
547	104	0
548	104	0
549	104	0
550	104	0
551	104	0
552	104	0
553	104	0
554	104	0
555	103	0
556	103	0
557	104	0
558	103	0
559	104	0
560	103	0
561	103	0
562	103	0
563	103	0
564	103	0
565	103	0
566	103	0
567	103	0
568	103	0
569	103	0
570	103	0
571	103	0
572	103	0
573	103	0
574	103	0
575	103	0
576	103	0
577	103	0
578	102	0
579	103	0
580	103	0
581	103	0
582	103	0
583	102	0
584	102	0
585	102	0
586	103	0
587	102	0
588	102	0
589	101	0
590	102	0
591	101	0
592	101	0
593	101	0
594	102	0
595	101	0
596	102	0
597	102	0
598	101	0
599	101	0
600	101	0
601	101	0
602	101	0
603	101	0
604	101	0
605	101	0
606	101	0
607	101	0
608	101	0
609	101	0
610	101	0
611	101	0
612	100	0
613	100	0
614	101	0
615	101	0
616	101	0
617	101	0
618	101	0
619	100	0
620	100	0
621	101	0
622	100	0
623	101	0
624	101	0
625	101	0
626	101	0
627	101	0
628	101	0
629	100	0
630	101	0
631	101	0
632	100	0
633	100	0
634	101	0
635	100	0
636	100	0
637	100	0
638	101	0
639	100	0
640	100	0
641	101	0
642	101	0
643	100	0
644	101	0
645	101	0
646	101	0
647	100	0
648	100	0
649	100	0
650	100	0
651	100	0
652	100	0
653	100	0
654	101	0
655	100	0
656	100	0
657	101	0
658	100	0
659	100	0
660	100	0
661	100	0
662	100	0
663	100	0
664	100	0
665	101	0
666	100	0
667	100	0
668	101	0
669	100	0
670	100	0
671	100	0
672	100	0
673	100	0
674	100	0
675	100	0
676	100	0
677	100	0
678	100	0
679	100	0
680	101	0
681	100	0
682	100	0
683	100	0
684	100	0
685	100	0
686	100	0
687	100	0
688	100	0
689	100	0
690	100	0
691	100	0
692	100	0
693	100	0
694	100	0
695	100	0
696	100	0
697	101	0
698	100	0
699	100	0
700	100	0
701	101	0
702	100	0
703	100	0
704	100	0
705	100	0
706	100	0
707	100	0
708	100	0
709	100	0
710	100	0
711	100	0
712	100	0
713	100	0
714	100	0
715	100	0
716	100	0
717	100	0
718	100	0
719	100	0
720	100	0
721	99	0
722	100	0
723	100	0
724	100	0
725	100	0
726	100	0
727	100	0
728	100	0
729	100	0
730	100	0
731	100	0
732	100	0
733	100	0
734	100	0
735	100	0
736	100	0
737	100	0
738	99	0
739	99	0
740	100	0
741	99	0
742	99	0
743	99	0
744	100	0
745	100	0
746	99	0
747	99	0
748	100	0
749	100	0
750	99	0
751	99	0
752	100	0
753	99	0
754	100	0
755	99	0
756	99	0
757	99	0
758	100	0
759	100	0
760	99	0
761	100	0
762	100	0
763	99	0
764	100	0
765	99	0
766	99	0
767	99	0
768	100	0
769	99	0
770	99	0
771	100	0
772	99	0
773	99	0
774	99	0
775	99	0
776	100	0
777	99	0
778	100	0
779	99	0
780	99	0
781	99	0
782	99	0
783	99	0
784	99	0
785	99	0
786	99	0
787	99	0
788	99	0
789	99	0
790	100	0
791	99	0
792	100	0
793	99	0
794	99	0
795	99	0
796	99	0
797	99	0
798	99	0
799	99	0
800	99	0
801	99	0
802	99	0
803	99	0
804	99	0
805	99	0
806	99	0
807	99	0
808	99	0
809	99	0
810	99	0
811	99	0
812	99	0
813	99	0
814	99	0
815	99	0
816	99	0
817	99	0
818	99	0
819	99	0
820	99	0
821	99	0
822	99	0
823	99	0
824	99	0
825	99	0
826	99	0
827	99	0
828	99	0
829	99	0
830	99	0
831	99	0
832	99	0
833	99	0
834	99	0
835	99	0
836	99	0
837	99	0
838	99	0
839	99	0
840	99	0
841	99	0
842	99	0
843	99	0
844	99	0
845	99	0
846	99	0
847	99	0
848	99	0
849	99	0
850	99	0
851	99	0
852	99	0
853	99	0
854	99	0
855	99	0
856	99	0
857	99	0
858	99	0
859	99	0
860	98	0
861	99	0
862	99	0
863	99	0
864	98	0
865	98	0
866	99	0
867	98	0
868	99	0
869	97	0
870	99	0
871	99	0
872	98	0
873	99	0
874	99	0
875	99	0
876	99	0
877	99	0
878	97	0
879	99	0
880	98	0
881	99	0
882	99	0
883	98	0
884	99	0
885	98	0
886	98	0
887	99	0
888	99	0
889	99	0
890	99	0
891	99	0
892	99	0
893	99	0
894	99	0
895	99	0
896	99	0
897	99	0
898	99	0
899	99	0
900	99	0
901	99	0
902	99	0
903	99	0
904	99	0
905	99	0
906	99	0
907	99	0
908	99	0
909	99	0
910	99	0
911	99	0
912	99	0
913	99	0
914	99	0
915	99	0
916	99	0
917	99	0
918	99	0
919	99	0
920	99	0
921	99	0
922	99	0
923	99	0
924	99	0
925	99	0
926	99	0
927	99	0
928	99	0
929	99	0
930	99	0
931	99	0
932	99	0
933	99	0
934	99	0
935	99	0
936	99	0
937	99	0
938	99	0
939	99	0
940	99	0
941	99	0
942	99	0
943	99	0
944	99	0
945	99	0
946	99	0
947	99	0
948	99	0
949	99	0
950	99	0
951	99	0
952	99	0
953	99	0
954	99	0
955	99	0
956	99	0
957	99	0
958	99	0
959	99	0
960	99	0
961	99	0
962	99	0
963	99	0
964	99	0
965	99	0
966	99	0
967	99	0
968	99	0
969	99	0
970	99	0
971	99	0
972	99	0
973	99	0
974	99	0
975	99	0
976	100	0
977	99	0
978	99	0
979	99	0
980	99	0
981	99	0
982	99	0
983	100	0
984	99	0
985	99	0
986	99	0
987	99	0
988	99	0
989	99	0
990	100	0
991	99	0
992	99	0
993	99	0
994	100	0
995	99	0
996	99	0
997	100	0
998	99	0
999	99	0
1000	99	0
1001	99	0
1002	99	0
1003	99	0
1004	99	0
1005	99	0
1006	99	0
1007	99	0
1008	99	0
1009	99	0
1010	99	0
1011	99	0
1012	99	0
1013	99	0
1014	99	0
1015	99	0
1016	99	0
1017	99	0
1018	99	0
1019	99	0
1020	99	0
1021	99	0
1022	99	0
1023	99	0
1024	99	0
1025	99	0
1026	99	0
1027	99	0
1028	99	0
1029	99	0
1030	99	0
1031	99	0
1032	99	0
1033	99	0
1034	99	0
1035	99	0
1036	99	0
1037	99	0
1038	99	0
1039	99	0
1040	99	0
1041	99	0
1042	99	0
1043	99	0
1044	99	0
1045	99	0
1046	99	0
1047	99	0
1048	99	0
1049	99	0
1050	99	0
1051	99	0
1052	99	0
1053	99	0
1054	99	0
1055	99	0
1056	99	0
1057	99	0
1058	99	0
1059	99	0
1060	99	0
1061	99	0
1062	99	0
1063	99	0
1064	99	0
1065	99	0
1066	99	0
1067	99	0
1068	99	0
1069	99	0
1070	99	0
1071	99	0
1072	99	0
1073	99	0
1074	99	0
1075	98	0
1076	97	0
1077	99	0
1078	99	0
1079	99	0
1080	98	0
1081	98	0
1082	99	0
1083	98	0
1084	99	0
1085	98	0
1086	98	0
1087	99	0
1088	99	0
1089	97	0
1090	99	0
1091	97	0
1092	98	0
1093	98	0
1094	99	0
1095	97	0
1096	97	0
1097	98	0
1098	97	0
1099	98	0
1100	97	0
1101	97	0
1102	97	0
1103	98	0
1104	97	0
1105	97	0
1106	97	0
1107	97	0
1108	97	0
1109	97	0
1110	98	0
1111	96	0
1112	97	0
1113	97	0
1114	96	0
1115	96	0
1116	97	0
1117	97	0
1118	97	0
1119	97	0
1120	96	0
1121	96	0
1122	96	0
1123	96	0
1124	97	0
1125	97	0
1126	97	0
1127	97	0
1128	97	0
1129	97	0
1130	96	0
1131	97	0
1132	96	0
1133	97	0
1134	96	0
1135	96	0
1136	97	0
1137	96	0
1138	96	0
1139	97	0
1140	96	0
1141	96	0
1142	96	0
1143	97	0
1144	96	0
1145	96	0
1146	97	0
1147	97	0
1148	97	0
1149	96	0
1150	96	0
1151	96	0
1152	96	0
1153	96	0
1154	96	0
1155	96	0
1156	97	0
1157	97	0
1158	97	0
1159	96	0
1160	97	0
1161	96	0
1162	96	0
1163	96	0
1164	97	0
1165	96	0
1166	96	0
1167	96	0
1168	96	0
1169	96	0
1170	96	0
1171	96	0
1172	96	0
1173	96	0
1174	96	0
1175	96	0
1176	97	0
1177	95	0
1178	95	0
1179	96	0
1180	96	0
1181	96	0
1182	96	0
1183	96	0
1184	96	0
1185	95	0
1186	95	0
1187	96	0
1188	96	0
1189	96	0
1190	95	0
1191	95	0
1192	95	0
1193	95	0
1194	96	0
1195	95	0
1196	96	0
1197	95	0
1198	95	0
1199	96	0
1200	96	0
1201	96	0
1202	96	0
1203	95	0
1204	95	0
1205	96	0
1206	95	0
1207	96	0
1208	96	0
1209	96	0
1210	95	0
1211	95	0
1212	95	0
1213	95	0
1214	95	0
1215	95	0
1216	96	0
1217	96	0
1218	96	0
1219	96	0
1220	95	0
1221	95	0
1222	96	0
1223	95	0
1224	96	0
1225	96	0
1226	95	0
1227	95	0
1228	95	0
1229	95	0
1230	95	0
1231	95	0
1232	96	0
1233	95	0
1234	96	0
1235	95	0
1236	95	0
1237	95	0
1238	95	0
1239	95	0
1240	95	0
1241	95	0
1242	95	0
1243	95	0
1244	95	0
1245	95	0
1246	96	0
1247	96	0
1248	95	0
1249	95	0
1250	95	0
1251	95	0
1252	95	0
1253	95	0
1254	95	0
1255	95	0
1256	95	0
1257	95	0
1258	95	0
1259	95	0
1260	95	0
1261	95	0
1262	95	0
1263	95	0
1264	95	0
1265	95	0
1266	95	0
1267	95	0
1268	95	0
1269	95	0
1270	95	0
1271	95	0
1272	95	0
1273	95	0
1274	95	0
1275	95	0
1276	95	0
1277	95	0
1278	95	0
1279	95	0
1280	95	0
1281	95	0
1282	95	0
1283	95	0
1284	95	0
1285	95	0
1286	95	0
1287	95	0
1288	95	0
1289	95	0
1290	95	0
1291	95	0
1292	95	0
1293	95	0
1294	95	0
1295	95	0
1296	95	0
1297	95	0
1298	95	0
1299	95	0
1300	95	0
1301	95	0
1302	95	0
1303	95	0
1304	95	0
1305	95	0
1306	95	0
1307	95	0
1308	95	0
1309	95	0
1310	95	0
1311	95	0
1312	95	0
1313	95	0
1314	95	0
1315	95	0
1316	95	0
1317	95	0
1318	95	0
1319	95	0
1320	95	0
1321	95	0
1322	95	0
1323	95	0
1324	95	0
1325	95	0
1326	95	0
1327	95	0
1328	95	0
1329	95	0
1330	95	0
1331	95	0
1332	95	0
1333	95	0
1334	95	0
1335	95	0
1336	95	0
1337	95	0
1338	95	0
1339	95	0
1340	95	0
1341	95	0
1342	95	0
1343	95	0
1344	95	0
1345	95	0
1346	95	0
1347	95	0
1348	95	0
1349	95	0
1350	94	0
1351	95	0
1352	94	0
1353	95	0
1354	94	0
1355	95	0
1356	94	0
1357	95	0
1358	94	0
1359	95	0
1360	94	0
1361	95	0
1362	94	0
1363	95	0
1364	94	0
1365	94	0
1366	94	0
1367	93	0
1368	94	0
1369	94	0
1370	94	0
1371	93	0
1372	95	0
1373	94	0
1374	94	0
1375	94	0
1376	94	0
1377	95	0
1378	94	0
1379	94	0
1380	93	0
1381	94	0
1382	95	0
1383	94	0
1384	94	0
1385	94	0
1386	95	0
1387	94	0
1388	94	0
1389	94	0
1390	93	0
1391	93	0
1392	93	0
1393	94	0
1394	94	0
1395	94	0
1396	94	0
1397	94	0
1398	95	0
1399	94	0
1400	93	0
1401	94	0
1402	93	0
1403	94	0
1404	94	0
1405	94	0
1406	94	0
1407	93	0
1408	94	0
1409	94	0
1410	93	0
1411	93	0
1412	93	0
1413	94	0
1414	94	0
1415	93	0
1416	93	0
1417	94	0
1418	94	0
1419	94	0
1420	95	0
1421	93	0
1422	93	0
1423	93	0
1424	93	0
1425	93	0
1426	93	0
1427	94	0
1428	93	0
1429	94	0
1430	94	0
1431	93	0
1432	94	0
1433	93	0
1434	93	0
1435	94	0
1436	94	0
1437	93	0
1438	93	0
1439	94	0
1440	93	0
1441	93	0
1442	93	0
1443	93	0
1444	93	0
1445	93	0
1446	93	0
1447	94	0
1448	93	0
1449	93	0
1450	93	0
1451	94	0
1452	93	0
1453	93	0
1454	94	0
1455	93	0
1456	93	0
1457	94	0
1458	93	0
1459	94	0
1460	94	0
1461	94	0
1462	94	0
1463	94	0
1464	94	0
1465	94	0
1466	94	0
1467	93	0
1468	94	0
1469	94	0
1470	93	0
1471	94	0
1472	94	0
1473	94	0
1474	94	0
1475	93	0
1476	94	0
1477	94	0
1478	94	0
1479	93	0
1480	93	0
1481	93	0
1482	93	0
1483	94	0
1484	93	0
1485	93	0
1486	93	0
1487	93	0
1488	93	0
1489	94	0
1490	93	0
1491	93	0
1492	93	0
1493	93	0
1494	94	0
1495	94	0
1496	93	0
1497	93	0
1498	93	0
1499	94	0
1500	93	0
1501	93	0
1502	94	0
1503	93	0
1504	93	0
1505	93	0
1506	93	0
1507	93	0
1508	93	0
1509	93	0
1510	93	0
1511	94	0
1512	94	0
1513	93	0
1514	94	0
1515	93	0
1516	93	0
1517	93	0
1518	94	0
1519	93	0
1520	93	0
1521	93	0
1522	94	0
1523	94	0
1524	93	0
1525	93	0
1526	93	0
1527	92	0
1528	93	0
1529	93	0
1530	93	0
1531	94	0
1532	93	0
1533	93	0
1534	93	0
1535	93	0
1536	93	0
1537	93	0
1538	93	0
1539	93	0
1540	93	0
1541	94	0
1542	93	0
1543	93	0
1544	93	0
1545	93	0
1546	94	0
1547	93	0
1548	94	0
1549	93	0
1550	93	0
1551	93	0
1552	93	0
1553	93	0
1554	93	0
1555	93	0
1556	93	0
1557	93	0
1558	93	0
1559	93	0
1560	93	0
1561	93	0
1562	93	0
1563	93	0
1564	93	0
1565	93	0
1566	93	0
1567	93	0
1568	93	0
1569	93	0
1570	93	0
1571	93	0
1572	93	0
1573	93	0
1574	93	0
1575	93	0
1576	93	0
1577	94	0
1578	93	0
1579	93	0
1580	93	0
1581	93	0
1582	93	0
1583	93	0
1584	93	0
1585	93	0
1586	93	0
1587	93	0
1588	93	0
1589	93	0
1590	93	0
1591	93	0
1592	93	0
1593	93	0
1594	93	0
1595	93	0
1596	92	0
1597	93	0
1598	93	0
1599	93	0
1600	92	0
1601	93	0
1602	93	0
1603	93	0
1604	93	0
1605	93	0
1606	93	0
1607	93	0
1608	93	0
1609	92	0
1610	93	0
1611	93	0
1612	93	0
1613	93	0
1614	93	0
1615	93	0
1616	93	0
1617	93	0
1618	93	0
1619	93	0
1620	93	0
1621	93	0
1622	93	0
1623	93	0
1624	93	0
1625	92	0
1626	93	0
1627	93	0
1628	92	0
1629	93	0
1630	93	0
1631	93	0
1632	93	0
1633	93	0
1634	93	0
1635	92	0
1636	92	0
1637	93	0
1638	93	0
1639	93	0
1640	93	0
1641	93	0
1642	93	0
1643	93	0
1644	93	0
1645	93	0
1646	93	0
1647	93	0
1648	92	0
1649	93	0
1650	93	0
1651	93	0
1652	93	0
1653	93	0
1654	93	0
1655	93	0
1656	93	0
1657	92	0
1658	93	0
1659	93	0
1660	92	0
1661	92	0
1662	93	0
1663	92	0
1664	93	0
1665	93	0
1666	93	0
1667	93	0
1668	93	0
1669	93	0
1670	93	0
1671	93	0
1672	93	0
1673	92	0
1674	93	0
1675	93	0
1676	93	0
1677	93	0
1678	93	0
1679	93	0
1680	93	0
1681	93	0
1682	93	0
1683	93	0
1684	93	0
1685	93	0
1686	93	0
1687	93	0
1688	93	0
1689	93	0
1690	93	0
1691	93	0
1692	93	0
1693	93	0
1694	93	0
1695	93	0
1696	92	0
1697	93	0
1698	93	0
1699	93	0
1700	93	0
1701	93	0
1702	93	0
1703	93	0
1704	93	0
1705	93	0
1706	93	0
1707	93	0
1708	94	0
1709	93	0
1710	93	0
1711	93	0
1712	93	0
1713	93	0
1714	93	0
1715	93	0
1716	93	0
1717	93	0
1718	93	0
1719	93	0
1720	93	0
1721	93	0
1722	93	0
1723	93	0
1724	92	0
1725	93	0
1726	93	0
1727	93	0
1728	93	0
1729	93	0
1730	93	0
1731	93	0
1732	93	0
1733	93	0
1734	93	0
1735	93	0
1736	93	0
1737	93	0
1738	93	0
1739	93	0
1740	93	0
1741	93	0
1742	93	0
1743	93	0
1744	93	0
1745	93	0
1746	93	0
1747	93	0
1748	93	0
1749	93	0
1750	93	0
1751	93	0
1752	93	0
1753	93	0
1754	93	0
1755	93	0
1756	93	0
1757	93	0
1758	93	0
1759	93	0
1760	93	0
1761	93	0
1762	93	0
1763	93	0
1764	93	0
1765	94	0
1766	93	0
1767	93	0
1768	93	0
1769	93	0
1770	93	0
1771	93	0
1772	93	0
1773	93	0
1774	93	0
1775	93	0
1776	93	0
1777	93	0
1778	94	0
1779	94	0
1780	93	0
1781	93	0
1782	93	0
1783	93	0
1784	93	0
1785	93	0
1786	93	0
1787	93	0
1788	93	0
1789	93	0
1790	93	0
1791	93	0
1792	92	0
1793	93	0
1794	93	0
1795	95	0
1796	93	0
1797	93	0
1798	93	0
1799	93	0
1800	93	0
1801	93	0
1802	93	0
1803	94	0
1804	94	0
1805	93	0
1806	93	0
1807	93	0
1808	93	0
1809	94	0
1810	93	0
1811	93	0
1812	93	0
1813	93	0
1814	94	0
1815	95	0
1816	94	0
1817	93	0
1818	93	0
1819	93	0
1820	93	0
1821	93	0
1822	93	0
1823	93	0
1824	94	0
1825	94	0
1826	93	0
1827	93	0
1828	93	0
1829	93	0
1830	94	0
1831	94	0
1832	93	0
1833	93	0
1834	93	0
1835	93	0
1836	93	0
1837	93	0
1838	94	0
1839	93	0
1840	93	0
1841	94	0
1842	93	0
1843	93	0
1844	94	0
1845	95	0
1846	93	0
1847	93	0
1848	93	0
1849	94	0
1850	94	0
1851	94	0
1852	94	0
1853	94	0
1854	93	0
1855	93	0
1856	93	0
1857	94	0
1858	94	0
1859	94	0
1860	93	0
1861	94	0
1862	94	0
1863	94	0
1864	93	0
1865	93	0
1866	94	0
1867	94	0
1868	94	0
1869	94	0
1870	93	0
1871	94	0
1872	93	0
1873	93	0
1874	94	0
1875	93	0
1876	94	0
1877	95	0
1878	94	0
1879	93	0
1880	93	0
1881	94	0
1882	93	0
1883	94	0
1884	93	0
1885	94	0
1886	93	0
1887	93	0
1888	94	0
1889	94	0
1890	93	0
1891	94	0
1892	93	0
1893	93	0
1894	95	0
1895	95	0
1896	93	0
1897	94	0
1898	93	0
1899	94	0
1900	93	0
1901	94	0
1902	93	0
1903	94	0
1904	94	0
1905	94	0
1906	93	0
1907	93	0
1908	93	0
1909	93	0
1910	93	0
1911	93	0
1912	94	0
1913	94	0
1914	94	0
1915	94	0
1916	94	0
1917	94	0
1918	93	0
1919	93	0
1920	94	0
1921	94	0
1922	93	0
1923	93	0
1924	95	0
1925	94	0
1926	93	0
1927	93	0
1928	93	0
1929	93	0
1930	93	0
1931	93	0
1932	94	0
1933	94	0
1934	93	0
1935	94	0
1936	93	0
1937	93	0
1938	93	0
1939	93	0
1940	94	0
1941	94	0
1942	93	0
1943	93	0
1944	93	0
1945	94	0
1946	94	0
1947	95	0
1948	94	0
1949	94	0
1950	93	0
1951	94	0
1952	95	0
1953	93	0
1954	93	0
1955	94	0
1956	93	0
1957	93	0
1958	93	0
1959	93	0
1960	93	0
1961	94	0
1962	94	0
1963	94	0
1964	95	0
1965	93	0
1966	94	0
1967	94	0
1968	94	0
1969	93	0
1970	94	0
1971	94	0
1972	93	0
1973	93	0
1974	93	0
1975	93	0
1976	94	0
1977	94	0
1978	94	0
1979	94	0
1980	93	0
1981	95	0
1982	94	0
1983	94	0
1984	93	0
1985	93	0
1986	93	0
1987	94	0
1988	93	0
1989	93	0
1990	93	0
1991	93	0
1992	93	0
1993	94	0
1994	94	0
1995	93	0
1996	93	0
1997	94	0
1998	94	0
1999	94	0
2000	95	0
2001	93	0
2002	93	0
2003	94	0
2004	94	0
2005	95	0
2006	93	0
2007	94	0
2008	93	0
2009	93	0
2010	94	0
2011	93	0
2012	93	0
2013	94	0
2014	94	0
2015	95	0
2016	94	0
2017	94	0
2018	93	0
2019	94	0
2020	94	0
2021	94	0
2022	94	0
2023	94	0
2024	94	0
2025	94	0
2026	93	0
2027	94	0
2028	95	0
2029	94	0
2030	95	0
2031	94	0
2032	93	0
2033	94	0
2034	93	0
2035	94	0
2036	94	0
2037	95	0
2038	95	0
2039	94	0
2040	93	0
2041	93	0
2042	95	0
2043	94	0
2044	95	0
2045	93	0
2046	93	0
2047	93	0
2048	94	0
2049	95	0
2050	93	0
2051	94	0
2052	95	0
2053	94	0
2054	95	0
2055	95	0
2056	95	0
2057	94	0
2058	95	0
2059	95	0
2060	94	0
2061	94	0
2062	95	0
2063	94	0
2064	95	0
2065	94	0
2066	95	0
2067	95	0
2068	94	0
2069	95	0
2070	95	0
2071	95	0
2072	95	0
2073	94	0
2074	95	0
2075	95	0
2076	94	0
2077	95	0
2078	94	0
2079	94	0
2080	95	0
2081	95	0
2082	95	0
2083	95	0
2084	95	0
2085	94	0
2086	95	0
2087	95	0
2088	95	0
2089	94	0
2090	95	0
2091	95	0
2092	95	0
2093	95	0
2094	95	0
2095	95	0
2096	95	0
2097	95	0
2098	95	0
2099	95	0
2100	95	0
2101	95	0
2102	95	0
2103	95	0
2104	95	0
2105	95	0
2106	95	0
2107	95	0
2108	95	0
2109	95	0
2110	95	0
2111	95	0
2112	95	0
2113	95	0
2114	95	0
2115	95	0
2116	95	0
2117	95	0
2118	95	0
2119	95	0
2120	95	0
2121	95	0
2122	95	0
2123	95	0
2124	95	0
2125	95	0
2126	95	0
2127	95	0
2128	95	0
2129	95	0
2130	95	0
2131	95	0
2132	95	0
2133	95	0
2134	95	0
2135	95	0
2136	95	0
2137	95	0
2138	95	0
2139	96	0
2140	95	0
2141	95	0
2142	96	0
2143	95	0
2144	95	0
2145	96	0
2146	95	0
2147	95	0
2148	96	0
2149	96	0
2150	95	0
2151	95	0
2152	95	0
2153	95	0
2154	95	0
2155	95	0
2156	96	0
2157	96	0
2158	95	0
2159	95	0
2160	96	0
2161	96	0
2162	96	0
2163	96	0
2164	95	0
2165	96	0
2166	97	0
2167	95	0
2168	95	0
2169	95	0
2170	95	0
2171	95	0
2172	95	0
2173	95	0
2174	96	0
2175	96	0
2176	96	0
2177	95	0
2178	96	0
2179	96	0
2180	95	0
2181	96	0
2182	95	0
2183	96	0
2184	96	0
2185	96	0
2186	96	0
2187	96	0
2188	96	0
2189	96	0
2190	96	0
2191	96	0
2192	97	0
2193	96	0
2194	96	0
2195	96	0
2196	96	0
2197	96	0
2198	97	0
2199	97	0
2200	96	0
2201	96	0
2202	96	0
2203	96	0
2204	96	0
2205	97	0
2206	96	0
2207	96	0
2208	96	0
2209	96	0
2210	97	0
2211	96	0
2212	96	0
2213	97	0
2214	96	0
2215	97	0
2216	97	0
2217	97	0
2218	97	0
2219	97	0
2220	98	0
2221	96	0
2222	96	0
2223	97	0
2224	96	0
2225	97	0
2226	97	0
2227	96	0
2228	97	0
2229	96	0
2230	97	0
2231	98	0
2232	97	0
2233	97	0
2234	98	0
2235	97	0
2236	97	0
2237	97	0
2238	97	0
2239	97	0
2240	98	0
2241	97	0
2242	97	0
2243	97	0
2244	97	0
2245	98	0
2246	97	0
2247	97	0
2248	97	0
2249	97	0
2250	97	0
2251	97	0
2252	98	0
2253	97	0
2254	98	0
2255	97	0
2256	98	0
2257	99	0
2258	98	0
2259	98	0
2260	97	0
2261	98	0
2262	98	0
2263	99	0
2264	98	0
2265	99	0
2266	99	0
2267	99	0
2268	99	0
2269	98	0
2270	98	0
2271	98	0
2272	99	0
2273	99	0
2274	98	0
2275	98	0
2276	99	0
2277	99	0
2278	98	0
2279	98	0
2280	99	0
2281	99	0
2282	99	0
2283	99	0
2284	99	0
2285	99	0
2286	99	0
2287	99	0
2288	99	0
2289	99	0
2290	99	0
2291	99	0
2292	99	0
2293	99	0
2294	99	0
2295	99	0
2296	99	0
2297	99	0
2298	99	0
2299	99	0
2300	99	0
2301	99	0
2302	99	0
2303	99	0
2304	99	0
2305	99	0
2306	99	0
2307	99	0
2308	99	0
2309	99	0
2310	99	0
2311	99	0
2312	99	0
2313	99	0
2314	99	0
2315	99	0
2316	99	0
2317	99	0
2318	99	0
2319	99	0
2320	99	0
2321	99	0
2322	99	0
2323	100	0
2324	99	0
2325	99	0
2326	99	0
2327	99	0
2328	99	0
2329	99	0
2330	99	0
2331	100	0
2332	100	0
2333	99	0
2334	100	0
2335	100	0
2336	100	0
2337	99	0
2338	99	0
2339	100	0
2340	100	0
2341	100	0
2342	99	0
2343	100	0
2344	100	0
2345	100	0
2346	100	0
2347	100	0
2348	100	0
2349	100	0
2350	100	0
2351	100	0
2352	100	0
2353	100	0
2354	101	0
2355	100	0
2356	100	0
2357	101	0
2358	100	0
2359	100	0
2360	101	0
2361	100	0
2362	100	0
2363	101	0
2364	101	0
2365	101	0
2366	101	0
2367	101	0
2368	101	0
2369	101	0
2370	101	0
2371	101	0
2372	101	0
2373	101	0
2374	101	0
2375	101	0
2376	101	0
2377	101	0
2378	101	0
2379	101	0
2380	102	0
2381	101	0
2382	101	0
2383	101	0
2384	101	0
2385	102	0
2386	102	0
2387	102	0
2388	103	0
2389	101	0
2390	102	0
2391	101	0
2392	101	0
2393	101	0
2394	102	0
2395	102	0
2396	102	0
2397	102	0
2398	101	0
2399	103	0
2400	103	0
2401	103	0
2402	103	0
2403	103	0
2404	102	0
2405	103	0
2406	103	0
2407	103	0
2408	103	0
2409	103	0
2410	103	0
2411	103	0
2412	102	0
2413	102	0
2414	103	0
2415	103	0
2416	103	0
2417	103	0
2418	103	0
2419	102	0
2420	103	0
2421	103	0
2422	103	0
2423	103	0
2424	103	0
2425	103	0
2426	103	0
2427	103	0
2428	103	0
2429	102	0
2430	103	0
2431	103	0
2432	103	0
2433	103	0
2434	103	0
2435	103	0
2436	103	0
2437	103	0
2438	103	0
2439	103	0
2440	103	0
2441	103	0
2442	103	0
2443	103	0
2444	103	0
2445	103	0
2446	103	0
2447	103	0
2448	103	0
2449	103	0
2450	103	0
2451	103	0
2452	103	0
2453	103	0
2454	103	0
2455	103	0
2456	103	0
2457	103	0
2458	103	0
2459	103	0
2460	103	0
2461	103	0
2462	104	0
2463	104	0
2464	103	0
2465	103	0
2466	103	0
2467	103	0
2468	104	0
2469	103	0
2470	103	0
2471	104	0
2472	104	0
2473	104	0
2474	103	0
2475	104	0
2476	104	0
2477	104	0
2478	104	0
2479	104	0
2480	103	0
2481	104	0
2482	104	0
2483	104	0
2484	104	0
2485	104	0
2486	104	0
2487	104	0
2488	104	0
2489	104	0
2490	105	0
2491	104	0
2492	104	0
2493	104	0
2494	104	0
2495	104	0
2496	105	0
2497	105	0
2498	105	0
2499	105	0
2500	105	0
2501	105	0
2502	105	0
2503	105	0
2504	105	0
2505	105	0
2506	105	0
2507	106	0
2508	106	0
2509	106	0
2510	105	0
2511	106	0
2512	107	0
2513	105	0
2514	106	0
2515	107	0
2516	106	0
2517	107	0
2518	106	0
2519	107	0
2520	106	0
2521	107	0
2522	107	0
2523	107	0
2524	107	0
2525	107	0
2526	107	0
2527	107	0
2528	107	0
2529	107	0
2530	107	0
2531	107	0
2532	107	0
2533	107	0
2534	107	0
2535	107	0
2536	107	0
2537	107	0
2538	107	0
2539	107	0
2540	107	0
2541	107	0
2542	107	0
2543	107	0
2544	107	0
2545	107	0
2546	107	0
2547	108	0
2548	107	0
2549	107	0
2550	108	0
2551	108	0
2552	107	0
2553	108	0
2554	107	0
2555	108	0
2556	108	0
2557	108	0
2558	107	0
2559	107	0
2560	108	0
2561	108	0
2562	108	0
2563	108	0
2564	108	0
2565	108	0
2566	108	0
2567	108	0
2568	108	0
2569	108	0
2570	108	0
2571	108	0
2572	108	0
2573	108	0
2574	108	0
2575	108	0
2576	108	0
2577	108	0
2578	108	0
2579	109	0
2580	109	0
2581	109	0
2582	108	0
2583	109	0
2584	109	0
2585	109	0
2586	109	0
2587	109	0
2588	110	0
2589	109	0
2590	109	0
2591	109	0
2592	110	0
2593	110	0
2594	111	0
2595	111	0
2596	110	0
2597	110	0
2598	111	0
2599	111	0
2600	111	0
2601	111	0
2602	111	0
2603	111	0
2604	111	0
2605	111	0
2606	111	0
2607	111	0
2608	111	0
2609	111	0
2610	111	0
2611	111	0
2612	111	0
2613	111	0
2614	111	0
2615	111	0
2616	111	0
2617	111	0
2618	111	0
2619	111	0
2620	111	0
2621	111	0
2622	111	0
2623	112	0
2624	112	0
2625	111	0
2626	112	0
2627	111	0
2628	111	0
2629	112	0
2630	111	0
2631	112	0
2632	112	0
2633	111	0
2634	112	0
2635	111	0
2636	112	0
2637	111	0
2638	112	0
2639	112	0
2640	111	0
2641	111	0
2642	111	0
2643	111	0
2644	111	0
2645	111	0
2646	112	0
2647	111	0
2648	112	0
2649	112	0
2650	112	0
2651	111	0
2652	112	0
2653	112	0
2654	112	0
2655	112	0
2656	112	0
2657	112	0
2658	112	0
2659	112	0
2660	112	0
2661	112	0
2662	112	0
2663	112	0
2664	112	0
2665	112	0
2666	112	0
2667	112	0
2668	112	0
2669	112	0
2670	111	0
2671	112	0
2672	111	0
2673	112	0
2674	111	0
2675	111	0
2676	112	0
2677	112	0
2678	112	0
2679	112	0
2680	112	0
2681	111	0
2682	113	0
2683	112	0
2684	112	0
2685	111	0
2686	112	0
2687	112	0
2688	111	0
2689	111	0
2690	112	0
2691	112	0
2692	112	0
2693	112	0
2694	112	0
2695	111	0
2696	112	0
2697	112	0
2698	112	0
2699	112	0
2700	112	0
2701	112	0
2702	112	0
2703	112	0
2704	112	0
2705	112	0
2706	111	0
2707	112	0
2708	112	0
2709	112	0
2710	112	0
2711	111	0
2712	111	0
2713	112	0
2714	111	0
2715	112	0
2716	111	0
2717	112	0
2718	112	0
2719	112	0
2720	112	0
2721	111	0
2722	112	0
2723	112	0
2724	112	0
2725	112	0
2726	111	0
2727	112	0
2728	112	0
2729	112	0
2730	112	0
2731	112	0
2732	111	0
2733	112	0
2734	112	0
2735	112	0
2736	112	0
2737	112	0
2738	112	0
2739	112	0
2740	112	0
2741	112	0
2742	112	0
2743	112	0
2744	112	0
2745	112	0
2746	112	0
2747	112	0
2748	112	0
2749	112	0
2750	112	0
2751	112	0
2752	112	0
2753	112	0
2754	112	0
2755	112	0
2756	113	0
2757	112	0
2758	112	0
2759	113	0
2760	113	0
2761	113	0
2762	113	0
2763	113	0
2764	113	0
2765	113	0
2766	113	0
2767	113	0
2768	113	0
2769	113	0
2770	114	0
2771	113	0
2772	113	0
2773	113	0
2774	113	0
2775	113	0
2776	114	0
2777	115	0
2778	113	0
2779	115	0
2780	114	0
2781	113	0
2782	115	0
2783	115	0
2784	115	0
2785	114	0
2786	115	0
2787	115	0
2788	114	0
2789	114	0
2790	114	0
2791	115	0
2792	115	0
2793	115	0
2794	115	0
2795	115	0
2796	115	0
2797	115	0
2798	115	0
2799	115	0
2800	115	0
2801	115	0
2802	115	0
2803	115	0
2804	115	0
2805	115	0
2806	115	0
2807	115	0
2808	115	0
2809	115	0
2810	115	0
2811	115	0
2812	115	0
2813	115	0
2814	115	0
2815	115	0
2816	115	0
2817	115	0
2818	115	0
2819	115	0
2820	115	0
2821	115	0
2822	115	0
2823	115	0
2824	115	0
2825	115	0
2826	115	0
2827	115	0
2828	116	0
2829	115	0
2830	115	0
2831	115	0
2832	115	0
2833	115	0
2834	115	0
2835	115	0
2836	116	0
2837	115	0
2838	115	0
2839	115	0
2840	115	0
2841	115	0
2842	115	0
2843	115	0
2844	115	0
2845	115	0
2846	115	0
2847	115	0
2848	115	0
2849	115	0
2850	115	0
2851	115	0
2852	115	0
2853	115	0
2854	115	0
2855	115	0
2856	115	0
2857	115	0
2858	115	0
2859	115	0
2860	115	0
2861	115	0
2862	115	0
2863	115	0
2864	115	0
2865	115	0
2866	115	0
2867	115	0
2868	115	0
2869	115	0
2870	115	0
2871	115	0
2872	115	0
2873	115	0
2874	115	0
2875	115	0
2876	115	0
2877	115	0
2878	115	0
2879	115	0
2880	115	0
2881	115	0
2882	115	0
2883	115	0
2884	115	0
2885	115	0
2886	115	0
2887	115	0
2888	115	0
2889	115	0
2890	115	0
2891	115	0
2892	115	0
2893	115	0
2894	115	0
2895	115	0
2896	115	0
2897	115	0
2898	115	0
2899	115	0
2900	115	0
2901	115	0
2902	115	0
2903	115	0
2904	115	0
2905	115	0
2906	115	0
2907	115	0
2908	115	0
2909	115	0
2910	115	0
2911	115	0
2912	115	0
2913	115	0
2914	115	0
2915	115	0
2916	115	0
2917	115	0
2918	116	0
2919	115	0
2920	115	0
2921	115	0
2922	116	0
2923	115	0
2924	116	0
2925	115	0
2926	115	0
2927	115	0
2928	116	0
2929	115	0
2930	115	0
2931	115	0
2932	115	0
2933	115	0
2934	115	0
2935	115	0
2936	115	0
2937	115	0
2938	115	0
2939	115	0
2940	115	0
2941	115	0
2942	116	0
2943	115	0
2944	115	0
2945	116	0
2946	115	0
2947	115	0
2948	115	0
2949	115	0
2950	116	0
2951	115	0
2952	116	0
2953	115	0
2954	115	0
2955	116	0
2956	115	0
2957	115	0
2958	115	0
2959	115	0
2960	115	0
2961	115	0
2962	116	0
2963	115	0
2964	115	0
2965	115	0
2966	115	0
2967	115	0
2968	115	0
2969	115	0
2970	115	0
2971	115	0
2972	115	0
2973	115	0
2974	115	0
2975	115	0
2976	115	0
2977	115	0
2978	115	0
2979	115	0
2980	115	0
2981	115	0
2982	115	0
2983	115	0
2984	115	0
2985	115	0
2986	115	0
2987	115	0
2988	115	0
2989	115	0
2990	115	0
2991	115	0
2992	115	0
2993	115	0
2994	115	0
2995	115	0
2996	115	0
2997	115	0
2998	115	0
2999	115	0
3000	115	0
3001	115	0
3002	115	0
3003	115	0
3004	114	0
3005	115	0
3006	115	0
3007	115	0
3008	115	0
3009	115	0
3010	114	0
3011	115	0
3012	114	0
3013	114	0
3014	115	0
3015	114	0
3016	115	0
3017	115	0
3018	113	0
3019	113	0
3020	113	0
3021	114	0
3022	113	0
3023	113	0
3024	113	0
3025	112	0
3026	113	0
3027	113	0
3028	113	0
3029	112	0
3030	112	0
3031	112	0
3032	112	0
3033	112	0
3034	112	0
3035	113	0
3036	112	0
3037	112	0
3038	112	0
3039	112	0
3040	112	0
3041	112	0
3042	111	0
3043	112	0
3044	112	0
3045	112	0
3046	111	0
3047	111	0
3048	111	0
3049	111	0
3050	111	0
3051	111	0
3052	111	0
3053	111	0
3054	111	0
3055	111	0
3056	111	0
3057	111	0
3058	111	0
3059	111	0
3060	111	0
3061	111	0
3062	111	0
3063	111	0
3064	111	0
3065	111	0
3066	111	0
3067	110	0
3068	111	0
3069	110	0
3070	110	0
3071	110	0
3072	109	0
3073	110	0
3074	109	0
3075	110	0
3076	109	0
3077	109	0
3078	109	0
3079	108	0
3080	109	0
3081	109	0
3082	109	0
3083	109	0
3084	109	0
3085	109	0
3086	109	0
3087	108	0
3088	109	0
3089	109	0
3090	108	0
3091	108	0
3092	109	0
3093	108	0
3094	108	0
3095	109	0
3096	108	0
3097	108	0
3098	108	0
3099	108	0
3100	108	0
3101	108	0
3102	108	0
3103	108	0
3104	108	0
3105	108	0
3106	108	0
3107	108	0
3108	108	0
3109	107	0
3110	108	0
3111	108	0
3112	108	0
3113	108	0
3114	108	0
3115	108	0
3116	108	0
3117	107	0
3118	108	0
3119	108	0
3120	107	0
3121	107	0
3122	107	0
3123	108	0
3124	107	0
3125	107	0
3126	107	0
3127	107	0
3128	107	0
3129	107	0
3130	107	0
3131	107	0
3132	107	0
3133	107	0
3134	107	0
3135	107	0
3136	107	0
3137	107	0
3138	107	0
3139	107	0
3140	107	0
3141	107	0
3142	107	0
3143	107	0
3144	107	0
3145	107	0
3146	106	0
3147	107	0
3148	107	0
3149	107	0
3150	107	0
3151	105	0
3152	106	0
3153	107	0
3154	106	0
3155	107	0
3156	106	0
3157	107	0
3158	107	0
3159	105	0
3160	106	0
3161	106	0
3162	106	0
3163	106	0
3164	105	0
3165	105	0
3166	105	0
3167	106	0
3168	105	0
3169	105	0
3170	105	0
3171	105	0
3172	105	0
3173	105	0
3174	104	0
3175	104	0
3176	104	0
3177	104	0
3178	104	0
3179	104	0
3180	104	0
3181	104	0
3182	104	0
3183	104	0
3184	104	0
3185	104	0
3186	103	0
3187	104	0
3188	104	0
3189	103	0
3190	104	0
3191	104	0
3192	104	0
3193	104	0
3194	104	0
3195	104	0
3196	103	0
3197	104	0
3198	104	0
3199	104	0
3200	103	0
3201	103	0
3202	103	0
3203	103	0
3204	103	0
3205	103	0
3206	103	0
3207	103	0
3208	103	0
3209	103	0
3210	103	0
3211	103	0
3212	103	0
3213	103	0
3214	103	0
3215	103	0
3216	103	0
3217	103	0
3218	103	0
3219	103	0
3220	103	0
3221	103	0
3222	103	0
3223	103	0
3224	103	0
3225	103	0
3226	103	0
3227	103	0
3228	103	0
3229	103	0
3230	103	0
3231	103	0
3232	103	0
3233	103	0
3234	103	0
3235	103	0
3236	103	0
3237	103	0
3238	103	0
3239	103	0
3240	103	0
3241	103	0
3242	103	0
3243	103	0
3244	103	0
3245	103	0
3246	103	0
3247	103	0
3248	103	0
3249	103	0
3250	103	0
3251	103	0
3252	103	0
3253	103	0
3254	103	0
3255	103	0
3256	103	0
3257	102	0
3258	102	0
3259	103	0
3260	102	0
3261	103	0
3262	103	0
3263	103	0
3264	102	0
3265	102	0
3266	102	0
3267	102	0
3268	101	0
3269	101	0
3270	101	0
3271	101	0
3272	101	0
3273	101	0
3274	101	0
3275	101	0
3276	101	0
3277	101	0
3278	101	0
3279	101	0
3280	101	0
3281	101	0
3282	101	0
3283	101	0
3284	101	0
3285	100	0
3286	100	0
3287	101	0
3288	100	0
3289	100	0
3290	101	0
3291	100	0
3292	101	0
3293	100	0
3294	100	0
3295	100	0
3296	100	0
3297	101	0
3298	100	0
3299	100	0
3300	100	0
3301	100	0
3302	100	0
3303	100	0
3304	100	0
3305	100	0
3306	100	0
3307	100	0
3308	100	0
3309	100	0
3310	100	0
3311	100	0
3312	100	0
3313	100	0
3314	100	0
3315	100	0
3316	100	0
3317	100	0
3318	100	0
3319	100	0
3320	100	0
3321	100	0
3322	100	0
3323	100	0
3324	100	0
3325	100	0
3326	100	0
3327	100	0
3328	100	0
3329	100	0
3330	99	0
3331	100	0
3332	100	0
3333	100	0
3334	100	0
3335	100	0
3336	100	0
3337	100	0
3338	100	0
3339	99	0
3340	100	0
3341	100	0
3342	100	0
3343	100	0
3344	99	0
3345	100	0
3346	100	0
3347	100	0
3348	100	0
3349	99	0
3350	100	0
3351	100	0
3352	99	0
3353	100	0
3354	100	0
3355	100	0
3356	100	0
3357	100	0
3358	99	0
3359	100	0
3360	100	0
3361	100	0
3362	100	0
3363	100	0
3364	100	0
3365	100	0
3366	100	0
3367	99	0
3368	99	0
3369	100	0
3370	100	0
3371	100	0
3372	100	0
3373	100	0
3374	100	0
3375	100	0
3376	100	0
3377	100	0
3378	100	0
3379	100	0
3380	100	0
3381	100	0
3382	100	0
3383	100	0
3384	100	0
3385	99	0
3386	99	0
3387	100	0
3388	101	0
3389	100	0
3390	100	0
3391	100	0
3392	100	0
3393	100	0
3394	100	0
3395	100	0
3396	100	0
3397	100	0
3398	100	0
3399	100	0
3400	100	0
3401	100	0
3402	100	0
3403	100	0
3404	100	0
3405	100	0
3406	100	0
3407	100	0
3408	100	0
3409	100	0
3410	100	0
3411	99	0
3412	100	0
3413	100	0
3414	99	0
3415	100	0
3416	100	0
3417	100	0
3418	100	0
3419	100	0
3420	100	0
3421	100	0
3422	100	0
3423	100	0
3424	100	0
3425	100	0
3426	100	0
3427	99	0
3428	100	0
3429	100	0
3430	100	0
3431	100	0
3432	100	0
3433	100	0
3434	100	0
3435	100	0
3436	100	0
3437	100	0
3438	100	0
3439	100	0
3440	100	0
3441	100	0
3442	101	0
3443	100	0
3444	100	0
3445	100	0
3446	100	0
3447	100	0
3448	100	0
3449	100	0
3450	100	0
3451	100	0
3452	100	0
3453	100	0
3454	101	0
3455	100	0
3456	100	0
3457	100	0
3458	100	0
3459	100	0
3460	100	0
3461	100	0
3462	100	0
3463	100	0
3464	100	0
3465	100	0
3466	100	0
3467	100	0
3468	100	0
3469	100	0
3470	100	0
3471	100	0
3472	100	0
3473	100	0
3474	100	0
3475	100	0
3476	101	0
3477	100	0
3478	100	0
3479	100	0
3480	100	0
3481	100	0
3482	100	0
3483	100	0
3484	100	0
3485	100	0
3486	100	0
3487	100	0
3488	100	0
3489	100	0
3490	100	0
3491	100	0
3492	100	0
3493	100	0
3494	100	0
3495	100	0
3496	100	0
3497	100	0
3498	100	0
3499	100	0
3500	100	0
3501	100	0
3502	100	0
3503	100	0
3504	100	0
3505	100	0
3506	100	0
3507	100	0
3508	99	0
3509	100	0
3510	100	0
3511	100	0
3512	100	0
3513	99	0
3514	100	0
3515	100	0
3516	99	0
3517	99	0
3518	100	0
3519	100	0
3520	99	0
3521	99	0
3522	99	0
3523	99	0
3524	99	0
3525	99	0
3526	100	0
3527	100	0
3528	99	0
3529	99	0
3530	99	0
3531	99	0
3532	100	0
3533	99	0
3534	99	0
3535	99	0
3536	100	0
3537	99	0
3538	99	0
3539	99	0
3540	100	0
3541	99	0
3542	99	0
3543	99	0
3544	99	0
3545	99	0
3546	99	0
3547	99	0
3548	99	0
3549	99	0
3550	99	0
3551	99	0
3552	99	0
3553	99	0
3554	99	0
3555	99	0
3556	99	0
3557	99	0
3558	99	0
3559	99	0
3560	99	0
3561	99	0
3562	99	0
3563	98	0
3564	99	0
3565	99	0
3566	99	0
3567	99	0
3568	99	0
3569	99	0
3570	99	0
3571	99	0
3572	99	0
3573	99	0
3574	99	0
3575	99	0
3576	98	0
3577	99	0
3578	99	0
3579	99	0
3580	99	0
3581	98	0
3582	98	0
3583	97	0
3584	97	0
3585	97	0
3586	98	0
3587	98	0
3588	99	0
3589	97	0
3590	98	0
3591	97	0
3592	97	0
3593	97	0
3594	97	0
3595	97	0
3596	97	0
3597	98	0
3598	97	0
3599	98	0
3600	97	0
3601	97	0
3602	97	0
3603	97	0
3604	97	0
3605	97	0
3606	97	0
3607	97	0
3608	97	0
3609	97	0
3610	97	0
3611	98	0
3612	98	0
3613	97	0
3614	98	0
3615	97	0
3616	97	0
3617	97	0
3618	97	0
3619	97	0
3620	97	0
3621	96	0
3622	97	0
3623	97	0
3624	97	0
3625	97	0
3626	97	0
3627	97	0
3628	97	0
3629	97	0
3630	97	0
3631	98	0
3632	97	0
3633	97	0
3634	97	0
3635	97	0
3636	97	0
3637	97	0
3638	97	0
3639	96	0
3640	97	0
3641	97	0
3642	97	0
3643	97	0
3644	97	0
3645	97	0
3646	97	0
3647	97	0
3648	97	0
3649	96	0
3650	97	0
3651	97	0
3652	97	0
3653	97	0
3654	97	0
3655	97	0
3656	97	0
3657	97	0
3658	97	0
3659	97	0
3660	97	0
3661	97	0
3662	97	0
3663	97	0
3664	96	0
3665	97	0
3666	97	0
3667	96	0
3668	97	0
3669	97	0
3670	96	0
3671	97	0
3672	97	0
3673	96	0
3674	97	0
3675	97	0
3676	97	0
3677	97	0
3678	97	0
3679	96	0
3680	97	0
3681	97	0
3682	97	0
3683	96	0
3684	96	0
3685	96	0
3686	97	0
3687	96	0
3688	96	0
3689	97	0
3690	97	0
3691	96	0
3692	97	0
3693	96	0
3694	97	0
3695	96	0
3696	97	0
3697	97	0
3698	96	0
3699	96	0
3700	96	0
3701	97	0
3702	96	0
3703	97	0
3704	96	0
3705	97	0
3706	97	0
3707	97	0
3708	96	0
3709	97	0
3710	96	0
3711	96	0
3712	97	0
3713	96	0
3714	96	0
3715	97	0
3716	97	0
3717	96	0
3718	97	0
3719	96	0
3720	96	0
3721	96	0
3722	97	0
3723	96	0
3724	97	0
3725	96	0
3726	97	0
3727	96	0
3728	97	0
3729	97	0
3730	97	0
3731	96	0
3732	96	0
3733	97	0
3734	97	0
3735	96	0
3736	96	0
3737	96	0
3738	96	0
3739	96	0
3740	96	0
3741	97	0
3742	96	0
3743	96	0
3744	96	0
3745	97	0
3746	96	0
3747	96	0
3748	96	0
3749	96	0
3750	96	0
3751	96	0
3752	96	0
3753	96	0
3754	96	0
3755	96	0
3756	96	0
3757	97	0
3758	96	0
3759	96	0
3760	96	0
3761	96	0
3762	96	0
3763	96	0
3764	96	0
3765	96	0
3766	96	0
3767	96	0
3768	96	0
3769	97	0
3770	96	0
3771	96	0
3772	96	0
3773	97	0
3774	96	0
3775	96	0
3776	96	0
3777	96	0
3778	96	0
3779	96	0
3780	96	0
3781	96	0
3782	96	0
3783	96	0
3784	95	0
3785	96	0
3786	96	0
3787	96	0
3788	96	0
3789	96	0
3790	96	0
3791	95	0
3792	96	0
3793	96	0
3794	96	0
3795	96	0
3796	96	0
3797	95	0
3798	96	0
3799	97	0
3800	95	0
3801	96	0
3802	96	0
3803	96	0
3804	96	0
3805	96	0
3806	96	0
3807	96	0
3808	95	0
3809	95	0
3810	95	0
3811	95	0
3812	95	0
3813	97	0
3814	95	0
3815	96	0
3816	95	0
3817	95	0
3818	95	0
3819	96	0
3820	96	0
3821	96	0
3822	95	0
3823	96	0
3824	96	0
3825	95	0
3826	96	0
3827	95	0
3828	95	0
3829	95	0
3830	95	0
3831	95	0
3832	95	0
3833	95	0
3834	96	0
3835	96	0
3836	96	0
3837	96	0
3838	95	0
3839	95	0
3840	95	0
3841	96	0
3842	96	0
3843	96	0
3844	96	0
3845	96	0
3846	96	0
3847	96	0
3848	96	0
3849	96	0
3850	95	0
3851	96	0
3852	96	0
3853	96	0
3854	95	0
3855	95	0
3856	96	0
3857	96	0
3858	95	0
3859	95	0
3860	95	0
3861	96	0
3862	95	0
3863	96	0
3864	95	0
3865	95	0
3866	95	0
3867	95	0
3868	95	0
3869	96	0
3870	96	0
3871	95	0
3872	95	0
3873	96	0
3874	95	0
3875	96	0
3876	95	0
3877	95	0
3878	96	0
3879	95	0
3880	95	0
3881	95	0
3882	95	0
3883	95	0
3884	96	0
3885	95	0
3886	96	0
3887	95	0
3888	96	0
3889	95	0
3890	95	0
3891	95	0
3892	96	0
3893	95	0
3894	96	0
3895	95	0
3896	95	0
3897	95	0
3898	96	0
3899	95	0
3900	95	0
3901	95	0
3902	96	0
3903	96	0
3904	96	0
3905	95	0
3906	96	0
3907	95	0
3908	95	0
3909	96	0
3910	95	0
3911	96	0
3912	95	0
3913	95	0
3914	95	0
3915	96	0
3916	95	0
3917	95	0
3918	96	0
3919	96	0
3920	95	0
3921	95	0
3922	95	0
3923	95	0
3924	95	0
3925	96	0
3926	95	0
3927	95	0
3928	96	0
3929	95	0
3930	96	0
3931	95	0
3932	96	0
3933	95	0
3934	95	0
3935	95	0
3936	95	0
3937	95	0
3938	95	0
3939	95	0
3940	96	0
3941	95	0
3942	96	0
3943	96	0
3944	95	0
3945	95	0
3946	95	0
3947	96	0
3948	95	0
3949	96	0
3950	96	0
3951	95	0
3952	96	0
3953	95	0
3954	95	0
3955	96	0
3956	95	0
3957	96	0
3958	97	0
3959	95	0
3960	96	0
3961	96	0
3962	95	0
3963	95	0
3964	95	0
3965	95	0
3966	96	0
3967	95	0
3968	95	0
3969	96	0
3970	96	0
3971	96	0
3972	96	0
3973	96	0
3974	95	0
3975	96	0
3976	95	0
3977	95	0
3978	95	0
3979	96	0
3980	96	0
3981	95	0
3982	96	0
3983	96	0
3984	95	0
3985	96	0
3986	95	0
3987	95	0
3988	95	0
3989	96	0
3990	95	0
3991	95	0
3992	95	0
3993	95	0
3994	95	0
3995	95	0
3996	96	0
3997	95	0
3998	95	0
3999	95	0
4000	95	0
4001	95	0
4002	95	0
4003	95	0
4004	95	0
4005	95	0
4006	95	0
4007	96	0
4008	95	0
4009	95	0
4010	95	0
4011	95	0
4012	95	0
4013	95	0
4014	95	0
4015	96	0
4016	95	0
4017	95	0
4018	96	0
4019	95	0
4020	95	0
4021	95	0
4022	95	0
4023	95	0
4024	95	0
4025	95	0
4026	95	0
4027	95	0
4028	95	0
4029	95	0
4030	96	0
4031	96	0
4032	95	0
4033	95	0
4034	95	0
4035	95	0
4036	95	0
4037	95	0
4038	95	0
4039	96	0
4040	96	0
4041	95	0
4042	95	0
4043	95	0
4044	95	0
4045	95	0
4046	95	0
4047	95	0
4048	95	0
4049	95	0
4050	95	0
4051	95	0
4052	95	0
4053	95	0
4054	95	0
4055	95	0
4056	95	0
4057	95	0
4058	95	0
4059	95	0
4060	95	0
4061	95	0
4062	95	0
4063	95	0
4064	95	0
4065	95	0
4066	95	0
4067	95	0
4068	95	0
4069	95	0
4070	95	0
4071	95	0
4072	95	0
4073	95	0
4074	95	0
4075	95	0
4076	95	0
4077	95	0
4078	95	0
4079	95	0
4080	95	0
4081	95	0
4082	95	0
4083	95	0
4084	95	0
4085	95	0
4086	95	0
4087	95	0
4088	95	0
4089	95	0
4090	95	0
4091	95	0
4092	95	0
4093	95	0
4094	95	0
4095	95	0
4096	95	0
4097	95	0
4098	95	0
4099	95	0
4100	95	0
4101	95	0
4102	95	0
4103	95	0
4104	95	0
4105	95	0
4106	95	0
4107	95	0
4108	95	0
4109	95	0
4110	95	0
4111	95	0
4112	95	0
4113	95	0
4114	95	0
4115	95	0
4116	95	0
4117	95	0
4118	95	0
4119	95	0
4120	95	0
4121	95	0
4122	95	0
4123	95	0
4124	95	0
4125	95	0
4126	95	0
4127	95	0
4128	95	0
4129	95	0
4130	95	0
4131	95	0
4132	95	0
4133	95	0
4134	95	0
4135	95	0
4136	95	0
4137	95	0
4138	95	0
4139	95	0
4140	95	0
4141	95	0
4142	95	0
4143	95	0
4144	95	0
4145	95	0
4146	95	0
4147	95	0
4148	95	0
4149	95	0
4150	94	0
4151	95	0
4152	95	0
4153	95	0
4154	95	0
4155	95	0
4156	94	0
4157	95	0
4158	95	0
4159	95	0
4160	95	0
4161	95	0
4162	95	0
4163	95	0
4164	95	0
4165	95	0
4166	95	0
4167	95	0
4168	95	0
4169	95	0
4170	95	0
4171	95	0
4172	95	0
4173	95	0
4174	95	0
4175	95	0
4176	95	0
4177	95	0
4178	95	0
4179	95	0
4180	95	0
4181	95	0
4182	95	0
4183	95	0
4184	95	0
4185	95	0
4186	95	0
4187	95	0
4188	95	0
4189	95	0
4190	95	0
4191	95	0
4192	95	0
4193	94	0
4194	95	0
4195	95	0
4196	95	0
4197	95	0
4198	95	0
4199	95	0
4200	95	0
4201	95	0
4202	95	0
4203	95	0
4204	94	0
4205	95	0
4206	95	0
4207	95	0
4208	95	0
4209	95	0
4210	95	0
4211	95	0
4212	94	0
4213	95	0
4214	95	0
4215	95	0
4216	95	0
4217	95	0
4218	94	0
4219	95	0
4220	95	0
4221	95	0
4222	95	0
4223	95	0
4224	95	0
4225	95	0
4226	95	0
4227	95	0
4228	94	0
4229	95	0
4230	95	0
4231	95	0
4232	95	0
4233	95	0
4234	95	0
4235	95	0
4236	95	0
4237	95	0
4238	95	0
4239	95	0
4240	95	0
4241	94	0
4242	95	0
4243	95	0
4244	95	0
4245	95	0
4246	95	0
4247	95	0
4248	94	0
4249	95	0
4250	95	0
4251	95	0
4252	94	0
4253	95	0
4254	94	0
4255	95	0
4256	95	0
4257	95	0
4258	95	0
4259	95	0
4260	95	0
4261	95	0
4262	95	0
4263	95	0
4264	94	0
4265	95	0
4266	95	0
4267	94	0
4268	94	0
4269	95	0
4270	95	0
4271	95	0
4272	95	0
4273	95	0
4274	95	0
4275	94	0
4276	95	0
4277	95	0
4278	95	0
4279	95	0
4280	95	0
4281	95	0
4282	95	0
4283	95	0
4284	95	0
4285	95	0
4286	95	0
4287	94	0
4288	95	0
4289	94	0
4290	95	0
4291	95	0
4292	95	0
4293	94	0
4294	95	0
4295	95	0
4296	95	0
4297	95	0
4298	95	0
4299	95	0
4300	95	0
4301	95	0
4302	95	0
4303	95	0
4304	94	0
4305	95	0
4306	95	0
4307	95	0
4308	95	0
4309	95	0
4310	95	0
4311	95	0
4312	95	0
4313	94	0
4314	95	0
4315	95	0
4316	94	0
4317	95	0
4318	95	0
4319	95	0
4320	95	0
4321	95	0
4322	95	0
4323	95	0
4324	95	0
4325	95	0
4326	95	0
4327	95	0
4328	95	0
4329	95	0
4330	95	0
4331	95	0
4332	95	0
4333	95	0
4334	95	0
4335	95	0
4336	95	0
4337	95	0
4338	95	0
4339	95	0
4340	95	0
4341	95	0
4342	95	0
4343	95	0
4344	95	0
4345	95	0
4346	95	0
4347	95	0
4348	95	0
4349	95	0
4350	95	0
4351	95	0
4352	95	0
4353	95	0
4354	95	0
4355	95	0
4356	95	0
4357	94	0
4358	95	0
4359	95	0
4360	95	0
4361	95	0
4362	95	0
4363	95	0
4364	95	0
4365	95	0
4366	95	0
4367	95	0
4368	95	0
4369	95	0
4370	95	0
4371	95	0
4372	95	0
4373	95	0
4374	95	0
4375	95	0
4376	95	0
4377	95	0
4378	95	0
4379	95	0
4380	95	0
4381	95	0
4382	95	0
4383	95	0
4384	95	0
4385	95	0
4386	95	0
4387	95	0
4388	95	0
4389	95	0
4390	95	0
4391	95	0
4392	95	0
4393	95	0
4394	95	0
4395	95	0
4396	95	0
4397	95	0
4398	95	0
4399	95	0
4400	95	0
4401	95	0
4402	95	0
4403	95	0
4404	95	0
4405	95	0
4406	95	0
4407	95	0
4408	95	0
4409	95	0
4410	95	0
4411	95	0
4412	95	0
4413	95	0
4414	95	0
4415	95	0
4416	95	0
4417	95	0
4418	95	0
4419	95	0
4420	95	0
4421	95	0
4422	95	0
4423	95	0
4424	95	0
4425	95	0
4426	95	0
4427	95	0
4428	95	0
4429	95	0
4430	95	0
4431	95	0
4432	95	0
4433	95	0
4434	95	0
4435	95	0
4436	95	0
4437	95	0
4438	95	0
4439	95	0
4440	95	0
4441	95	0
4442	95	0
4443	95	0
4444	95	0
4445	95	0
4446	95	0
4447	95	0
4448	95	0
4449	95	0
4450	95	0
4451	95	0
4452	95	0
4453	95	0
4454	95	0
4455	95	0
4456	95	0
4457	95	0
4458	95	0
4459	95	0
4460	95	0
4461	95	0
4462	95	0
4463	95	0
4464	95	0
4465	95	0
4466	95	0
4467	95	0
4468	95	0
4469	95	0
4470	95	0
4471	95	0
4472	95	0
4473	95	0
4474	95	0
4475	95	0
4476	95	0
4477	95	0
4478	95	0
4479	95	0
4480	95	0
4481	95	0
4482	95	0
4483	95	0
4484	95	0
4485	95	0
4486	95	0
4487	95	0
4488	95	0
4489	95	0
4490	95	0
4491	95	0
4492	95	0
4493	95	0
4494	95	0
4495	95	0
4496	95	0
4497	95	0
4498	95	0
4499	95	0
4500	95	0
4501	95	0
4502	95	0
4503	95	0
4504	96	0
4505	95	0
4506	95	0
4507	95	0
4508	95	0
4509	95	0
4510	95	0
4511	95	0
4512	95	0
4513	95	0
4514	95	0
4515	95	0
4516	95	0
4517	95	0
4518	95	0
4519	95	0
4520	95	0
4521	95	0
4522	95	0
4523	95	0
4524	95	0
4525	95	0
4526	96	0
4527	95	0
4528	95	0
4529	96	0
4530	95	0
4531	95	0
4532	95	0
4533	95	0
4534	95	0
4535	96	0
4536	95	0
4537	95	0
4538	95	0
4539	95	0
4540	95	0
4541	95	0
4542	96	0
4543	95	0
4544	95	0
4545	96	0
4546	96	0
4547	95	0
4548	95	0
4549	95	0
4550	95	0
4551	96	0
4552	95	0
4553	95	0
4554	95	0
4555	95	0
4556	95	0
4557	96	0
4558	95	0
4559	95	0
4560	97	0
4561	95	0
4562	96	0
4563	96	0
4564	96	0
4565	96	0
4566	96	0
4567	96	0
4568	95	0
4569	96	0
4570	96	0
4571	96	0
4572	95	0
4573	95	0
4574	95	0
4575	97	0
4576	95	0
4577	96	0
4578	96	0
4579	96	0
4580	96	0
4581	95	0
4582	96	0
4583	96	0
4584	96	0
4585	96	0
4586	96	0
4587	96	0
4588	96	0
4589	96	0
4590	96	0
4591	96	0
4592	96	0
4593	96	0
4594	96	0
4595	97	0
4596	97	0
4597	97	0
4598	96	0
4599	96	0
4600	96	0
4601	96	0
4602	96	0
4603	97	0
4604	97	0
4605	96	0
4606	97	0
4607	97	0
4608	96	0
4609	97	0
4610	97	0
4611	97	0
4612	96	0
4613	97	0
4614	97	0
4615	97	0
4616	97	0
4617	96	0
4618	97	0
4619	97	0
4620	97	0
4621	97	0
4622	97	0
4623	97	0
4624	97	0
4625	97	0
4626	97	0
4627	97	0
4628	97	0
4629	97	0
4630	97	0
4631	97	0
4632	98	0
4633	98	0
4634	98	0
4635	97	0
4636	98	0
4637	97	0
4638	98	0
4639	98	0
4640	97	0
4641	97	0
4642	97	0
4643	97	0
4644	97	0
4645	97	0
4646	98	0
4647	97	0
4648	97	0
4649	97	0
4650	98	0
4651	98	0
4652	99	0
4653	98	0
4654	97	0
4655	97	0
4656	99	0
4657	98	0
4658	99	0
4659	98	0
4660	97	0
4661	98	0
4662	99	0
4663	98	0
4664	98	0
4665	98	0
4666	99	0
4667	98	0
4668	98	0
4669	98	0
4670	99	0
4671	98	0
4672	99	0
4673	99	0
4674	99	0
4675	98	0
4676	98	0
4677	99	0
4678	99	0
4679	99	0
4680	99	0
4681	99	0
4682	98	0
4683	99	0
4684	99	0
4685	99	0
4686	99	0
4687	99	0
4688	99	0
4689	99	0
4690	99	0
4691	99	0
4692	99	0
4693	99	0
4694	99	0
4695	99	0
4696	99	0
4697	99	0
4698	99	0
4699	99	0
4700	99	0
4701	99	0
4702	99	0
4703	99	0
4704	99	0
4705	99	0
4706	99	0
4707	99	0
4708	99	0
4709	99	0
4710	99	0
4711	99	0
4712	99	0
4713	99	0
4714	99	0
4715	99	0
4716	99	0
4717	99	0
4718	99	0
4719	99	0
4720	99	0
4721	99	0
4722	99	0
4723	100	0
4724	99	0
4725	99	0
4726	99	0
4727	99	0
4728	99	0
4729	99	0
4730	99	0
4731	99	0
4732	99	0
4733	99	0
4734	99	0
4735	99	0
4736	99	0
4737	99	0
4738	100	0
4739	99	0
4740	99	0
4741	100	0
4742	99	0
4743	100	0
4744	99	0
4745	100	0
4746	100	0
4747	99	0
4748	99	0
4749	100	0
4750	99	0
4751	100	0
4752	99	0
4753	99	0
4754	100	0
4755	100	0
4756	100	0
4757	100	0
4758	99	0
4759	99	0
4760	100	0
4761	100	0
4762	100	0
4763	100	0
4764	100	0
4765	100	0
4766	100	0
4767	100	0
4768	100	0
4769	100	0
4770	100	0
4771	100	0
4772	100	0
4773	100	0
4774	100	0
4775	100	0
4776	100	0
4777	100	0
4778	100	0
4779	100	0
4780	100	0
4781	100	0
4782	100	0
4783	100	0
4784	100	0
4785	100	0
4786	100	0
4787	100	0
4788	101	0
4789	100	0
4790	100	0
4791	100	0
4792	100	0
4793	100	0
4794	100	0
4795	100	0
4796	100	0
4797	101	0
4798	101	0
4799	100	0
4800	101	0
4801	100	0
4802	100	0
4803	101	0
4804	101	0
4805	101	0
4806	101	0
4807	101	0
4808	101	0
4809	100	0
4810	101	0
4811	101	0
4812	101	0
4813	101	0
4814	101	0
4815	101	0
4816	101	0
4817	100	0
4818	101	0
4819	101	0
4820	101	0
4821	101	0
4822	101	0
4823	101	0
4824	101	0
4825	101	0
4826	101	0
4827	101	0
4828	101	0
4829	102	0
4830	101	0
4831	102	0
4832	102	0
4833	102	0
4834	101	0
4835	101	0
4836	102	0
4837	101	0
4838	102	0
4839	102	0
4840	103	0
4841	102	0
4842	102	0
4843	101	0
4844	101	0
4845	101	0
4846	101	0
4847	103	0
4848	103	0
4849	103	0
4850	103	0
4851	103	0
4852	103	0
4853	103	0
4854	103	0
4855	102	0
4856	103	0
4857	102	0
4858	102	0
4859	103	0
4860	102	0
4861	102	0
4862	102	0
4863	103	0
4864	103	0
4865	103	0
4866	103	0
4867	103	0
4868	102	0
4869	103	0
4870	102	0
4871	103	0
4872	102	0
4873	103	0
4874	103	0
4875	103	0
4876	103	0
4877	103	0
4878	103	0
4879	103	0
4880	103	0
4881	103	0
4882	103	0
4883	103	0
4884	103	0
4885	103	0
4886	103	0
4887	103	0
4888	103	0
4889	103	0
4890	103	0
4891	103	0
4892	103	0
4893	103	0
4894	103	0
4895	103	0
4896	103	0
4897	103	0
4898	103	0
4899	103	0
4900	103	0
4901	103	0
4902	103	0
4903	103	0
4904	103	0
4905	103	0
4906	103	0
4907	103	0
4908	103	0
4909	103	0
4910	103	0
4911	103	0
4912	103	0
4913	103	0
4914	103	0
4915	103	0
4916	103	0
4917	103	0
4918	103	0
4919	103	0
4920	103	0
4921	103	0
4922	103	0
4923	103	0
4924	103	0
4925	103	0
4926	103	0
4927	103	0
4928	103	0
4929	103	0
4930	103	0
4931	103	0
4932	103	0
4933	103	0
4934	103	0
4935	103	0
4936	103	0
4937	104	0
4938	104	0
4939	103	0
4940	103	0
4941	104	0
4942	103	0
4943	104	0
4944	103	0
4945	103	0
4946	104	0
4947	104	0
4948	104	0
4949	104	0
4950	104	0
4951	103	0
4952	104	0
4953	104	0
4954	104	0
4955	104	0
4956	104	0
4957	103	0
4958	104	0
4959	104	0
4960	104	0
4961	103	0
4962	103	0
4963	104	0
4964	104	0
4965	104	0
4966	103	0
4967	104	0
4968	103	0
4969	104	0
4970	104	0
4971	104	0
4972	103	0
4973	104	0
4974	103	0
4975	104	0
4976	104	0
4977	104	0
4978	104	0
4979	104	0
4980	104	0
4981	104	0
4982	104	0
4983	104	0
4984	104	0
4985	104	0
4986	104	0
4987	104	0
4988	104	0
4989	104	0
4990	104	0
4991	104	0
4992	104	0
4993	104	0
4994	104	0
4995	104	0
4996	104	0
4997	104	0
4998	104	0
4999	104	0
5000	105	0
5001	104	0
5002	104	0
5003	104	0
5004	105	0
5005	104	0
5006	105	0
5007	104	0
5008	104	0
5009	104	0
5010	105	0
5011	104	0
5012	105	0
5013	105	0
5014	105	0
5015	104	0
5016	105	0
5017	105	0
5018	104	0
5019	105	0
5020	105	0
5021	105	0
5022	105	0
5023	105	0
5024	106	0
5025	105	0
5026	105	0
5027	105	0
5028	105	0
5029	105	0
5030	105	0
5031	105	0
5032	105	0
5033	105	0
5034	105	0
5035	106	0
5036	106	0
5037	105	0
5038	106	0
5039	106	0
5040	105	0
5041	105	0
5042	105	0
5043	106	0
5044	106	0
5045	106	0
5046	107	0
5047	107	0
5048	106	0
5049	106	0
5050	106	0
5051	106	0
5052	106	0
5053	107	0
5054	107	0
5055	107	0
5056	106	0
5057	106	0
5058	106	0
5059	107	0
5060	106	0
5061	107	0
5062	107	0
5063	107	0
5064	107	0
5065	107	0
5066	107	0
5067	107	0
5068	106	0
5069	107	0
5070	107	0
5071	107	0
5072	107	0
5073	106	0
5074	107	0
5075	107	0
5076	107	0
5077	107	0
5078	107	0
5079	107	0
5080	107	0
5081	106	0
5082	107	0
5083	107	0
5084	107	0
5085	107	0
5086	107	0
5087	107	0
5088	107	0
5089	107	0
5090	107	0
5091	107	0
5092	107	0
5093	107	0
5094	107	0
5095	107	0
5096	107	0
5097	107	0
5098	107	0
5099	107	0
5100	107	0
5101	107	0
5102	107	0
5103	107	0
5104	107	0
5105	107	0
5106	107	0
5107	107	0
5108	107	0
5109	107	0
5110	107	0
5111	107	0
5112	107	0
5113	107	0
5114	107	0
5115	107	0
5116	107	0
5117	107	0
5118	107	0
5119	107	0
5120	107	0
5121	107	0
5122	107	0
5123	107	0
5124	107	0
5125	107	0
5126	107	0
5127	107	0
5128	107	0
5129	107	0
5130	107	0
5131	107	0
5132	107	0
5133	107	0
5134	107	0
5135	107	0
5136	107	0
5137	108	0
5138	107	0
5139	107	0
5140	108	0
5141	107	0
5142	107	0
5143	108	0
5144	108	0
5145	108	0
5146	108	0
5147	108	0
5148	108	0
5149	107	0
5150	107	0
5151	107	0
5152	108	0
5153	108	0
5154	108	0
5155	107	0
5156	108	0
5157	108	0
5158	108	0
5159	107	0
5160	107	0
5161	108	0
5162	107	0
5163	108	0
5164	107	0
5165	108	0
5166	108	0
5167	107	0
5168	107	0
5169	108	0
5170	107	0
5171	108	0
5172	108	0
5173	108	0
5174	108	0
5175	108	0
5176	108	0
5177	108	0
5178	108	0
5179	108	0
5180	108	0
5181	108	0
5182	108	0
5183	108	0
5184	108	0
5185	108	0
5186	108	0
5187	108	0
5188	108	0
5189	108	0
5190	108	0
5191	109	0
5192	108	0
5193	108	0
5194	108	0
5195	108	0
5196	108	0
5197	108	0
5198	108	0
5199	108	0
5200	108	0
5201	108	0
5202	108	0
5203	109	0
5204	108	0
5205	108	0
5206	108	0
5207	108	0
5208	109	0
5209	108	0
5210	108	0
5211	108	0
5212	109	0
5213	108	0
5214	109	0
5215	109	0
5216	109	0
5217	109	0
5218	109	0
5219	109	0
5220	108	0
5221	109	0
5222	109	0
5223	108	0
5224	109	0
5225	108	0
5226	109	0
5227	109	0
5228	109	0
5229	108	0
5230	108	0
5231	109	0
5232	109	0
5233	108	0
5234	109	0
5235	109	0
5236	109	0
5237	109	0
5238	109	0
5239	109	0
5240	108	0
5241	109	0
5242	109	0
5243	109	0
5244	109	0
5245	109	0
5246	109	0
5247	109	0
5248	109	0
5249	108	0
5250	109	0
5251	109	0
5252	109	0
5253	109	0
5254	109	0
5255	109	0
5256	109	0
5257	109	0
5258	110	0
5259	110	0
5260	109	0
5261	110	0
5262	109	0
5263	110	0
5264	110	0
5265	109	0
5266	109	0
5267	110	0
5268	110	0
5269	110	0
5270	110	0
5271	110	0
5272	110	0
5273	110	0
5274	111	0
5275	111	0
5276	110	0
5277	111	0
5278	110	0
5279	109	0
5280	110	0
5281	110	0
5282	111	0
5283	111	0
5284	110	0
5285	111	0
5286	111	0
5287	110	0
5288	111	0
5289	111	0
5290	111	0
5291	111	0
5292	111	0
5293	111	0
5294	111	0
5295	111	0
5296	111	0
5297	111	0
5298	111	0
5299	111	0
5300	111	0
5301	111	0
5302	111	0
5303	111	0
5304	111	0
5305	111	0
5306	111	0
5307	111	0
5308	111	0
5309	111	0
5310	111	0
5311	111	0
5312	111	0
5313	111	0
5314	111	0
5315	111	0
5316	111	0
5317	111	0
5318	111	0
5319	111	0
5320	111	0
5321	111	0
5322	111	0
5323	111	0
5324	111	0
5325	112	0
5326	112	0
5327	111	0
5328	112	0
5329	112	0
5330	112	0
5331	112	0
5332	112	0
5333	112	0
5334	112	0
5335	112	0
5336	111	0
5337	112	0
5338	112	0
5339	112	0
5340	112	0
5341	112	0
5342	111	0
5343	112	0
5344	113	0
5345	112	0
5346	112	0
5347	112	0
5348	112	0
5349	112	0
5350	112	0
5351	112	0
5352	112	0
5353	112	0
5354	112	0
5355	112	0
5356	112	0
5357	112	0
5358	112	0
5359	112	0
5360	112	0
5361	112	0
5362	112	0
5363	113	0
5364	112	0
5365	113	0
5366	113	0
5367	113	0
5368	113	0
5369	112	0
5370	112	0
5371	113	0
5372	113	0
5373	113	0
5374	112	0
5375	113	0
5376	114	0
5377	113	0
5378	113	0
5379	113	0
5380	113	0
5381	113	0
5382	114	0
5383	113	0
5384	113	0
5385	114	0
5386	114	0
5387	114	0
5388	115	0
5389	115	0
5390	114	0
5391	114	0
5392	114	0
5393	114	0
5394	115	0
5395	114	0
5396	115	0
5397	115	0
5398	115	0
5399	115	0
5400	115	0
5401	115	0
5402	114	0
5403	115	0
5404	115	0
5405	115	0
5406	115	0
5407	115	0
5408	113	0
5409	115	0
5410	115	0
5411	115	0
5412	115	0
5413	115	0
5414	115	0
5415	115	0
5416	115	0
5417	115	0
5418	115	0
5419	115	0
5420	115	0
5421	115	0
5422	115	0
5423	115	0
5424	115	0
5425	114	0
5426	115	0
5427	115	0
5428	115	0
5429	115	0
5430	115	0
5431	115	0
5432	115	0
5433	115	0
5434	115	0
5435	115	0
5436	115	0
5437	115	0
5438	115	0
5439	115	0
5440	115	0
5441	115	0
5442	115	0
5443	115	0
5444	115	0
5445	115	0
5446	115	0
5447	115	0
5448	115	0
5449	115	0
5450	115	0
5451	116	0
5452	115	0
5453	116	0
5454	115	0
5455	115	0
5456	115	0
5457	116	0
5458	115	0
5459	115	0
5460	115	0
5461	115	0
5462	115	0
5463	116	0
5464	115	0
5465	115	0
5466	116	0
5467	116	0
5468	115	0
5469	116	0
5470	116	0
5471	116	0
5472	116	0
5473	116	0
5474	116	0
5475	116	0
5476	116	0
5477	116	0
5478	116	0
5479	116	0
5480	116	0
5481	116	0
5482	116	0
5483	116	0
5484	116	0
5485	116	0
5486	116	0
5487	116	0
5488	116	0
5489	116	0
5490	116	0
5491	116	0
5492	116	0
5493	116	0
5494	116	0
5495	116	0
5496	116	0
5497	116	0
5498	116	0
5499	116	0
5500	117	0
5501	117	0
5502	116	0
5503	117	0
5504	116	0
5505	116	0
5506	117	0
5507	117	0
5508	117	0
5509	117	0
5510	117	0
5511	117	0
5512	117	0
5513	117	0
5514	117	0
5515	117	0
5516	117	0
5517	117	0
5518	117	0
5519	117	0
5520	118	0
5521	118	0
5522	118	0
5523	117	0
5524	118	0
5525	118	0
5526	117	0
5527	118	0
5528	117	0
5529	118	0
5530	117	0
5531	117	0
5532	118	0
5533	117	0
5534	118	0
5535	118	0
5536	118	0
5537	118	0
5538	119	0
5539	118	0
5540	119	0
5541	119	0
5542	119	0
5543	119	0
5544	119	0
5545	119	0
5546	119	0
5547	119	0
5548	119	0
5549	119	0
5550	119	0
5551	119	0
5552	119	0
5553	119	0
5554	119	0
5555	119	0
5556	119	0
5557	119	0
5558	119	0
5559	119	0
5560	119	0
5561	119	0
5562	119	0
5563	119	0
5564	119	0
5565	119	0
5566	119	0
5567	119	0
5568	120	0
5569	119	0
5570	119	0
5571	119	0
5572	119	0
5573	119	0
5574	120	0
5575	119	0
5576	120	0
5577	120	0
5578	119	0
5579	120	0
5580	120	0
5581	120	0
5582	120	0
5583	120	0
5584	120	0
5585	120	0
5586	119	0
5587	120	0
5588	120	0
5589	120	0
5590	120	0
5591	119	0
5592	120	0
5593	120	0
5594	120	0
5595	120	0
5596	120	0
5597	120	0
5598	120	0
5599	120	0
5600	120	0
5601	120	0
5602	120	0
5603	120	0
5604	120	0
5605	120	0
5606	120	0
5607	120	0
5608	120	0
5609	120	0
5610	120	0
5611	120	0
5612	120	0
5613	120	0
5614	120	0
5615	120	0
5616	120	0
5617	120	0
5618	120	0
5619	120	0
5620	120	0
5621	120	0
5622	120	0
5623	120	0
5624	120	0
5625	120	0
5626	120	0
5627	120	0
5628	120	0
5629	120	0
5630	120	0
5631	120	0
5632	120	0
5633	121	0
5634	120	0
5635	121	0
5636	121	0
5637	121	0
5638	120	0
5639	121	0
5640	120	0
5641	121	0
5642	121	0
5643	121	0
5644	120	0
5645	121	0
5646	121	0
5647	122	0
5648	121	0
5649	121	0
5650	122	0
5651	121	0
5652	121	0
5653	121	0
5654	121	0
5655	121	0
5656	122	0
5657	122	0
5658	122	0
5659	122	0
5660	122	0
5661	121	0
5662	122	0
5663	122	0
5664	123	0
5665	122	0
5666	123	0
5667	123	0
5668	123	0
5669	123	0
5670	123	0
5671	122	0
5672	123	0
5673	123	0
5674	123	0
5675	123	0
5676	123	0
5677	123	0
5678	123	0
5679	123	0
5680	123	0
5681	123	0
5682	123	0
5683	123	0
5684	123	0
5685	123	0
5686	123	0
5687	123	0
5688	123	0
5689	123	0
5690	123	0
5691	123	0
5692	123	0
5693	123	0
5694	123	0
5695	123	0
5696	123	0
5697	123	0
5698	124	0
5699	124	0
5700	124	0
5701	124	0
5702	124	0
5703	124	0
5704	124	0
5705	124	0
5706	124	0
5707	124	0
5708	124	0
5709	124	0
5710	124	0
5711	124	0
5712	124	0
5713	124	0
5714	124	0
5715	124	0
5716	124	0
5717	124	0
5718	124	0
5719	125	0
5720	125	0
5721	125	0
5722	125	0
5723	125	0
5724	125	0
5725	125	0
5726	126	0
5727	125	0
5728	125	0
5729	126	0
5730	125	0
5731	125	0
5732	125	0
5733	126	0
5734	126	0
5735	127	0
5736	127	0
5737	127	0
5738	126	0
5739	127	0
5740	127	0
5741	127	0
5742	127	0
5743	127	0
5744	127	0
5745	127	0
5746	127	0
5747	127	0
5748	127	0
5749	127	0
5750	127	0
5751	128	0
5752	127	0
5753	127	0
5754	127	0
5755	129	0
5756	128	0
5757	128	0
5758	128	0
5759	129	0
5760	128	0
5761	128	0
5762	128	0
5763	128	0
5764	128	0
5765	128	0
5766	128	0
5767	128	0
5768	129	0
5769	129	0
5770	129	0
5771	129	0
5772	129	0
5773	129	0
5774	129	0
5775	129	0
5776	130	0
5777	130	0
5778	131	0
5779	131	0
5780	131	0
5781	131	0
5782	131	0
5783	131	0
5784	131	0
5785	131	0
5786	131	0
5787	131	0
5788	131	0
5789	131	0
5790	131	0
5791	131	0
5792	131	0
5793	131	0
5794	131	0
5795	132	0
5796	132	0
5797	132	0
5798	132	0
5799	132	0
5800	133	0
5801	132	0
5802	132	0
5803	133	0
5804	132	0
5805	133	0
5806	133	0
5807	133	0
5808	133	0
5809	133	0
5810	133	0
5811	133	0
5812	133	0
5813	135	0
5814	135	0
5815	134	0
5816	134	0
5817	135	0
5818	134	0
5819	135	0
5820	135	0
5821	135	0
5822	135	0
5823	135	0
5824	135	0
5825	135	0
5826	135	0
5827	135	0
5828	135	0
5829	135	0
5830	135	0
5831	135	0
5832	135	0
5833	136	0
5834	135	0
5835	136	0
5836	136	0
5837	136	0
5838	136	0
5839	136	0
5840	135	0
5841	136	0
5842	136	0
5843	136	0
5844	136	0
5845	136	0
5846	136	0
5847	136	0
5848	136	0
5849	136	0
5850	137	0
5851	137	0
5852	137	0
5853	137	0
5854	137	0
5855	137	0
5856	138	0
5857	137	0
5858	138	0
5859	138	0
5860	138	0
5861	138	0
5862	138	0
5863	138	0
5864	139	0
5865	139	0
5866	139	0
5867	139	0
5868	139	0
5869	139	0
5870	139	0
5871	139	0
5872	139	0
5873	139	0
5874	139	0
5875	139	0
5876	139	0
5877	139	0
5878	140	0
5879	140	0
5880	140	0
5881	140	0
5882	140	0
5883	140	0
5884	140	0
5885	140	0
5886	140	0
5887	141	0
5888	140	0
5889	140	0
5890	141	0
5891	141	0
5892	141	0
5893	141	0
5894	141	0
5895	142	0
5896	141	0
5897	141	0
5898	142	0
5899	143	0
5900	142	0
5901	143	0
5902	143	0
5903	143	0
5904	143	0
5905	143	0
5906	143	0
5907	143	0
5908	143	0
5909	143	0
5910	143	0
5911	143	0
5912	143	0
5913	143	0
5914	143	0
5915	143	0
5916	144	0
5917	144	0
5918	143	0
5919	144	0
5920	143	0
5921	144	0
5922	144	0
5923	144	0
5924	144	0
5925	144	0
5926	145	0
5927	144	0
5928	144	0
5929	145	0
5930	144	0
5931	144	0
5932	145	0
5933	145	0
5934	145	0
5935	145	0
5936	145	0
5937	145	0
5938	145	0
5939	146	0
5940	145	0
5941	145	0
5942	146	0
5943	147	0
5944	146	0
5945	147	0
5946	147	0
5947	147	0
5948	147	0
5949	147	0
5950	147	0
5951	147	0
5952	147	0
5953	147	0
5954	147	0
5955	147	0
5956	147	0
5957	147	0
5958	147	0
5959	147	0
5960	147	0
5961	148	0
5962	148	0
5963	148	0
5964	148	0
5965	148	0
5966	148	0
5967	148	0
5968	148	0
5969	149	0
5970	148	0
5971	148	0
5972	149	0
5973	149	0
5974	149	0
5975	149	0
5976	149	0
5977	149	0
5978	149	0
5979	149	0
5980	149	0
5981	149	0
5982	150	0
5983	150	0
5984	150	0
5985	151	0
5986	150	0
5987	151	0
5988	151	0
5989	151	0
5990	151	0
5991	151	0
5992	151	0
5993	151	0
5994	151	0
5995	151	0
5996	151	0
5997	151	0
5998	151	0
5999	151	0
6000	151	0
6001	151	0
6002	151	0
6003	151	0
6004	151	0
6005	152	0
6006	151	0
6007	151	0
6008	151	0
6009	152	0
6010	152	0
6011	152	0
6012	152	0
6013	152	0
6014	152	0
6015	152	0
6016	152	0
6017	152	0
6018	152	0
6019	152	0
6020	152	0
6021	152	0
6022	152	0
6023	152	0
6024	152	0
6025	152	0
6026	152	0
6027	152	0
6028	152	0
6029	152	0
6030	152	0
6031	152	0
6032	152	0
6033	152	0
6034	152	0
6035	152	0
6036	152	0
6037	153	0
6038	153	0
6039	152	0
6040	152	0
6041	153	0
6042	152	0
6043	152	0
6044	152	0
6045	152	0
6046	152	0
6047	152	0
6048	152	0
6049	152	0
6050	152	0
6051	152	0
6052	152	0
6053	152	0
6054	153	0
6055	152	0
6056	153	0
6057	152	0
6058	153	0
6059	152	0
6060	153	0
6061	153	0
6062	152	0
6063	153	0
6064	152	0
6065	153	0
6066	152	0
6067	153	0
6068	152	0
6069	152	0
6070	152	0
6071	152	0
6072	152	0
6073	153	0
6074	153	0
6075	153	0
6076	152	0
6077	153	0
6078	153	0
6079	153	0
6080	152	0
6081	153	0
6082	153	0
6083	153	0
6084	153	0
6085	153	0
6086	153	0
6087	153	0
6088	153	0
6089	152	0
6090	153	0
6091	153	0
6092	152	0
6093	153	0
6094	153	0
6095	153	0
6096	153	0
6097	153	0
6098	153	0
6099	152	0
6100	153	0
6101	153	0
6102	153	0
6103	153	0
6104	153	0
6105	152	0
6106	153	0
6107	153	0
6108	153	0
6109	152	0
6110	152	0
6111	153	0
6112	153	0
6113	153	0
6114	153	0
6115	153	0
6116	153	0
6117	153	0
6118	153	0
6119	153	0
6120	153	0
6121	152	0
6122	153	0
6123	153	0
6124	153	0
6125	153	0
6126	153	0
6127	153	0
6128	153	0
6129	153	0
6130	154	0
6131	153	0
6132	153	0
6133	153	0
6134	153	0
6135	153	0
6136	153	0
6137	153	0
6138	153	0
6139	153	0
6140	153	0
6141	153	0
6142	154	0
6143	153	0
6144	154	0
6145	154	0
6146	153	0
6147	154	0
6148	154	0
6149	153	0
6150	153	0
6151	154	0
6152	153	0
6153	155	0
6154	154	0
6155	154	0
6156	155	0
6157	155	0
6158	155	0
6159	154	0
6160	154	0
6161	154	0
6162	155	0
6163	155	0
6164	155	0
6165	154	0
6166	154	0
6167	154	0
6168	154	0
6169	154	0
6170	155	0
6171	155	0
6172	154	0
6173	155	0
6174	154	0
6175	155	0
6176	155	0
6177	155	0
6178	155	0
6179	155	0
6180	154	0
6181	155	0
6182	155	0
6183	154	0
6184	155	0
6185	155	0
6186	154	0
6187	154	0
6188	154	0
6189	154	0
6190	154	0
6191	154	0
6192	155	0
6193	155	0
6194	154	0
6195	154	0
6196	155	0
6197	154	0
6198	155	0
6199	155	0
6200	154	0
6201	155	0
6202	154	0
6203	154	0
6204	154	0
6205	154	0
6206	154	0
6207	155	0
6208	155	0
6209	154	0
6210	155	0
6211	154	0
6212	155	0
6213	155	0
6214	155	0
6215	155	0
6216	155	0
6217	155	0
6218	155	0
6219	154	0
6220	155	0
6221	154	0
6222	155	0
6223	155	0
6224	155	0
6225	155	0
6226	155	0
6227	155	0
6228	155	0
6229	154	0
6230	154	0
6231	154	0
6232	154	0
6233	155	0
6234	155	0
6235	155	0
6236	153	0
6237	153	0
6238	153	0
6239	154	0
6240	155	0
6241	155	0
6242	154	0
6243	155	0
6244	153	0
6245	154	0
6246	155	0
6247	155	0
6248	154	0
6249	155	0
6250	155	0
6251	154	0
6252	155	0
6253	154	0
6254	154	0
6255	154	0
6256	154	0
6257	154	0
6258	155	0
6259	155	0
6260	155	0
6261	155	0
6262	154	0
6263	155	0
6264	155	0
6265	154	0
6266	154	0
6267	155	0
6268	155	0
6269	154	0
6270	155	0
6271	155	0
6272	154	0
6273	155	0
6274	153	0
6275	154	0
6276	155	0
6277	154	0
6278	155	0
6279	155	0
6280	155	0
6281	154	0
6282	154	0
6283	155	0
6284	154	0
6285	155	0
6286	154	0
6287	154	0
6288	154	0
6289	154	0
6290	154	0
6291	154	0
6292	155	0
6293	154	0
6294	155	0
6295	154	0
6296	154	0
6297	154	0
6298	155	0
6299	154	0
6300	154	0
6301	154	0
6302	155	0
6303	153	0
6304	155	0
6305	155	0
6306	155	0
6307	155	0
6308	155	0
6309	154	0
6310	155	0
6311	154	0
6312	155	0
6313	153	0
6314	154	0
6315	154	0
6316	154	0
6317	154	0
6318	155	0
6319	154	0
6320	154	0
6321	154	0
6322	154	0
6323	154	0
6324	154	0
6325	155	0
6326	155	0
6327	155	0
6328	154	0
6329	155	0
6330	155	0
6331	154	0
6332	154	0
6333	155	0
6334	155	0
6335	155	0
6336	154	0
6337	155	0
6338	155	0
6339	154	0
6340	155	0
6341	154	0
6342	154	0
6343	154	0
6344	155	0
6345	155	0
6346	154	0
6347	155	0
6348	154	0
6349	155	0
6350	154	0
6351	155	0
6352	154	0
6353	154	0
6354	155	0
6355	155	0
6356	155	0
6357	155	0
6358	154	0
6359	154	0
6360	154	0
6361	155	0
6362	155	0
6363	155	0
6364	154	0
6365	154	0
6366	155	0
6367	155	0
6368	155	0
6369	154	0
6370	154	0
6371	155	0
6372	155	0
6373	154	0
6374	155	0
6375	154	0
6376	155	0
6377	155	0
6378	154	0
6379	155	0
6380	155	0
6381	155	0
6382	155	0
6383	154	0
6384	155	0
6385	155	0
6386	154	0
6387	155	0
6388	154	0
6389	154	0
6390	155	0
6391	155	0
6392	155	0
6393	154	0
6394	154	0
6395	155	0
6396	154	0
6397	154	0
6398	154	0
6399	155	0
6400	154	0
6401	155	0
6402	155	0
6403	155	0
6404	155	0
6405	155	0
6406	155	0
6407	155	0
6408	154	0
6409	155	0
6410	154	0
6411	154	0
6412	155	0
6413	155	0
6414	155	0
6415	155	0
6416	155	0
6417	154	0
6418	154	0
6419	155	0
6420	154	0
6421	155	0
6422	155	0
6423	155	0
6424	154	0
6425	155	0
6426	155	0
6427	154	0
6428	154	0
6429	154	0
6430	155	0
6431	154	0
6432	155	0
6433	154	0
6434	155	0
6435	154	0
6436	155	0
6437	154	0
6438	153	0
6439	154	0
6440	154	0
6441	154	0
6442	155	0
6443	155	0
6444	155	0
6445	154	0
6446	155	0
6447	155	0
6448	154	0
6449	155	0
6450	155	0
6451	155	0
6452	154	0
6453	154	0
6454	154	0
6455	155	0
6456	155	0
6457	155	0
6458	155	0
6459	154	0
6460	155	0
6461	155	0
6462	155	0
6463	155	0
6464	154	0
6465	154	0
6466	155	0
6467	154	0
6468	154	0
6469	154	0
6470	155	0
6471	155	0
6472	155	0
6473	155	0
6474	154	0
6475	154	0
6476	155	0
6477	155	0
6478	154	0
6479	154	0
6480	155	0
6481	155	0
6482	155	0
6483	154	0
6484	155	0
6485	155	0
6486	154	0
6487	155	0
6488	155	0
6489	155	0
6490	155	0
6491	155	0
6492	155	0
6493	155	0
6494	154	0
6495	155	0
6496	155	0
6497	154	0
6498	155	0
6499	155	0
6500	154	0
6501	155	0
6502	154	0
6503	155	0
6504	154	0
6505	155	0
6506	153	0
6507	154	0
6508	155	0
6509	155	0
6510	155	0
6511	154	0
6512	154	0
6513	154	0
6514	155	0
6515	155	0
6516	154	0
6517	155	0
6518	154	0
6519	155	0
6520	154	0
6521	155	0
6522	155	0
6523	155	0
6524	155	0
6525	155	0
6526	154	0
6527	155	0
6528	155	0
6529	155	0
6530	155	0
6531	154	0
6532	154	0
6533	154	0
6534	154	0
6535	155	0
6536	154	0
6537	154	0
6538	155	0
6539	153	0
6540	155	0
6541	154	0
6542	155	0
6543	155	0
6544	154	0
6545	154	0
6546	153	0
6547	155	0
6548	155	0
6549	155	0
6550	153	0
6551	153	0
6552	152	0
6553	153	0
6554	152	0
6555	152	0
6556	152	0
6557	152	0
6558	152	0
6559	152	0
6560	152	0
6561	152	0
6562	152	0
6563	152	0
6564	152	0
6565	152	0
6566	152	0
6567	152	0
6568	152	0
6569	152	0
6570	152	0
6571	152	0
6572	152	0
6573	152	0
6574	151	0
6575	152	0
6576	151	0
6577	152	0
6578	151	0
6579	152	0
6580	151	0
6581	152	0
6582	151	0
6583	151	0
6584	151	0
6585	151	0
6586	151	0
6587	151	0
6588	151	0
6589	151	0
6590	151	0
6591	151	0
6592	151	0
6593	151	0
6594	150	0
6595	149	0
6596	149	0
6597	150	0
6598	150	0
6599	149	0
6600	149	0
6601	149	0
6602	149	0
6603	149	0
6604	148	0
6605	149	0
6606	148	0
6607	148	0
6608	147	0
6609	147	0
6610	147	0
6611	147	0
6612	146	0
6613	145	0
6614	144	0
6615	143	0
6616	143	0
6617	143	0
6618	141	0
6619	140	0
6620	140	0
6621	140	0
6622	139	0
6623	139	0
6624	139	0
6625	139	0
6626	137	0
6627	137	0
6628	136	0
6629	136	0
6630	135	0
6631	135	0
6632	135	0
6633	134	0
6634	133	0
6635	133	0
6636	132	0
6637	132	0
6638	132	0
6639	131	0
6640	131	0
6641	131	0
6642	131	0
6643	129	0
6644	128	0
6645	128	0
6646	128	0
6647	128	0
6648	128	0
6649	128	0
6650	128	0
6651	127	0
6652	127	0
6653	127	0
6654	126	0
6655	127	0
6656	126	0
6657	126	0
6658	125	0
6659	125	0
6660	124	0
6661	124	0
6662	125	0
6663	124	0
6664	123	0
6665	124	0
6666	124	0
6667	124	0
6668	123	0
6669	123	0
6670	123	0
6671	123	0
6672	123	0
6673	123	0
6674	122	0
6675	123	0
6676	121	0
6677	121	0
6678	121	0
6679	121	0
6680	120	0
6681	120	0
6682	120	0
6683	120	0
6684	120	0
6685	120	0
6686	120	0
6687	120	0
6688	119	0
6689	119	0
6690	119	0
6691	119	0
6692	119	0
6693	119	0
6694	119	0
6695	119	0
6696	119	0
6697	119	0
6698	119	0
6699	119	0
6700	119	0
6701	119	0
6702	119	0
6703	118	0
6704	118	0
6705	118	0
6706	118	0
6707	117	0
6708	117	0
6709	118	0
6710	118	0
6711	117	0
6712	117	0
6713	117	0
6714	117	0
6715	117	0
6716	117	0
6717	117	0
6718	117	0
6719	117	0
6720	117	0
6721	117	0
6722	117	0
6723	116	0
6724	116	0
6725	116	0
6726	116	0
6727	116	0
6728	116	0
6729	116	0
6730	115	0
6731	115	0
6732	115	0
6733	115	0
6734	115	0
6735	115	0
6736	115	0
6737	115	0
6738	115	0
6739	115	0
6740	114	0
6741	115	0
6742	115	0
6743	115	0
6744	114	0
6745	114	0
6746	114	0
6747	115	0
6748	114	0
6749	113	0
6750	113	0
6751	113	0
6752	112	0
6753	112	0
6754	112	0
6755	112	0
6756	112	0
6757	112	0
6758	112	0
6759	112	0
6760	112	0
6761	111	0
6762	111	0
6763	112	0
6764	112	0
6765	112	0
6766	111	0
6767	111	0
6768	111	0
6769	111	0
6770	111	0
6771	111	0
6772	111	0
6773	111	0
6774	111	0
6775	111	0
6776	111	0
6777	111	0
6778	111	0
6779	111	0
6780	111	0
6781	110	0
6782	110	0
6783	111	0
6784	111	0
6785	110	0
6786	111	0
6787	111	0
6788	110	0
6789	111	0
6790	110	0
6791	109	0
6792	111	0
6793	110	0
6794	110	0
6795	110	0
6796	110	0
6797	111	0
6798	109	0
6799	109	0
6800	109	0
6801	109	0
6802	109	0
6803	109	0
6804	109	0
6805	109	0
6806	109	0
6807	109	0
6808	109	0
6809	109	0
6810	108	0
6811	108	0
6812	108	0
6813	108	0
6814	108	0
6815	108	0
6816	108	0
6817	107	0
6818	108	0
6819	108	0
6820	108	0
6821	107	0
6822	108	0
6823	108	0
6824	107	0
6825	107	0
6826	107	0
6827	107	0
6828	107	0
6829	107	0
6830	107	0
6831	107	0
6832	107	0
6833	107	0
6834	107	0
6835	107	0
6836	107	0
6837	107	0
6838	107	0
6839	107	0
6840	107	0
6841	106	0
6842	106	0
6843	107	0
6844	106	0
6845	106	0
6846	107	0
6847	105	0
6848	107	0
6849	106	0
6850	106	0
6851	106	0
6852	105	0
6853	105	0
6854	104	0
6855	104	0
6856	104	0
6857	105	0
6858	104	0
6859	104	0
6860	104	0
6861	104	0
6862	104	0
6863	104	0
6864	104	0
6865	104	0
6866	103	0
6867	104	0
6868	104	0
6869	103	0
6870	103	0
6871	103	0
6872	103	0
6873	103	0
6874	103	0
6875	103	0
6876	103	0
6877	103	0
6878	103	0
6879	103	0
6880	103	0
6881	103	0
6882	102	0
6883	103	0
6884	102	0
6885	103	0
6886	102	0
6887	103	0
6888	102	0
6889	102	0
6890	103	0
6891	102	0
6892	102	0
6893	101	0
6894	103	0
6895	102	0
6896	102	0
6897	101	0
6898	101	0
6899	101	0
6900	101	0
6901	102	0
6902	101	0
6903	102	0
6904	101	0
6905	101	0
6906	101	0
6907	101	0
6908	101	0
6909	101	0
6910	101	0
6911	101	0
6912	101	0
6913	101	0
6914	101	0
6915	101	0
6916	100	0
6917	101	0
6918	100	0
6919	101	0
6920	100	0
6921	100	0
6922	100	0
6923	100	0
6924	101	0
6925	100	0
6926	100	0
6927	101	0
6928	101	0
6929	100	0
6930	100	0
6931	100	0
6932	101	0
6933	100	0
6934	100	0
6935	101	0
6936	101	0
6937	100	0
6938	100	0
6939	100	0
6940	100	0
6941	100	0
6942	101	0
6943	100	0
6944	100	0
6945	100	0
6946	100	0
6947	100	0
6948	100	0
6949	101	0
6950	100	0
6951	100	0
6952	100	0
6953	100	0
6954	100	0
6955	100	0
6956	100	0
6957	100	0
6958	100	0
6959	100	0
6960	100	0
6961	100	0
6962	100	0
6963	100	0
6964	100	0
6965	100	0
6966	100	0
6967	100	0
6968	100	0
6969	100	0
6970	101	0
6971	100	0
6972	100	0
6973	100	0
6974	100	0
6975	100	0
6976	99	0
6977	100	0
6978	100	0
6979	100	0
6980	100	0
6981	100	0
6982	100	0
6983	100	0
6984	100	0
6985	100	0
6986	100	0
6987	100	0
6988	100	0
6989	100	0
6990	100	0
6991	100	0
6992	100	0
6993	100	0
6994	100	0
6995	99	0
6996	100	0
6997	100	0
6998	100	0
6999	100	0
7000	99	0
7001	100	0
7002	99	0
7003	100	0
7004	100	0
7005	100	0
7006	100	0
7007	99	0
7008	100	0
7009	100	0
7010	100	0
7011	100	0
7012	100	0
7013	100	0
7014	99	0
7015	100	0
7016	100	0
7017	99	0
7018	100	0
7019	100	0
7020	100	0
7021	100	0
7022	99	0
7023	100	0
7024	100	0
7025	100	0
7026	99	0
7027	99	0
7028	99	0
7029	100	0
7030	100	0
7031	99	0
7032	100	0
7033	99	0
7034	99	0
7035	99	0
7036	99	0
7037	99	0
7038	99	0
7039	99	0
7040	99	0
7041	100	0
7042	99	0
7043	99	0
7044	99	0
7045	99	0
7046	99	0
7047	99	0
7048	99	0
7049	99	0
7050	99	0
7051	99	0
7052	99	0
7053	99	0
7054	99	0
7055	99	0
7056	99	0
7057	99	0
7058	99	0
7059	99	0
7060	99	0
7061	99	0
7062	99	0
7063	99	0
7064	99	0
7065	99	0
7066	99	0
7067	99	0
7068	99	0
7069	99	0
7070	99	0
7071	99	0
7072	99	0
7073	99	0
7074	99	0
7075	99	0
7076	99	0
7077	99	0
7078	99	0
7079	99	0
7080	99	0
7081	99	0
7082	99	0
7083	99	0
7084	99	0
7085	99	0
7086	99	0
7087	99	0
7088	99	0
7089	99	0
7090	99	0
7091	99	0
7092	99	0
7093	99	0
7094	99	0
7095	99	0
7096	99	0
7097	99	0
7098	99	0
7099	99	0
7100	99	0
7101	99	0
7102	99	0
7103	99	0
7104	99	0
7105	99	0
7106	99	0
7107	99	0
7108	99	0
7109	99	0
7110	99	0
7111	99	0
7112	99	0
7113	99	0
7114	99	0
7115	99	0
7116	99	0
7117	99	0
7118	99	0
7119	99	0
7120	99	0
7121	99	0
7122	99	0
7123	99	0
7124	99	0
7125	99	0
7126	99	0
7127	99	0
7128	99	0
7129	99	0
7130	99	0
7131	99	0
7132	99	0
7133	99	0
7134	99	0
7135	99	0
7136	99	0
7137	99	0
7138	99	0
7139	98	0
7140	99	0
7141	98	0
7142	97	0
7143	99	0
7144	99	0
7145	99	0
7146	99	0
7147	99	0
7148	98	0
7149	99	0
7150	98	0
7151	98	0
7152	98	0
7153	99	0
7154	98	0
7155	99	0
7156	99	0
7157	99	0
7158	99	0
7159	99	0
7160	98	0
7161	98	0
7162	99	0
7163	98	0
7164	97	0
7165	98	0
7166	97	0
7167	98	0
7168	99	0
7169	98	0
7170	99	0
7171	99	0
7172	99	0
7173	99	0
7174	99	0
7175	99	0
7176	99	0
7177	98	0
7178	98	0
7179	97	0
7180	98	0
7181	99	0
7182	99	0
7183	99	0
7184	98	0
7185	99	0
7186	98	0
7187	97	0
7188	98	0
7189	97	0
7190	98	0
7191	97	0
7192	97	0
7193	98	0
7194	98	0
7195	98	0
7196	98	0
7197	98	0
7198	97	0
7199	97	0
7200	98	0
7201	99	0
7202	97	0
7203	98	0
7204	97	0
7205	97	0
7206	98	0
7207	97	0
7208	98	0
7209	98	0
7210	98	0
7211	98	0
7212	97	0
7213	97	0
7214	98	0
7215	97	0
7216	98	0
7217	97	0
7218	97	0
7219	97	0
7220	96	0
7221	97	0
7222	97	0
7223	97	0
7224	97	0
7225	97	0
7226	97	0
7227	97	0
7228	97	0
7229	97	0
7230	97	0
7231	97	0
7232	97	0
7233	97	0
7234	97	0
7235	97	0
7236	96	0
7237	97	0
7238	96	0
7239	97	0
7240	96	0
7241	97	0
7242	96	0
7243	97	0
7244	96	0
7245	96	0
7246	96	0
7247	96	0
7248	97	0
7249	96	0
7250	96	0
7251	96	0
7252	96	0
7253	96	0
7254	96	0
7255	96	0
7256	96	0
7257	96	0
7258	96	0
7259	96	0
7260	96	0
7261	96	0
7262	97	0
7263	97	0
7264	96	0
7265	96	0
7266	96	0
7267	96	0
7268	96	0
7269	96	0
7270	96	0
7271	96	0
7272	96	0
7273	97	0
7274	96	0
7275	96	0
7276	96	0
7277	97	0
7278	96	0
7279	96	0
7280	96	0
7281	96	0
7282	96	0
7283	96	0
7284	96	0
7285	96	0
7286	96	0
7287	96	0
7288	96	0
7289	96	0
7290	96	0
7291	96	0
7292	96	0
7293	96	0
7294	96	0
7295	96	0
7296	96	0
7297	96	0
7298	95	0
7299	95	0
7300	96	0
7301	96	0
7302	95	0
7303	95	0
7304	97	0
7305	96	0
7306	96	0
7307	96	0
7308	96	0
7309	96	0
7310	97	0
7311	95	0
7312	96	0
7313	96	0
7314	95	0
7315	96	0
7316	95	0
7317	96	0
7318	95	0
7319	95	0
7320	95	0
7321	96	0
7322	96	0
7323	96	0
7324	96	0
7325	96	0
7326	96	0
7327	95	0
7328	95	0
7329	95	0
7330	95	0
7331	95	0
7332	95	0
7333	96	0
7334	95	0
7335	95	0
7336	96	0
7337	96	0
7338	95	0
7339	96	0
7340	96	0
7341	95	0
7342	95	0
7343	95	0
7344	95	0
7345	96	0
7346	96	0
7347	96	0
7348	95	0
7349	95	0
7350	95	0
7351	95	0
7352	95	0
7353	96	0
7354	95	0
7355	96	0
7356	95	0
7357	96	0
7358	95	0
7359	96	0
7360	95	0
7361	96	0
7362	96	0
7363	96	0
7364	95	0
7365	95	0
7366	96	0
7367	96	0
7368	95	0
7369	95	0
7370	96	0
7371	95	0
7372	95	0
7373	95	0
7374	95	0
7375	95	0
7376	96	0
7377	95	0
7378	95	0
7379	95	0
7380	95	0
7381	95	0
7382	95	0
7383	95	0
7384	95	0
7385	95	0
7386	95	0
7387	95	0
7388	95	0
7389	95	0
7390	95	0
7391	95	0
7392	95	0
7393	95	0
7394	96	0
7395	95	0
7396	95	0
7397	95	0
7398	95	0
7399	95	0
7400	95	0
7401	95	0
7402	95	0
7403	95	0
7404	95	0
7405	95	0
7406	95	0
7407	95	0
7408	95	0
7409	95	0
7410	95	0
7411	95	0
7412	95	0
7413	95	0
7414	95	0
7415	95	0
7416	95	0
7417	95	0
7418	95	0
7419	95	0
7420	95	0
7421	95	0
7422	95	0
7423	95	0
7424	95	0
7425	95	0
7426	95	0
7427	95	0
7428	95	0
7429	95	0
7430	96	0
7431	95	0
7432	95	0
7433	95	0
7434	95	0
7435	95	0
7436	95	0
7437	95	0
7438	95	0
7439	95	0
7440	95	0
7441	95	0
7442	95	0
7443	95	0
7444	95	0
7445	95	0
7446	95	0
7447	95	0
7448	95	0
7449	95	0
7450	95	0
7451	95	0
7452	95	0
7453	95	0
7454	95	0
7455	95	0
7456	95	0
7457	95	0
7458	95	0
7459	95	0
7460	95	0
7461	95	0
7462	95	0
7463	95	0
7464	95	0
7465	95	0
7466	95	0
7467	95	0
7468	95	0
7469	95	0
7470	95	0
7471	95	0
7472	95	0
7473	95	0
7474	95	0
7475	95	0
7476	95	0
7477	95	0
7478	95	0
7479	95	0
7480	95	0
7481	95	0
7482	95	0
7483	95	0
7484	95	0
7485	95	0
7486	95	0
7487	95	0
7488	95	0
7489	95	0
7490	95	0
7491	95	0
7492	95	0
7493	95	0
7494	95	0
7495	95	0
7496	95	0
7497	95	0
7498	95	0
7499	95	0
7500	95	0
7501	95	0
7502	95	0
7503	95	0
7504	95	0
7505	95	0
7506	95	0
7507	95	0
7508	95	0
7509	95	0
7510	95	0
7511	95	0
7512	95	0
7513	95	0
7514	95	0
7515	95	0
7516	95	0
7517	95	0
7518	95	0
7519	95	0
7520	95	0
7521	95	0
7522	95	0
7523	95	0
7524	95	0
7525	95	0
7526	95	0
7527	95	0
7528	95	0
7529	95	0
7530	95	0
7531	95	0
7532	95	0
7533	95	0
7534	95	0
7535	95	0
7536	95	0
7537	95	0
7538	95	0
7539	95	0
7540	95	0
7541	95	0
7542	95	0
7543	95	0
7544	95	0
7545	95	0
7546	95	0
7547	95	0
7548	95	0
7549	95	0
7550	95	0
7551	95	0
7552	95	0
7553	95	0
7554	95	0
7555	95	0
7556	95	0
7557	95	0
7558	95	0
7559	95	0
7560	95	0
7561	95	0
7562	95	0
7563	95	0
7564	95	0
7565	95	0
7566	95	0
7567	95	0
7568	95	0
7569	95	0
7570	95	0
7571	95	0
7572	95	0
7573	95	0
7574	95	0
7575	95	0
7576	95	0
7577	95	0
7578	95	0
7579	95	0
7580	95	0
7581	95	0
7582	95	0
7583	95	0
7584	95	0
7585	95	0
7586	95	0
7587	95	0
7588	95	0
7589	95	0
7590	95	0
7591	95	0
7592	95	0
7593	95	0
7594	95	0
7595	95	0
7596	95	0
7597	95	0
7598	95	0
7599	95	0
7600	95	0
7601	95	0
7602	95	0
7603	95	0
7604	95	0
7605	95	0
7606	95	0
7607	95	0
7608	95	0
7609	95	0
7610	95	0
7611	95	0
7612	95	0
7613	95	0
7614	95	0
7615	95	0
7616	95	0
7617	95	0
7618	95	0
7619	95	0
7620	95	0
7621	95	0
7622	95	0
7623	95	0
7624	95	0
7625	95	0
7626	95	0
7627	95	0
7628	95	0
7629	95	0
7630	95	0
7631	95	0
7632	95	0
7633	94	0
7634	95	0
7635	95	0
7636	95	0
7637	95	0
7638	95	0
7639	95	0
7640	95	0
7641	95	0
7642	95	0
7643	95	0
7644	95	0
7645	95	0
7646	95	0
7647	95	0
7648	95	0
7649	95	0
7650	95	0
7651	95	0
7652	95	0
7653	95	0
7654	95	0
7655	95	0
7656	95	0
7657	95	0
7658	95	0
7659	95	0
7660	95	0
7661	95	0
7662	95	0
7663	95	0
7664	95	0
7665	95	0
7666	95	0
7667	95	0
7668	95	0
7669	95	0
7670	95	0
7671	95	0
7672	95	0
7673	95	0
7674	95	0
7675	95	0
7676	95	0
7677	95	0
7678	95	0
7679	94	0
7680	95	0
7681	95	0
7682	95	0
7683	95	0
7684	95	0
7685	95	0
7686	94	0
7687	95	0
7688	95	0
7689	94	0
7690	95	0
7691	94	0
7692	95	0
7693	95	0
7694	94	0
7695	95	0
7696	95	0
7697	95	0
7698	95	0
7699	94	0
7700	95	0
7701	95	0
7702	94	0
7703	95	0
7704	95	0
7705	93	0
7706	94	0
7707	95	0
7708	95	0
7709	94	0
7710	94	0
7711	94	0
7712	94	0
7713	95	0
7714	95	0
7715	94	0
7716	95	0
7717	95	0
7718	95	0
7719	94	0
7720	95	0
7721	95	0
7722	95	0
7723	95	0
7724	95	0
7725	95	0
7726	94	0
7727	94	0
7728	95	0
7729	94	0
7730	95	0
7731	95	0
7732	95	0
7733	95	0
7734	95	0
7735	95	0
7736	94	0
7737	95	0
7738	95	0
7739	94	0
7740	95	0
7741	95	0
7742	94	0
7743	95	0
7744	95	0
7745	94	0
7746	95	0
7747	95	0
7748	95	0
7749	94	0
7750	94	0
7751	94	0
7752	95	0
7753	95	0
7754	94	0
7755	94	0
7756	95	0
7757	94	0
7758	93	0
7759	94	0
7760	95	0
7761	95	0
7762	95	0
7763	95	0
7764	95	0
7765	95	0
7766	95	0
7767	95	0
7768	94	0
7769	94	0
7770	94	0
7771	95	0
7772	95	0
7773	95	0
7774	95	0
7775	95	0
7776	95	0
7777	94	0
7778	95	0
7779	94	0
7780	95	0
7781	95	0
7782	95	0
7783	95	0
7784	95	0
7785	94	0
7786	95	0
7787	95	0
7788	95	0
7789	95	0
7790	95	0
7791	95	0
7792	95	0
7793	95	0
7794	95	0
7795	95	0
7796	95	0
7797	94	0
7798	94	0
7799	94	0
7800	95	0
7801	95	0
7802	94	0
7803	94	0
7804	94	0
7805	95	0
7806	95	0
7807	95	0
7808	95	0
7809	95	0
7810	95	0
7811	95	0
7812	95	0
7813	95	0
7814	94	0
7815	94	0
7816	95	0
7817	94	0
7818	95	0
7819	95	0
7820	94	0
7821	94	0
7822	94	0
7823	95	0
7824	95	0
7825	94	0
7826	94	0
7827	95	0
7828	95	0
7829	95	0
7830	95	0
7831	95	0
7832	95	0
7833	95	0
7834	95	0
7835	94	0
7836	95	0
7837	95	0
7838	94	0
7839	95	0
7840	95	0
7841	95	0
7842	95	0
7843	95	0
7844	95	0
7845	94	0
7846	94	0
7847	95	0
7848	95	0
7849	95	0
7850	94	0
7851	95	0
7852	95	0
7853	95	0
7854	95	0
7855	95	0
7856	95	0
7857	95	0
7858	95	0
7859	95	0
7860	94	0
7861	95	0
7862	95	0
7863	95	0
7864	95	0
7865	95	0
7866	94	0
7867	94	0
7868	95	0
7869	95	0
7870	95	0
7871	95	0
7872	94	0
7873	95	0
7874	94	0
7875	95	0
7876	93	0
7877	94	0
7878	95	0
7879	94	0
7880	94	0
7881	95	0
7882	95	0
7883	95	0
7884	95	0
7885	94	0
7886	95	0
7887	94	0
7888	94	0
7889	95	0
7890	94	0
7891	95	0
7892	95	0
7893	95	0
7894	94	0
7895	95	0
7896	95	0
7897	95	0
7898	94	0
7899	95	0
7900	94	0
7901	95	0
7902	95	0
7903	95	0
7904	95	0
7905	95	0
7906	95	0
7907	95	0
7908	94	0
7909	94	0
7910	95	0
7911	95	0
7912	95	0
7913	95	0
7914	95	0
7915	95	0
7916	94	0
7917	95	0
7918	95	0
7919	95	0
7920	95	0
7921	95	0
7922	95	0
7923	95	0
7924	95	0
7925	95	0
7926	95	0
7927	95	0
7928	95	0
7929	95	0
7930	94	0
7931	94	0
7932	95	0
7933	94	0
7934	95	0
7935	95	0
7936	95	0
7937	95	0
7938	95	0
7939	95	0
7940	94	0
7941	95	0
7942	95	0
7943	95	0
7944	95	0
7945	95	0
7946	95	0
7947	95	0
7948	95	0
7949	95	0
7950	95	0
7951	95	0
7952	95	0
7953	94	0
7954	95	0
7955	95	0
7956	95	0
7957	95	0
7958	95	0
7959	95	0
7960	95	0
7961	95	0
7962	95	0
7963	95	0
7964	95	0
7965	94	0
7966	95	0
7967	95	0
7968	95	0
7969	95	0
7970	95	0
7971	95	0
7972	95	0
7973	95	0
7974	95	0
7975	95	0
7976	95	0
7977	95	0
7978	95	0
7979	95	0
7980	95	0
7981	95	0
7982	95	0
7983	95	0
7984	95	0
7985	95	0
7986	95	0
7987	95	0
7988	95	0
7989	95	0
7990	95	0
7991	95	0
7992	95	0
7993	95	0
7994	95	0
7995	95	0
7996	95	0
7997	95	0
7998	95	0
7999	95	0
