Oscilloscope data. 
Time step = 10,00 nS
Voltage step = 62,50 mV
Zero level = 127

N 	Smpl.	Trig

0	147	0
1	135	0
2	119	0
3	109	0
4	119	0
5	129	0
6	119	0
7	119	0
8	137	0
9	139	0
10	127	0
11	137	0
12	145	0
13	147	0
14	144	0
15	136	0
16	117	0
17	109	0
18	111	0
19	111	0
20	119	0
21	130	0
22	127	0
23	138	0
24	137	0
25	118	0
26	118	0
27	139	0
28	146	0
29	146	0
30	145	0
31	144	0
32	137	0
33	127	0
34	137	0
35	137	0
36	127	0
37	136	0
38	147	0
39	137	0
40	117	0
41	118	0
42	128	0
43	119	0
44	119	0
45	137	0
46	138	0
47	118	0
48	111	0
49	111	0
50	120	0
51	138	0
52	138	0
53	118	0
54	117	0
55	128	0
56	119	0
57	110	0
58	111	0
59	119	0
60	129	0
61	120	0
62	118	0
63	128	0
64	119	0
65	110	0
66	119	0
67	130	0
68	128	0
69	139	0
70	145	0
71	147	0
72	145	0
73	145	0
74	145	0
75	136	0
76	117	0
77	109	0
78	119	0
79	138	0
80	137	0
81	119	0
82	110	0
83	119	0
84	129	0
85	119	0
86	111	0
87	111	0
88	111	0
89	111	0
90	120	0
91	129	0
92	119	0
93	110	0
94	119	0
95	138	0
96	139	0
97	127	0
98	136	0
99	138	0
100	119	0
101	117	0
102	129	0
103	119	0
104	110	0
105	111	0
106	119	0
107	139	0
108	139	0
109	117	0
110	111	0
111	119	0
112	129	0
113	119	0
114	111	0
115	111	0
116	111	0
117	119	0
118	139	0
119	138	0
120	127	0
121	128	0
122	127	0
123	138	0
124	137	0
125	127	0
126	128	0
127	127	0
128	129	0
129	127	0
130	138	0
131	144	0
132	139	0
133	126	0
134	137	0
135	137	0
136	119	0
137	111	0
138	119	0
139	139	0
140	138	0
141	118	0
142	110	0
143	111	0
144	120	0
145	129	0
146	127	0
147	128	0
148	127	0
149	138	0
150	145	0
151	147	0
152	135	0
153	118	0
154	109	0
155	120	0
156	139	0
157	138	0
158	118	0
159	117	0
160	129	0
161	120	0
162	119	0
163	139	0
164	146	0
165	137	0
166	117	0
167	110	0
168	111	0
169	120	0
170	129	0
171	127	0
172	137	0
173	137	0
174	118	0
175	111	0
176	120	0
177	139	0
178	147	0
179	138	0
180	127	0
181	136	0
182	147	0
183	146	0
184	144	0
185	145	0
186	136	0
187	127	0
188	136	0
189	137	0
190	127	0
191	137	0
192	147	0
193	137	0
194	127	0
195	137	0
196	137	0
197	127	0
198	127	0
199	119	0
200	119	0
201	129	0
202	128	0
203	137	0
204	144	0
205	136	0
206	117	0
207	110	0
208	120	0
209	139	0
210	138	0
211	119	0
212	118	0
213	137	0
214	139	0
215	127	0
216	128	0
217	127	0
218	138	0
219	137	0
220	119	0
221	117	0
222	139	0
223	138	0
224	127	0
225	128	0
226	127	0
227	129	0
228	118	0
229	119	0
230	129	0
231	128	0
232	137	0
233	147	0
234	137	0
235	126	0
236	128	0
237	127	0
238	139	0
239	145	0
240	147	0
241	144	0
242	137	0
243	117	0
244	118	0
245	137	0
246	138	0
247	118	0
248	110	0
249	119	0
250	130	0
251	119	0
252	111	0
253	119	0
254	139	0
255	147	0
256	138	0
257	125	0
258	128	0
259	119	0
260	111	0
261	119	0
262	139	0
263	147	0
264	139	0
265	125	0
266	128	0
267	119	0
268	111	0
269	111	0
270	111	0
271	119	0
272	139	0
273	138	0
274	127	0
275	136	0
276	137	0
277	127	0
278	136	0
279	139	0
280	127	0
281	128	0
282	127	0
283	128	0
284	118	0
285	110	0
286	111	0
287	120	0
288	128	0
289	120	0
290	111	0
291	119	0
292	139	0
293	147	0
294	137	0
295	117	0
296	118	0
297	137	0
298	139	0
299	127	0
300	128	0
301	127	0
302	129	0
303	118	0
304	119	0
305	137	0
306	139	0
307	127	0
308	129	0
309	127	0
310	129	0
311	127	0
312	138	0
313	137	0
314	119	0
315	110	0
316	120	0
317	129	0
318	119	0
319	111	0
320	119	0
321	139	0
322	147	0
323	146	0
324	136	0
325	117	0
326	119	0
327	138	0
328	139	0
329	118	0
330	119	0
331	137	0
332	139	0
333	127	0
334	128	0
335	118	0
336	111	0
337	119	0
338	139	0
339	139	0
340	127	0
341	127	0
342	118	0
343	111	0
344	111	0
345	111	0
346	119	0
347	129	0
348	119	0
349	110	0
350	119	0
351	139	0
352	138	0
353	119	0
354	109	0
355	111	0
356	111	0
357	111	0
358	120	0
359	139	0
360	147	0
361	136	0
362	117	0
363	119	0
364	139	0
365	147	0
366	146	0
367	145	0
368	145	0
369	146	0
370	145	0
371	136	0
372	126	0
373	136	0
374	147	0
375	146	0
376	136	0
377	127	0
378	128	0
379	127	0
380	138	0
381	146	0
382	147	0
383	136	0
384	119	0
385	108	0
386	111	0
387	111	0
388	111	0
389	111	0
390	119	0
391	138	0
392	138	0
393	118	0
394	111	0
395	119	0
396	129	0
397	127	0
398	138	0
399	145	0
400	145	0
401	136	0
402	127	0
403	128	0
404	119	0
405	110	0
406	111	0
407	120	0
408	137	0
409	139	0
410	117	0
411	109	0
412	111	0
413	120	0
414	138	0
415	138	0
416	117	0
417	109	0
418	111	0
419	120	0
420	129	0
421	119	0
422	111	0
423	119	0
424	139	0
425	138	0
426	127	0
427	136	0
428	137	0
429	119	0
430	111	0
431	119	0
432	129	0
433	119	0
434	119	0
435	137	0
436	147	0
437	137	0
438	118	0
439	110	0
440	119	0
441	131	0
442	119	0
443	119	0
444	137	0
445	147	0
446	146	0
447	145	0
448	144	0
449	136	0
450	117	0
451	117	0
452	129	0
453	119	0
454	118	0
455	129	0
456	127	0
457	129	0
458	127	0
459	137	0
460	145	0
461	139	0
462	127	0
463	129	0
464	119	0
465	119	0
466	137	0
467	139	0
468	127	0
469	129	0
470	127	0
471	129	0
472	118	0
473	119	0
474	137	0
475	139	0
476	127	0
477	137	0
478	145	0
479	138	0
480	118	0
481	119	0
482	129	0
483	119	0
484	111	0
485	111	0
486	111	0
487	111	0
488	111	0
489	111	0
490	111	0
491	119	0
492	129	0
493	119	0
494	110	0
495	111	0
496	120	0
497	130	0
498	128	0
499	138	0
500	145	0
501	137	0
502	127	0
503	137	0
504	137	0
505	118	0
506	117	0
507	130	0
508	119	0
509	118	0
510	138	0
511	147	0
512	137	0
513	127	0
514	128	0
515	127	0
516	129	0
517	118	0
518	111	0
519	118	0
520	131	0
521	119	0
522	111	0
523	118	0
524	129	0
525	127	0
526	138	0
527	145	0
528	137	0
529	126	0
530	128	0
531	127	0
532	139	0
533	145	0
534	138	0
535	126	0
536	137	0
537	146	0
538	146	0
539	144	0
540	137	0
541	127	0
542	128	0
543	119	0
544	117	0
545	128	0
546	119	0
547	111	0
548	119	0
549	129	0
550	127	0
551	130	0
552	127	0
553	129	0
554	127	0
555	129	0
556	127	0
557	139	0
558	136	0
559	119	0
560	110	0
561	120	0
562	139	0
563	138	0
564	119	0
565	118	0
566	137	0
567	139	0
568	127	0
569	128	0
570	127	0
571	139	0
572	146	0
573	146	0
574	136	0
575	127	0
576	136	0
577	147	0
578	146	0
579	144	0
580	137	0
581	118	0
582	119	0
583	137	0
584	138	0
585	118	0
586	111	0
587	111	0
588	119	0
589	129	0
590	119	0
591	110	0
592	111	0
593	119	0
594	129	0
595	120	0
596	119	0
597	137	0
598	147	0
599	137	0
600	118	0
601	118	0
602	128	0
603	119	0
604	109	0
605	119	0
606	138	0
607	138	0
608	119	0
609	110	0
610	111	0
611	111	0
612	119	0
613	131	0
614	127	0
615	128	0
616	117	0
617	119	0
618	137	0
619	147	0
620	146	0
621	145	0
622	145	0
623	136	0
624	127	0
625	136	0
626	146	0
627	137	0
628	116	0
629	110	0
630	111	0
631	120	0
632	139	0
633	147	0
634	145	0
635	136	0
636	126	0
637	137	0
638	137	0
639	117	0
640	111	0
641	119	0
642	130	0
643	127	0
644	129	0
645	119	0
646	119	0
647	137	0
648	139	0
649	127	0
650	137	0
651	146	0
652	147	0
653	136	0
654	118	0
655	117	0
656	129	0
657	119	0
658	118	0
659	129	0
660	127	0
661	128	0
662	119	0
663	111	0
664	119	0
665	139	0
666	147	0
667	147	0
668	144	0
669	136	0
670	117	0
671	119	0
672	128	0
673	119	0
674	111	0
675	119	0
676	130	0
677	119	0
678	120	0
679	136	0
680	138	0
681	119	0
682	119	0
683	137	0
684	139	0
685	118	0
686	119	0
687	137	0
688	147	0
689	146	0
690	145	0
691	136	0
692	127	0
693	128	0
694	127	0
695	128	0
696	127	0
697	139	0
698	137	0
699	119	0
700	109	0
701	111	0
702	111	0
703	119	0
704	130	0
705	119	0
706	119	0
707	128	0
708	119	0
709	111	0
710	119	0
711	138	0
712	137	0
713	119	0
714	118	0
715	129	0
716	127	0
717	128	0
718	119	0
719	110	0
720	111	0
721	120	0
722	138	0
723	139	0
724	118	0
725	110	0
726	119	0
727	130	0
728	127	0
729	128	0
730	127	0
731	138	0
732	137	0
733	128	0
734	136	0
735	147	0
736	145	0
737	136	0
738	126	0
739	128	0
740	118	0
741	110	0
742	111	0
743	119	0
744	129	0
745	119	0
746	110	0
747	111	0
748	111	0
749	111	0
750	120	0
751	129	0
752	128	0
753	137	0
754	138	0
755	127	0
756	128	0
757	119	0
758	119	0
759	128	0
760	128	0
761	137	0
762	139	0
763	127	0
764	128	0
765	119	0
766	111	0
767	111	0
768	111	0
769	111	0
770	111	0
771	111	0
772	119	0
773	129	0
774	119	0
775	118	0
776	128	0
777	127	0
778	128	0
779	119	0
780	119	0
781	137	0
782	147	0
783	137	0
784	119	0
785	116	0
786	129	0
787	127	0
788	136	0
789	138	0
790	117	0
791	110	0
792	111	0
793	111	0
794	111	0
795	111	0
796	120	0
797	138	0
798	137	0
799	117	0
800	110	0
801	119	0
802	139	0
803	147	0
804	145	0
805	136	0
806	127	0
807	137	0
808	138	0
809	127	0
810	136	0
811	138	0
812	118	0
813	111	0
814	111	0
815	111	0
816	111	0
817	119	0
818	130	0
819	127	0
820	128	0
821	118	0
822	111	0
823	119	0
824	131	0
825	119	0
826	119	0
827	137	0
828	147	0
829	146	0
830	145	0
831	144	0
832	136	0
833	117	0
834	109	0
835	119	0
836	139	0
837	147	0
838	138	0
839	126	0
840	128	0
841	127	0
842	139	0
843	145	0
844	137	0
845	116	0
846	111	0
847	111	0
848	120	0
849	130	0
850	119	0
851	119	0
852	137	0
853	139	0
854	127	0
855	128	0
856	127	0
857	139	0
858	137	0
859	127	0
860	136	0
861	147	0
862	137	0
863	126	0
864	137	0
865	145	0
866	146	0
867	136	0
868	117	0
869	111	0
870	119	0
871	139	0
872	147	0
873	138	0
874	127	0
875	128	0
876	127	0
877	129	0
878	118	0
879	119	0
880	137	0
881	139	0
882	127	0
883	137	0
884	137	0
885	119	0
886	118	0
887	129	0
888	127	0
889	129	0
890	127	0
891	128	0
892	127	0
893	139	0
894	144	0
895	139	0
896	117	0
897	119	0
898	129	0
899	128	0
900	129	0
901	127	0
902	128	0
903	119	0
904	111	0
905	111	0
906	112	0
907	111	0
908	112	0
909	119	0
910	139	0
911	145	0
912	137	0
913	116	0
914	110	0
915	111	0
916	120	0
917	139	0
918	147	0
919	146	0
920	144	0
921	136	0
922	127	0
923	128	0
924	118	0
925	111	0
926	119	0
927	130	0
928	127	0
929	129	0
930	118	0
931	119	0
932	129	0
933	128	0
934	128	0
935	119	0
936	110	0
937	111	0
938	111	0
939	119	0
940	139	0
941	137	0
942	119	0
943	117	0
944	129	0
945	128	0
946	128	0
947	119	0
948	111	0
949	119	0
950	130	0
951	127	0
952	138	0
953	137	0
954	127	0
955	136	0
956	147	0
957	146	0
958	136	0
959	118	0
960	118	0
961	130	0
962	119	0
963	110	0
964	111	0
965	119	0
966	139	0
967	139	0
968	127	0
969	128	0
970	127	0
971	128	0
972	118	0
973	111	0
974	118	0
975	131	0
976	119	0
977	119	0
978	128	0
979	127	0
980	129	0
981	127	0
982	129	0
983	127	0
984	130	0
985	118	0
986	120	0
987	128	0
988	128	0
989	138	0
990	146	0
991	136	0
992	118	0
993	119	0
994	137	0
995	138	0
996	118	0
997	118	0
998	137	0
999	147	0
1000	146	0
1001	144	0
1002	145	0
1003	145	0
1004	136	0
1005	116	0
1006	109	0
1007	111	0
1008	119	0
1009	139	0
1010	138	0
1011	118	0
1012	118	0
1013	137	0
1014	139	0
1015	118	0
1016	111	0
1017	119	0
1018	131	0
1019	128	0
1020	139	0
1021	146	0
1022	146	0
1023	144	0
1024	136	0
1025	118	0
1026	109	0
1027	110	0
1028	111	0
1029	111	0
1030	120	0
1031	139	0
1032	138	0
1033	118	0
1034	109	0
1035	111	0
1036	120	0
1037	129	0
1038	120	0
1039	119	0
1040	137	0
1041	139	0
1042	127	0
1043	128	0
1044	119	0
1045	119	0
1046	138	0
1047	147	0
1048	145	0
1049	137	0
1050	117	0
1051	109	0
1052	111	0
1053	111	0
1054	119	0
1055	139	0
1056	147	0
1057	136	0
1058	117	0
1059	118	0
1060	129	0
1061	119	0
1062	109	0
1063	111	0
1064	111	0
1065	111	0
1066	111	0
1067	111	0
1068	119	0
1069	137	0
1070	138	0
1071	117	0
1072	110	0
1073	118	0
1074	130	0
1075	127	0
1076	129	0
1077	127	0
1078	128	0
1079	118	0
1080	120	0
1081	137	0
1082	147	0
1083	146	0
1084	146	0
1085	136	0
1086	127	0
1087	137	0
1088	146	0
1089	145	0
1090	136	0
1091	118	0
1092	118	0
1093	129	0
1094	127	0
1095	128	0
1096	127	0
1097	137	0
1098	137	0
1099	127	0
1100	136	0
1101	139	0
1102	118	0
1103	118	0
1104	138	0
1105	137	0
1106	127	0
1107	128	0
1108	118	0
1109	119	0
1110	129	0
1111	119	0
1112	119	0
1113	130	0
1114	127	0
1115	137	0
1116	147	0
1117	146	0
1118	144	0
1119	137	0
1120	117	0
1121	110	0
1122	110	0
1123	111	0
1124	111	0
1125	111	0
1126	120	0
1127	138	0
1128	138	0
1129	127	0
1130	136	0
1131	137	0
1132	119	0
1133	110	0
1134	119	0
1135	139	0
1136	138	0
1137	119	0
1138	118	0
1139	137	0
1140	139	0
1141	127	0
1142	137	0
1143	137	0
1144	119	0
1145	118	0
1146	129	0
1147	128	0
1148	138	0
1149	137	0
1150	127	0
1151	136	0
1152	137	0
1153	119	0
1154	117	0
1155	138	0
1156	139	0
1157	127	0
1158	128	0
1159	118	0
1160	119	0
1161	128	0
1162	128	0
1163	128	0
1164	128	0
1165	138	0
1166	147	0
1167	146	0
1168	136	0
1169	126	0
1170	128	0
1171	127	0
1172	137	0
1173	145	0
1174	146	0
1175	136	0
1176	119	0
1177	117	0
1178	139	0
1179	138	0
1180	117	0
1181	111	0
1182	119	0
1183	130	0
1184	119	0
1185	119	0
1186	128	0
1187	119	0
1188	110	0
1189	111	0
1190	111	0
1191	119	0
1192	131	0
1193	119	0
1194	118	0
1195	136	0
1196	146	0
1197	137	0
1198	117	0
1199	117	0
1200	138	0
1201	147	0
1202	137	0
1203	127	0
1204	128	0
1205	119	0
1206	119	0
1207	137	0
1208	139	0
1209	127	0
1210	138	0
1211	146	0
1212	138	0
1213	126	0
1214	128	0
1215	127	0
1216	129	0
1217	117	0
1218	111	0
1219	111	0
1220	120	0
1221	129	0
1222	119	0
1223	118	0
1224	128	0
1225	127	0
1226	128	0
1227	127	0
1228	128	0
1229	118	0
1230	111	0
1231	119	0
1232	131	0
1233	119	0
1234	111	0
1235	119	0
1236	139	0
1237	138	0
1238	128	0
1239	136	0
1240	137	0
1241	127	0
1242	128	0
1243	118	0
1244	111	0
1245	111	0
1246	111	0
1247	119	0
1248	139	0
1249	138	0
1250	127	0
1251	128	0
1252	127	0
1253	129	0
1254	127	0
1255	139	0
1256	144	0
1257	139	0
1258	117	0
1259	111	0
1260	119	0
1261	139	0
1262	138	0
1263	127	0
1264	136	0
1265	138	0
1266	127	0
1267	128	0
1268	119	0
1269	110	0
1270	119	0
1271	139	0
1272	146	0
1273	139	0
1274	117	0
1275	119	0
1276	138	0
1277	147	0
1278	146	0
1279	145	0
1280	145	0
1281	145	0
1282	136	0
1283	117	0
1284	109	0
1285	111	0
1286	111	0
1287	111	0
1288	111	0
1289	111	0
1290	111	0
1291	111	0
1292	111	0
1293	111	0
1294	119	0
1295	138	0
1296	137	0
1297	127	0
1298	128	0
1299	119	0
1300	119	0
1301	129	0
1302	119	0
1303	110	0
1304	119	0
1305	138	0
1306	139	0
1307	119	0
1308	109	0
1309	111	0
1310	111	0
1311	111	0
1312	119	0
1313	130	0
1314	128	0
1315	129	0
1316	127	0
1317	137	0
1318	138	0
1319	127	0
1320	136	0
1321	147	0
1322	137	0
1323	118	0
1324	119	0
1325	129	0
1326	120	0
1327	119	0
1328	129	0
1329	127	0
1330	128	0
1331	119	0
1332	111	0
1333	119	0
1334	131	0
1335	127	0
1336	129	0
1337	118	0
1338	111	0
1339	111	0
1340	120	0
1341	138	0
1342	139	0
1343	118	0
1344	118	0
1345	137	0
1346	147	0
1347	145	0
1348	136	0
1349	126	0
1350	128	0
1351	127	0
1352	128	0
1353	119	0
1354	119	0
1355	129	0
1356	129	0
1357	138	0
1358	147	0
1359	137	0
1360	118	0
1361	117	0
1362	129	0
1363	119	0
1364	119	0
1365	129	0
1366	119	0
1367	110	0
1368	119	0
1369	130	0
1370	127	0
1371	129	0
1372	127	0
1373	138	0
1374	137	0
1375	127	0
1376	136	0
1377	139	0
1378	117	0
1379	111	0
1380	111	0
1381	119	0
1382	139	0
1383	147	0
1384	146	0
1385	136	0
1386	117	0
1387	111	0
1388	119	0
1389	129	0
1390	119	0
1391	111	0
1392	111	0
1393	111	0
1394	111	0
1395	111	0
1396	119	0
1397	139	0
1398	147	0
1399	146	0
1400	136	0
1401	127	0
1402	128	0
1403	119	0
1404	110	0
1405	119	0
1406	139	0
1407	138	0
1408	128	0
1409	136	0
1410	147	0
1411	145	0
1412	136	0
1413	117	0
1414	118	0
1415	138	0
1416	138	0
1417	118	0
1418	119	0
1419	138	0
1420	147	0
1421	146	0
1422	145	0
1423	136	0
1424	119	0
1425	119	0
1426	129	0
1427	128	0
1428	138	0
1429	146	0
1430	137	0
1431	127	0
1432	137	0
1433	138	0
1434	127	0
1435	137	0
1436	147	0
1437	145	0
1438	136	0
1439	127	0
1440	137	0
1441	139	0
1442	118	0
1443	110	0
1444	120	0
1445	138	0
1446	147	0
1447	137	0
1448	127	0
1449	136	0
1450	146	0
1451	138	0
1452	126	0
1453	137	0
1454	137	0
1455	119	0
1456	110	0
1457	111	0
1458	119	0
1459	129	0
1460	119	0
1461	119	0
1462	138	0
1463	147	0
1464	137	0
1465	119	0
1466	117	0
1467	138	0
1468	147	0
1469	146	0
1470	144	0
1471	145	0
1472	146	0
1473	146	0
1474	145	0
1475	136	0
1476	126	0
1477	128	0
1478	127	0
1479	137	0
1480	145	0
1481	147	0
1482	144	0
1483	138	0
1484	126	0
1485	128	0
1486	118	0
1487	110	0
1488	111	0
1489	120	0
1490	129	0
1491	120	0
1492	119	0
1493	129	0
1494	127	0
1495	138	0
1496	137	0
1497	127	0
1498	136	0
1499	147	0
1500	145	0
1501	136	0
1502	127	0
1503	128	0
1504	119	0
1505	111	0
1506	119	0
1507	139	0
1508	146	0
1509	139	0
1510	125	0
1511	128	0
1512	127	0
1513	138	0
1514	146	0
1515	145	0
1516	136	0
1517	119	0
1518	109	0
1519	119	0
1520	139	0
1521	147	0
1522	147	0
1523	136	0
1524	117	0
1525	118	0
1526	138	0
1527	147	0
1528	145	0
1529	137	0
1530	127	0
1531	136	0
1532	138	0
1533	127	0
1534	137	0
1535	147	0
1536	146	0
1537	145	0
1538	145	0
1539	145	0
1540	136	0
1541	117	0
1542	118	0
1543	137	0
1544	147	0
1545	145	0
1546	145	0
1547	144	0
1548	136	0
1549	117	0
1550	109	0
1551	119	0
1552	139	0
1553	147	0
1554	137	0
1555	117	0
1556	119	0
1557	138	0
1558	139	0
1559	118	0
1560	111	0
1561	119	0
1562	139	0
1563	138	0
1564	127	0
1565	137	0
1566	137	0
1567	119	0
1568	110	0
1569	119	0
1570	139	0
1571	138	0
1572	127	0
1573	128	0
1574	127	0
1575	138	0
1576	137	0
1577	119	0
1578	110	0
1579	111	0
1580	111	0
1581	119	0
1582	139	0
1583	147	0
1584	137	0
1585	126	0
1586	136	0
1587	147	0
1588	146	0
1589	144	0
1590	136	0
1591	126	0
1592	137	0
1593	146	0
1594	145	0
1595	136	0
1596	118	0
1597	118	0
1598	137	0
1599	139	0
1600	127	0
1601	137	0
1602	146	0
1603	146	0
1604	136	0
1605	127	0
1606	136	0
1607	138	0
1608	127	0
1609	127	0
1610	119	0
1611	111	0
1612	119	0
1613	130	0
1614	119	0
1615	111	0
1616	119	0
1617	129	0
1618	127	0
1619	139	0
1620	145	0
1621	137	0
1622	117	0
1623	119	0
1624	137	0
1625	139	0
1626	118	0
1627	119	0
1628	129	0
1629	119	0
1630	110	0
1631	111	0
1632	111	0
1633	111	0
1634	120	0
1635	139	0
1636	147	0
1637	145	0
1638	136	0
1639	117	0
1640	118	0
1641	129	0
1642	119	0
1643	111	0
1644	119	0
1645	130	0
1646	127	0
1647	129	0
1648	127	0
1649	128	0
1650	118	0
1651	111	0
1652	111	0
1653	112	0
1654	119	0
1655	139	0
1656	147	0
1657	145	0
1658	144	0
1659	146	0
1660	145	0
1661	145	0
1662	136	0
1663	127	0
1664	128	0
1665	119	0
1666	118	0
1667	128	0
1668	120	0
1669	119	0
1670	138	0
1671	137	0
1672	119	0
1673	110	0
1674	111	0
1675	120	0
1676	130	0
1677	127	0
1678	129	0
1679	127	0
1680	138	0
1681	138	0
1682	127	0
1683	136	0
1684	139	0
1685	119	0
1686	111	0
1687	119	0
1688	139	0
1689	138	0
1690	119	0
1691	110	0
1692	111	0
1693	111	0
1694	111	0
1695	111	0
1696	120	0
1697	138	0
1698	138	0
1699	127	0
1700	136	0
1701	146	0
1702	146	0
1703	144	0
1704	145	0
1705	137	0
1706	127	0
1707	136	0
1708	137	0
1709	127	0
1710	127	0
1711	119	0
1712	119	0
1713	129	0
1714	128	0
1715	129	0
1716	127	0
1717	128	0
1718	127	0
1719	138	0
1720	137	0
1721	119	0
1722	110	0
1723	120	0
1724	129	0
1725	119	0
1726	119	0
1727	137	0
1728	139	0
1729	127	0
1730	137	0
1731	136	0
1732	127	0
1733	128	0
1734	127	0
1735	128	0
1736	119	0
1737	119	0
1738	128	0
1739	128	0
1740	128	0
1741	119	0
1742	118	0
1743	128	0
1744	119	0
1745	118	0
1746	138	0
1747	145	0
1748	137	0
1749	119	0
1750	117	0
1751	138	0
1752	139	0
1753	127	0
1754	128	0
1755	118	0
1756	119	0
1757	137	0
1758	139	0
1759	127	0
1760	137	0
1761	137	0
1762	127	0
1763	136	0
1764	138	0
1765	127	0
1766	136	0
1767	147	0
1768	145	0
1769	136	0
1770	117	0
1771	110	0
1772	119	0
1773	129	0
1774	119	0
1775	111	0
1776	111	0
1777	120	0
1778	139	0
1779	147	0
1780	137	0
1781	125	0
1782	128	0
1783	119	0
1784	119	0
1785	128	0
1786	119	0
1787	110	0
1788	111	0
1789	119	0
1790	137	0
1791	139	0
1792	127	0
1793	128	0
1794	118	0
1795	111	0
1796	119	0
1797	139	0
1798	138	0
1799	127	0
1800	136	0
1801	145	0
1802	137	0
1803	117	0
1804	119	0
1805	138	0
1806	147	0
1807	137	0
1808	127	0
1809	128	0
1810	127	0
1811	138	0
1812	137	0
1813	127	0
1814	128	0
1815	128	0
1816	137	0
1817	137	0
1818	118	0
1819	109	0
1820	111	0
1821	111	0
1822	111	0
1823	119	0
1824	129	0
1825	128	0
1826	129	0
1827	119	0
1828	119	0
1829	128	0
1830	120	0
1831	118	0
1832	129	0
1833	119	0
1834	110	0
1835	111	0
1836	111	0
1837	111	0
1838	120	0
1839	129	0
1840	128	0
1841	137	0
1842	137	0
1843	119	0
1844	110	0
1845	119	0
1846	139	0
1847	138	0
1848	127	0
1849	128	0
1850	127	0
1851	138	0
1852	145	0
1853	146	0
1854	136	0
1855	127	0
1856	136	0
1857	147	0
1858	137	0
1859	126	0
1860	138	0
1861	145	0
1862	138	0
1863	117	0
1864	111	0
1865	119	0
1866	129	0
1867	127	0
1868	129	0
1869	127	0
1870	128	0
1871	127	0
1872	129	0
1873	118	0
1874	111	0
1875	111	0
1876	112	0
1877	119	0
1878	131	0
1879	127	0
1880	137	0
1881	137	0
1882	119	0
1883	117	0
1884	129	0
1885	119	0
1886	110	0
1887	119	0
1888	129	0
1889	119	0
1890	111	0
1891	111	0
1892	111	0
1893	119	0
1894	139	0
1895	137	0
1896	118	0
1897	109	0
1898	119	0
1899	139	0
1900	137	0
1901	119	0
1902	110	0
1903	119	0
1904	139	0
1905	138	0
1906	127	0
1907	136	0
1908	137	0
1909	127	0
1910	128	0
1911	127	0
1912	129	0
1913	127	0
1914	129	0
1915	127	0
1916	130	0
1917	117	0
1918	111	0
1919	119	0
1920	139	0
1921	138	0
1922	119	0
1923	118	0
1924	137	0
1925	147	0
1926	145	0
1927	137	0
1928	127	0
1929	136	0
1930	138	0
1931	118	0
1932	117	0
1933	129	0
1934	119	0
1935	111	0
1936	119	0
1937	139	0
1938	147	0
1939	146	0
1940	136	0
1941	117	0
1942	118	0
1943	129	0
1944	127	0
1945	138	0
1946	146	0
1947	137	0
1948	127	0
1949	138	0
1950	145	0
1951	137	0
1952	126	0
1953	137	0
1954	146	0
1955	146	0
1956	144	0
1957	146	0
1958	145	0
1959	137	0
1960	127	0
1961	136	0
1962	138	0
1963	127	0
1964	128	0
1965	127	0
1966	128	0
1967	127	0
1968	138	0
1969	137	0
1970	127	0
1971	128	0
1972	119	0
1973	118	0
1974	129	0
1975	128	0
1976	137	0
1977	139	0
1978	119	0
1979	118	0
1980	129	0
1981	128	0
1982	138	0
1983	145	0
1984	136	0
1985	127	0
1986	137	0
1987	137	0
1988	127	0
1989	128	0
1990	128	0
1991	138	0
1992	137	0
1993	119	0
1994	117	0
1995	138	0
1996	138	0
1997	117	0
1998	110	0
1999	119	0
2000	131	0
2001	127	0
2002	137	0
2003	137	0
2004	127	0
2005	136	0
2006	147	0
2007	137	0
2008	117	0
2009	110	0
2010	111	0
2011	120	0
2012	139	0
2013	147	0
2014	137	0
2015	126	0
2016	128	0
2017	127	0
2018	138	0
2019	145	0
2020	137	0
2021	118	0
2022	119	0
2023	129	0
2024	119	0
2025	109	0
2026	111	0
2027	119	0
2028	138	0
2029	139	0
2030	127	0
2031	128	0
2032	119	0
2033	119	0
2034	138	0
2035	147	0
2036	145	0
2037	145	0
2038	144	0
2039	145	0
2040	136	0
2041	126	0
2042	128	0
2043	118	0
2044	111	0
2045	111	0
2046	120	0
2047	139	0
2048	147	0
2049	137	0
2050	117	0
2051	109	0
2052	111	0
2053	119	0
2054	129	0
2055	119	0
2056	110	0
2057	111	0
2058	111	0
2059	119	0
2060	139	0
2061	138	0
2062	127	0
2063	136	0
2064	146	0
2065	146	0
2066	144	0
2067	136	0
2068	118	0
2069	110	0
2070	111	0
2071	111	0
2072	111	0
2073	120	0
2074	139	0
2075	147	0
2076	145	0
2077	144	0
2078	144	0
2079	136	0
2080	117	0
2081	109	0
2082	111	0
2083	111	0
2084	119	0
2085	139	0
2086	147	0
2087	146	0
2088	144	0
2089	144	0
2090	137	0
2091	127	0
2092	128	0
2093	127	0
2094	138	0
2095	145	0
2096	146	0
2097	136	0
2098	127	0
2099	136	0
2100	147	0
2101	146	0
2102	136	0
2103	118	0
2104	118	0
2105	139	0
2106	146	0
2107	145	0
2108	136	0
2109	126	0
2110	137	0
2111	137	0
2112	119	0
2113	111	0
2114	111	0
2115	111	0
2116	120	0
2117	139	0
2118	147	0
2119	145	0
2120	136	0
2121	127	0
2122	137	0
2123	138	0
2124	127	0
2125	136	0
2126	138	0
2127	127	0
2128	128	0
2129	119	0
2130	111	0
2131	111	0
2132	111	0
2133	119	0
2134	131	0
2135	127	0
2136	138	0
2137	145	0
2138	137	0
2139	117	0
2140	119	0
2141	129	0
2142	119	0
2143	110	0
2144	119	0
2145	130	0
2146	127	0
2147	129	0
2148	118	0
2149	111	0
2150	111	0
2151	112	0
2152	111	0
2153	120	0
2154	129	0
2155	127	0
2156	128	0
2157	127	0
2158	138	0
2159	145	0
2160	146	0
2161	144	0
2162	137	0
2163	127	0
2164	137	0
2165	146	0
2166	137	0
2167	117	0
2168	110	0
2169	119	0
2170	139	0
2171	147	0
2172	146	0
2173	136	0
2174	127	0
2175	136	0
2176	137	0
2177	127	0
2178	128	0
2179	119	0
2180	119	0
2181	129	0
2182	119	0
2183	111	0
2184	112	0
2185	119	0
2186	130	0
2187	119	0
2188	119	0
2189	138	0
2190	147	0
2191	137	0
2192	127	0
2193	128	0
2194	119	0
2195	119	0
2196	129	0
2197	127	0
2198	128	0
2199	128	0
2200	128	0
2201	119	0
2202	111	0
2203	119	0
2204	139	0
2205	138	0
2206	127	0
2207	128	0
2208	127	0
2209	139	0
2210	138	0
2211	119	0
2212	117	0
2213	131	0
2214	127	0
2215	128	0
2216	119	0
2217	111	0
2218	119	0
2219	130	0
2220	119	0
2221	120	0
2222	128	0
2223	119	0
2224	111	0
2225	119	0
2226	139	0
2227	138	0
2228	119	0
2229	117	0
2230	138	0
2231	146	0
2232	137	0
2233	127	0
2234	128	0
2235	119	0
2236	111	0
2237	111	0
2238	120	0
2239	137	0
2240	139	0
2241	127	0
2242	137	0
2243	146	0
2244	138	0
2245	117	0
2246	118	0
2247	129	0
2248	120	0
2249	119	0
2250	137	0
2251	139	0
2252	119	0
2253	119	0
2254	138	0
2255	147	0
2256	146	0
2257	145	0
2258	144	0
2259	136	0
2260	127	0
2261	137	0
2262	138	0
2263	127	0
2264	136	0
2265	147	0
2266	145	0
2267	136	0
2268	117	0
2269	109	0
2270	111	0
2271	111	0
2272	119	0
2273	139	0
2274	147	0
2275	137	0
2276	116	0
2277	109	0
2278	111	0
2279	111	0
2280	111	0
2281	119	0
2282	130	0
2283	119	0
2284	118	0
2285	128	0
2286	119	0
2287	111	0
2288	111	0
2289	111	0
2290	111	0
2291	120	0
2292	139	0
2293	147	0
2294	136	0
2295	116	0
2296	109	0
2297	111	0
2298	119	0
2299	129	0
2300	128	0
2301	137	0
2302	137	0
2303	118	0
2304	109	0
2305	111	0
2306	120	0
2307	138	0
2308	147	0
2309	137	0
2310	117	0
2311	109	0
2312	111	0
2313	120	0
2314	138	0
2315	139	0
2316	118	0
2317	117	0
2318	129	0
2319	119	0
2320	119	0
2321	138	0
2322	138	0
2323	119	0
2324	118	0
2325	128	0
2326	120	0
2327	119	0
2328	137	0
2329	139	0
2330	127	0
2331	137	0
2332	147	0
2333	145	0
2334	144	0
2335	136	0
2336	127	0
2337	129	0
2338	127	0
2339	138	0
2340	145	0
2341	147	0
2342	136	0
2343	127	0
2344	128	0
2345	127	0
2346	129	0
2347	127	0
2348	139	0
2349	136	0
2350	119	0
2351	117	0
2352	139	0
2353	147	0
2354	137	0
2355	117	0
2356	109	0
2357	111	0
2358	120	0
2359	139	0
2360	147	0
2361	145	0
2362	135	0
2363	126	0
2364	128	0
2365	127	0
2366	128	0
2367	118	0
2368	119	0
2369	137	0
2370	147	0
2371	145	0
2372	137	0
2373	125	0
2374	128	0
2375	127	0
2376	137	0
2377	138	0
2378	127	0
2379	136	0
2380	147	0
2381	137	0
2382	117	0
2383	118	0
2384	128	0
2385	128	0
2386	128	0
2387	118	0
2388	111	0
2389	119	0
2390	130	0
2391	127	0
2392	129	0
2393	118	0
2394	119	0
2395	137	0
2396	147	0
2397	137	0
2398	119	0
2399	109	0
2400	111	0
2401	120	0
2402	129	0
2403	119	0
2404	111	0
2405	119	0
2406	129	0
2407	128	0
2408	139	0
2409	145	0
2410	137	0
2411	117	0
2412	109	0
2413	111	0
2414	120	0
2415	138	0
2416	139	0
2417	127	0
2418	136	0
2419	137	0
2420	119	0
2421	117	0
2422	129	0
2423	119	0
2424	119	0
2425	138	0
2426	147	0
2427	147	0
2428	146	0
2429	145	0
2430	147	0
2431	146	0
2432	144	0
2433	136	0
2434	127	0
2435	128	0
2436	127	0
2437	138	0
2438	137	0
2439	127	0
2440	128	0
2441	128	0
2442	128	0
2443	119	0
2444	111	0
2445	119	0
2446	139	0
2447	138	0
2448	127	0
2449	137	0
2450	137	0
2451	127	0
2452	137	0
2453	147	0
2454	137	0
2455	127	0
2456	129	0
2457	127	0
2458	130	0
2459	127	0
2460	129	0
2461	118	0
2462	111	0
2463	118	0
2464	131	0
2465	119	0
2466	111	0
2467	119	0
2468	129	0
2469	119	0
2470	119	0
2471	128	0
2472	119	0
2473	111	0
2474	119	0
2475	129	0
2476	119	0
2477	119	0
2478	137	0
2479	138	0
2480	118	0
2481	111	0
2482	110	0
2483	111	0
2484	111	0
2485	111	0
2486	111	0
2487	119	0
2488	139	0
2489	147	0
2490	137	0
2491	126	0
2492	128	0
2493	127	0
2494	129	0
2495	117	0
2496	111	0
2497	119	0
2498	131	0
2499	127	0
2500	139	0
2501	137	0
2502	127	0
2503	136	0
2504	147	0
2505	146	0
2506	136	0
2507	118	0
2508	109	0
2509	120	0
2510	139	0
2511	138	0
2512	127	0
2513	137	0
2514	146	0
2515	139	0
2516	126	0
2517	129	0
2518	127	0
2519	129	0
2520	127	0
2521	129	0
2522	127	0
2523	130	0
2524	118	0
2525	120	0
2526	137	0
2527	139	0
2528	127	0
2529	137	0
2530	146	0
2531	146	0
2532	136	0
2533	117	0
2534	117	0
2535	129	0
2536	127	0
2537	137	0
2538	138	0
2539	127	0
2540	136	0
2541	138	0
2542	127	0
2543	137	0
2544	147	0
2545	138	0
2546	117	0
2547	118	0
2548	129	0
2549	128	0
2550	137	0
2551	139	0
2552	119	0
2553	110	0
2554	111	0
2555	111	0
2556	111	0
2557	119	0
2558	130	0
2559	119	0
2560	118	0
2561	137	0
2562	147	0
2563	146	0
2564	145	0
2565	145	0
2566	146	0
2567	146	0
2568	145	0
2569	145	0
2570	136	0
2571	118	0
2572	118	0
2573	129	0
2574	119	0
2575	119	0
2576	139	0
2577	147	0
2578	146	0
2579	137	0
2580	126	0
2581	137	0
2582	138	0
2583	119	0
2584	110	0
2585	111	0
2586	111	0
2587	111	0
2588	111	0
2589	119	0
2590	129	0
2591	119	0
2592	110	0
2593	119	0
2594	139	0
2595	147	0
2596	146	0
2597	135	0
2598	127	0
2599	136	0
2600	137	0
2601	127	0
2602	136	0
2603	137	0
2604	127	0
2605	137	0
2606	138	0
2607	127	0
2608	128	0
2609	119	0
2610	119	0
2611	138	0
2612	147	0
2613	137	0
2614	119	0
2615	117	0
2616	129	0
2617	120	0
2618	119	0
2619	130	0
2620	127	0
2621	138	0
2622	138	0
2623	119	0
2624	111	0
2625	119	0
2626	130	0
2627	119	0
2628	111	0
2629	119	0
2630	139	0
2631	147	0
2632	139	0
2633	126	0
2634	136	0
2635	138	0
2636	127	0
2637	136	0
2638	147	0
2639	138	0
2640	127	0
2641	128	0
2642	119	0
2643	119	0
2644	136	0
2645	147	0
2646	137	0
2647	119	0
2648	109	0
2649	119	0
2650	139	0
2651	147	0
2652	147	0
2653	144	0
2654	136	0
2655	118	0
2656	119	0
2657	137	0
2658	139	0
2659	127	0
2660	128	0
2661	127	0
2662	139	0
2663	138	0
2664	119	0
2665	110	0
2666	120	0
2667	139	0
2668	147	0
2669	146	0
2670	136	0
2671	127	0
2672	137	0
2673	147	0
2674	146	0
2675	144	0
2676	137	0
2677	118	0
2678	119	0
2679	129	0
2680	127	0
2681	128	0
2682	119	0
2683	111	0
2684	119	0
2685	131	0
2686	119	0
2687	120	0
2688	128	0
2689	119	0
2690	119	0
2691	129	0
2692	127	0
2693	137	0
2694	147	0
2695	145	0
2696	136	0
2697	118	0
2698	118	0
2699	129	0
2700	119	0
2701	119	0
2702	138	0
2703	137	0
2704	119	0
2705	118	0
2706	128	0
2707	127	0
2708	128	0
2709	119	0
2710	111	0
2711	118	0
2712	131	0
2713	119	0
2714	119	0
2715	128	0
2716	119	0
2717	119	0
2718	129	0
2719	119	0
2720	110	0
2721	111	0
2722	119	0
2723	138	0
2724	139	0
2725	127	0
2726	128	0
2727	127	0
2728	139	0
2729	146	0
2730	147	0
2731	144	0
2732	147	0
2733	136	0
2734	127	0
2735	128	0
2736	119	0
2737	119	0
2738	128	0
2739	128	0
2740	128	0
2741	119	0
2742	109	0
2743	111	0
2744	120	0
2745	137	0
2746	139	0
2747	118	0
2748	117	0
2749	128	0
2750	119	0
2751	119	0
2752	129	0
2753	119	0
2754	109	0
2755	112	0
2756	111	0
2757	111	0
2758	111	0
2759	111	0
2760	111	0
2761	111	0
2762	119	0
2763	139	0
2764	147	0
2765	137	0
2766	117	0
2767	118	0
2768	129	0
2769	119	0
2770	110	0
2771	119	0
2772	139	0
2773	147	0
2774	146	0
2775	136	0
2776	117	0
2777	118	0
2778	138	0
2779	139	0
2780	118	0
2781	111	0
2782	119	0
2783	139	0
2784	147	0
2785	137	0
2786	127	0
2787	136	0
2788	146	0
2789	138	0
2790	117	0
2791	111	0
2792	111	0
2793	112	0
2794	111	0
2795	120	0
2796	130	0
2797	127	0
2798	129	0
2799	127	0
2800	128	0
2801	119	0
2802	119	0
2803	128	0
2804	128	0
2805	137	0
2806	138	0
2807	127	0
2808	128	0
2809	119	0
2810	119	0
2811	137	0
2812	147	0
2813	145	0
2814	137	0
2815	125	0
2816	137	0
2817	147	0
2818	137	0
2819	117	0
2820	111	0
2821	119	0
2822	131	0
2823	119	0
2824	119	0
2825	129	0
2826	119	0
2827	119	0
2828	138	0
2829	139	0
2830	127	0
2831	129	0
2832	127	0
2833	139	0
2834	137	0
2835	127	0
2836	128	0
2837	127	0
2838	129	0
2839	119	0
2840	119	0
2841	129	0
2842	128	0
2843	128	0
2844	119	0
2845	110	0
2846	119	0
2847	130	0
2848	127	0
2849	139	0
2850	137	0
2851	118	0
2852	111	0
2853	111	0
2854	119	0
2855	139	0
2856	147	0
2857	146	0
2858	144	0
2859	136	0
2860	118	0
2861	111	0
2862	119	0
2863	130	0
2864	127	0
2865	138	0
2866	145	0
2867	137	0
2868	117	0
2869	119	0
2870	137	0
2871	139	0
2872	119	0
2873	118	0
2874	128	0
2875	119	0
2876	111	0
2877	111	0
2878	119	0
2879	129	0
2880	128	0
2881	137	0
2882	137	0
2883	119	0
2884	110	0
2885	111	0
2886	111	0
2887	119	0
2888	139	0
2889	138	0
2890	127	0
2891	128	0
2892	127	0
2893	129	0
2894	127	0
2895	129	0
2896	127	0
2897	130	0
2898	119	0
2899	111	0
2900	111	0
2901	112	0
2902	119	0
2903	139	0
2904	138	0
2905	117	0
2906	109	0
2907	119	0
2908	129	0
2909	119	0
2910	111	0
2911	111	0
2912	120	0
2913	139	0
2914	139	0
2915	127	0
2916	136	0
2917	145	0
2918	138	0
2919	116	0
2920	109	0
2921	119	0
2922	139	0
2923	138	0
2924	127	0
2925	137	0
2926	146	0
2927	138	0
2928	126	0
2929	137	0
2930	137	0
2931	119	0
2932	118	0
2933	137	0
2934	147	0
2935	137	0
2936	127	0
2937	136	0
2938	138	0
2939	118	0
2940	110	0
2941	119	0
2942	130	0
2943	128	0
2944	138	0
2945	145	0
2946	147	0
2947	145	0
2948	136	0
2949	127	0
2950	128	0
2951	119	0
2952	119	0
2953	128	0
2954	120	0
2955	118	0
2956	129	0
2957	119	0
2958	119	0
2959	138	0
2960	139	0
2961	118	0
2962	111	0
2963	119	0
2964	139	0
2965	147	0
2966	146	0
2967	144	0
2968	137	0
2969	126	0
2970	128	0
2971	127	0
2972	128	0
2973	119	0
2974	111	0
2975	111	0
2976	120	0
2977	138	0
2978	139	0
2979	127	0
2980	128	0
2981	118	0
2982	111	0
2983	119	0
2984	130	0
2985	119	0
2986	111	0
2987	111	0
2988	119	0
2989	139	0
2990	139	0
2991	127	0
2992	136	0
2993	147	0
2994	147	0
2995	144	0
2996	137	0
2997	126	0
2998	129	0
2999	127	0
3000	128	0
3001	118	0
3002	111	0
3003	119	0
3004	139	0
3005	147	0
3006	138	0
3007	126	0
3008	128	0
3009	119	0
3010	119	0
3011	129	0
3012	119	0
3013	110	0
3014	111	0
3015	111	0
3016	119	0
3017	131	0
3018	127	0
3019	128	0
3020	117	0
3021	111	0
3022	119	0
3023	139	0
3024	138	0
3025	127	0
3026	128	0
3027	127	0
3028	138	0
3029	145	0
3030	138	0
3031	126	0
3032	138	0
3033	146	0
3034	147	0
3035	136	0
3036	127	0
3037	137	0
3038	137	0
3039	127	0
3040	128	0
3041	127	0
3042	137	0
3043	138	0
3044	127	0
3045	128	0
3046	119	0
3047	119	0
3048	139	0
3049	147	0
3050	137	0
3051	118	0
3052	109	0
3053	111	0
3054	119	0
3055	129	0
3056	119	0
3057	111	0
3058	111	0
3059	119	0
3060	139	0
3061	147	0
3062	145	0
3063	136	0
3064	117	0
3065	119	0
3066	129	0
3067	128	0
3068	129	0
3069	127	0
3070	129	0
3071	127	0
3072	138	0
3073	137	0
3074	127	0
3075	128	0
3076	128	0
3077	129	0
3078	127	0
3079	138	0
3080	146	0
3081	146	0
3082	144	0
3083	137	0
3084	126	0
3085	137	0
3086	145	0
3087	137	0
3088	127	0
3089	128	0
3090	127	0
3091	129	0
3092	127	0
3093	129	0
3094	119	0
3095	120	0
3096	137	0
3097	139	0
3098	127	0
3099	128	0
3100	127	0
3101	139	0
3102	145	0
3103	146	0
3104	136	0
3105	119	0
3106	109	0
3107	111	0
3108	111	0
3109	111	0
3110	119	0
3111	129	0
3112	119	0
3113	118	0
3114	128	0
3115	119	0
3116	119	0
3117	129	0
3118	119	0
3119	119	0
3120	130	0
3121	127	0
3122	138	0
3123	138	0
3124	127	0
3125	136	0
3126	138	0
3127	118	0
3128	110	0
3129	111	0
3130	120	0
3131	138	0
3132	139	0
3133	119	0
3134	118	0
3135	137	0
3136	147	0
3137	138	0
3138	127	0
3139	128	0
3140	119	0
3141	111	0
3142	111	0
3143	111	0
3144	111	0
3145	120	0
3146	137	0
3147	137	0
3148	117	0
3149	109	0
3150	111	0
3151	120	0
3152	139	0
3153	147	0
3154	137	0
3155	117	0
3156	117	0
3157	139	0
3158	147	0
3159	146	0
3160	144	0
3161	136	0
3162	117	0
3163	110	0
3164	111	0
3165	111	0
3166	111	0
3167	111	0
3168	119	0
3169	137	0
3170	137	0
3171	117	0
3172	119	0
3173	137	0
3174	139	0
3175	117	0
3176	119	0
3177	137	0
3178	139	0
3179	127	0
3180	137	0
3181	146	0
3182	138	0
3183	118	0
3184	111	0
3185	119	0
3186	131	0
3187	127	0
3188	129	0
3189	119	0
3190	119	0
3191	137	0
3192	147	0
3193	145	0
3194	137	0
3195	117	0
3196	119	0
3197	129	0
3198	119	0
3199	118	0
3200	129	0
3201	127	0
3202	138	0
3203	146	0
3204	137	0
3205	119	0
3206	119	0
3207	128	0
3208	128	0
3209	128	0
3210	127	0
3211	137	0
3212	138	0
3213	127	0
3214	128	0
3215	127	0
3216	128	0
3217	118	0
3218	111	0
3219	111	0
3220	112	0
3221	119	0
3222	131	0
3223	119	0
3224	119	0
3225	137	0
3226	139	0
3227	118	0
3228	111	0
3229	110	0
3230	111	0
3231	111	0
3232	111	0
3233	119	0
3234	129	0
3235	127	0
3236	137	0
3237	137	0
3238	127	0
3239	136	0
3240	147	0
3241	138	0
3242	127	0
3243	128	0
3244	119	0
3245	119	0
3246	129	0
3247	127	0
3248	138	0
3249	147	0
3250	144	0
3251	136	0
3252	118	0
3253	109	0
3254	111	0
3255	111	0
3256	119	0
3257	130	0
3258	119	0
3259	119	0
3260	128	0
3261	127	0
3262	137	0
3263	138	0
3264	117	0
3265	111	0
3266	120	0
3267	138	0
3268	139	0
3269	119	0
3270	110	0
3271	111	0
3272	120	0
3273	129	0
3274	120	0
3275	118	0
3276	128	0
3277	119	0
3278	111	0
3279	119	0
3280	138	0
3281	137	0
3282	128	0
3283	136	0
3284	137	0
3285	119	0
3286	119	0
3287	129	0
3288	128	0
3289	137	0
3290	146	0
3291	145	0
3292	136	0
3293	127	0
3294	137	0
3295	147	0
3296	146	0
3297	144	0
3298	147	0
3299	145	0
3300	137	0
3301	117	0
3302	118	0
3303	129	0
3304	119	0
3305	119	0
3306	137	0
3307	138	0
3308	118	0
3309	111	0
3310	111	0
3311	120	0
3312	130	0
3313	128	0
3314	138	0
3315	136	0
3316	119	0
3317	118	0
3318	137	0
3319	139	0
3320	127	0
3321	128	0
3322	118	0
3323	111	0
3324	119	0
3325	129	0
3326	119	0
3327	111	0
3328	111	0
3329	120	0
3330	129	0
3331	120	0
3332	111	0
3333	111	0
3334	119	0
3335	129	0
3336	127	0
3337	129	0
3338	119	0
3339	119	0
3340	138	0
3341	147	0
3342	146	0
3343	145	0
3344	136	0
3345	119	0
3346	118	0
3347	128	0
3348	119	0
3349	111	0
3350	119	0
3351	129	0
3352	119	0
3353	120	0
3354	128	0
3355	119	0
3356	119	0
3357	130	0
3358	119	0
3359	111	0
3360	119	0
3361	129	0
3362	127	0
3363	139	0
3364	136	0
3365	118	0
3366	117	0
3367	130	0
3368	119	0
3369	119	0
3370	130	0
3371	127	0
3372	129	0
3373	119	0
3374	119	0
3375	138	0
3376	147	0
3377	137	0
3378	119	0
3379	117	0
3380	129	0
3381	128	0
3382	138	0
3383	147	0
3384	145	0
3385	145	0
3386	145	0
3387	146	0
3388	145	0
3389	136	0
3390	126	0
3391	128	0
3392	119	0
3393	119	0
3394	137	0
3395	147	0
3396	146	0
3397	145	0
3398	144	0
3399	136	0
3400	127	0
3401	128	0
3402	127	0
3403	128	0
3404	119	0
3405	119	0
3406	136	0
3407	139	0
3408	119	0
3409	119	0
3410	128	0
3411	120	0
3412	119	0
3413	138	0
3414	147	0
3415	146	0
3416	144	0
3417	136	0
3418	127	0
3419	128	0
3420	118	0
3421	111	0
3422	119	0
3423	131	0
3424	127	0
3425	129	0
3426	119	0
3427	119	0
3428	129	0
3429	119	0
3430	111	0
3431	120	0
3432	129	0
3433	127	0
3434	129	0
3435	127	0
3436	138	0
3437	137	0
3438	127	0
3439	136	0
3440	147	0
3441	145	0
3442	136	0
3443	117	0
3444	110	0
3445	120	0
3446	130	0
3447	119	0
3448	119	0
3449	137	0
3450	147	0
3451	138	0
3452	127	0
3453	136	0
3454	137	0
3455	118	0
3456	110	0
3457	111	0
3458	119	0
3459	130	0
3460	128	0
3461	138	0
3462	137	0
3463	118	0
3464	110	0
3465	119	0
3466	139	0
3467	147	0
3468	137	0
3469	117	0
3470	119	0
3471	137	0
3472	139	0
3473	127	0
3474	137	0
3475	146	0
3476	147	0
3477	144	0
3478	136	0
3479	127	0
3480	129	0
3481	119	0
3482	119	0
3483	137	0
3484	147	0
3485	137	0
3486	127	0
3487	136	0
3488	138	0
3489	127	0
3490	136	0
3491	147	0
3492	145	0
3493	136	0
3494	117	0
3495	109	0
3496	111	0
3497	119	0
3498	130	0
3499	128	0
3500	128	0
3501	127	0
3502	138	0
3503	147	0
3504	146	0
3505	144	0
3506	137	0
3507	126	0
3508	137	0
3509	137	0
3510	127	0
3511	136	0
3512	146	0
3513	138	0
3514	117	0
3515	119	0
3516	138	0
3517	147	0
3518	137	0
3519	118	0
3520	117	0
3521	138	0
3522	147	0
3523	146	0
3524	145	0
3525	136	0
3526	118	0
3527	119	0
3528	137	0
3529	139	0
3530	127	0
3531	137	0
3532	137	0
3533	127	0
3534	137	0
3535	146	0
3536	137	0
3537	127	0
3538	137	0
3539	145	0
3540	139	0
3541	127	0
3542	137	0
3543	138	0
3544	127	0
3545	128	0
3546	127	0
3547	129	0
3548	127	0
3549	130	0
3550	127	0
3551	139	0
3552	145	0
3553	147	0
3554	136	0
3555	127	0
3556	128	0
3557	119	0
3558	111	0
3559	119	0
3560	130	0
3561	119	0
3562	120	0
3563	137	0
3564	147	0
3565	137	0
3566	127	0
3567	137	0
3568	147	0
3569	146	0
3570	144	0
3571	137	0
3572	117	0
3573	119	0
3574	137	0
3575	139	0
3576	127	0
3577	137	0
3578	145	0
3579	137	0
3580	117	0
3581	119	0
3582	137	0
3583	139	0
3584	127	0
3585	128	0
3586	127	0
3587	129	0
3588	119	0
3589	119	0
3590	129	0
3591	120	0
3592	110	0
3593	111	0
3594	119	0
3595	139	0
3596	139	0
3597	118	0
3598	111	0
3599	119	0
3600	139	0
3601	138	0
3602	118	0
3603	119	0
3604	137	0
3605	138	0
3606	127	0
3607	136	0
3608	137	0
3609	119	0
3610	118	0
3611	138	0
3612	147	0
3613	146	0
3614	144	0
3615	136	0
3616	127	0
3617	136	0
3618	137	0
3619	127	0
3620	128	0
3621	119	0
3622	111	0
3623	119	0
3624	130	0
3625	127	0
3626	130	0
3627	127	0
3628	128	0
3629	118	0
3630	119	0
3631	137	0
3632	139	0
3633	127	0
3634	137	0
3635	145	0
3636	146	0
3637	144	0
3638	136	0
3639	127	0
3640	137	0
3641	146	0
3642	137	0
3643	126	0
3644	128	0
3645	127	0
3646	139	0
3647	138	0
3648	127	0
3649	128	0
3650	119	0
3651	110	0
3652	111	0
3653	111	0
3654	119	0
3655	131	0
3656	119	0
3657	111	0
3658	119	0
3659	129	0
3660	127	0
3661	138	0
3662	137	0
3663	118	0
3664	117	0
3665	130	0
3666	127	0
3667	128	0
3668	119	0
3669	119	0
3670	128	0
3671	120	0
3672	119	0
3673	139	0
3674	138	0
3675	127	0
3676	137	0
3677	138	0
3678	119	0
3679	118	0
3680	138	0
3681	147	0
3682	137	0
3683	127	0
3684	128	0
3685	119	0
3686	119	0
3687	129	0
3688	127	0
3689	128	0
3690	119	0
3691	118	0
3692	128	0
3693	119	0
3694	110	0
3695	112	0
3696	119	0
3697	138	0
3698	139	0
3699	118	0
3700	110	0
3701	111	0
3702	119	0
3703	130	0
3704	128	0
3705	138	0
3706	145	0
3707	137	0
3708	127	0
3709	128	0
3710	119	0
3711	111	0
3712	111	0
3713	120	0
3714	138	0
3715	139	0
3716	127	0
3717	128	0
3718	127	0
3719	129	0
3720	118	0
3721	119	0
3722	137	0
3723	139	0
3724	119	0
3725	119	0
3726	128	0
3727	119	0
3728	110	0
3729	119	0
3730	139	0
3731	138	0
3732	119	0
3733	109	0
3734	111	0
3735	111	0
3736	119	0
3737	131	0
3738	127	0
3739	137	0
3740	136	0
3741	127	0
3742	136	0
3743	137	0
3744	117	0
3745	111	0
3746	119	0
3747	139	0
3748	139	0
3749	119	0
3750	118	0
3751	137	0
3752	139	0
3753	117	0
3754	111	0
3755	119	0
3756	139	0
3757	139	0
3758	127	0
3759	128	0
3760	127	0
3761	129	0
3762	127	0
3763	138	0
3764	137	0
3765	119	0
3766	117	0
3767	130	0
3768	119	0
3769	119	0
3770	129	0
3771	127	0
3772	129	0
3773	127	0
3774	128	0
3775	127	0
3776	129	0
3777	118	0
3778	120	0
3779	137	0
3780	139	0
3781	127	0
3782	129	0
3783	127	0
3784	129	0
3785	127	0
3786	128	0
3787	127	0
3788	139	0
3789	144	0
3790	147	0
3791	144	0
3792	147	0
3793	144	0
3794	136	0
3795	127	0
3796	127	0
3797	127	0
3798	137	0
3799	137	0
3800	119	0
3801	109	0
3802	111	0
3803	111	0
3804	111	0
3805	111	0
3806	119	0
3807	129	0
3808	119	0
3809	119	0
3810	137	0
3811	138	0
3812	119	0
3813	111	0
3814	111	0
3815	112	0
3816	119	0
3817	139	0
3818	138	0
3819	117	0
3820	110	0
3821	111	0
3822	111	0
3823	111	0
3824	120	0
3825	139	0
3826	138	0
3827	119	0
3828	117	0
3829	129	0
3830	128	0
3831	137	0
3832	147	0
3833	145	0
3834	136	0
3835	118	0
3836	119	0
3837	129	0
3838	128	0
3839	137	0
3840	138	0
3841	118	0
3842	109	0
3843	111	0
3844	120	0
3845	139	0
3846	139	0
3847	119	0
3848	117	0
3849	128	0
3850	119	0
3851	110	0
3852	119	0
3853	138	0
3854	138	0
3855	119	0
3856	117	0
3857	129	0
3858	128	0
3859	128	0
3860	127	0
3861	128	0
3862	127	0
3863	138	0
3864	137	0
3865	127	0
3866	127	0
3867	119	0
3868	119	0
3869	129	0
3870	127	0
3871	128	0
3872	127	0
3873	138	0
3874	137	0
3875	119	0
3876	117	0
3877	139	0
3878	138	0
3879	119	0
3880	111	0
3881	111	0
3882	120	0
3883	137	0
3884	139	0
3885	127	0
3886	128	0
3887	118	0
3888	111	0
3889	111	0
3890	111	0
3891	119	0
3892	139	0
3893	138	0
3894	127	0
3895	128	0
3896	119	0
3897	119	0
3898	137	0
3899	139	0
3900	118	0
3901	119	0
3902	137	0
3903	147	0
3904	137	0
3905	127	0
3906	137	0
3907	137	0
3908	119	0
3909	110	0
3910	111	0
3911	119	0
3912	129	0
3913	119	0
3914	110	0
3915	111	0
3916	120	0
3917	139	0
3918	147	0
3919	136	0
3920	116	0
3921	109	0
3922	111	0
3923	119	0
3924	130	0
3925	119	0
3926	119	0
3927	138	0
3928	139	0
3929	127	0
3930	137	0
3931	146	0
3932	138	0
3933	117	0
3934	118	0
3935	129	0
3936	128	0
3937	128	0
3938	127	0
3939	138	0
3940	147	0
3941	137	0
3942	117	0
3943	118	0
3944	129	0
3945	119	0
3946	119	0
3947	137	0
3948	147	0
3949	146	0
3950	145	0
3951	144	0
3952	136	0
3953	127	0
3954	136	0
3955	146	0
3956	137	0
3957	127	0
3958	137	0
3959	145	0
3960	139	0
3961	127	0
3962	128	0
3963	127	0
3964	129	0
3965	127	0
3966	129	0
3967	127	0
3968	130	0
3969	126	0
3970	130	0
3971	126	0
3972	130	0
3973	117	0
3974	111	0
3975	111	0
3976	112	0
3977	119	0
3978	130	0
3979	127	0
3980	128	0
3981	127	0
3982	129	0
3983	118	0
3984	111	0
3985	118	0
3986	131	0
3987	119	0
3988	111	0
3989	119	0
3990	129	0
3991	127	0
3992	129	0
3993	127	0
3994	128	0
3995	117	0
3996	111	0
3997	111	0
3998	111	0
3999	111	0
4000	112	0
4001	119	0
4002	129	0
4003	119	0
4004	119	0
4005	137	0
4006	147	0
4007	137	0
4008	118	0
4009	109	0
4010	111	0
4011	111	0
4012	111	0
4013	120	0
4014	139	0
4015	147	0
4016	136	0
4017	126	0
4018	136	0
4019	137	0
4020	118	0
4021	118	0
4022	138	0
4023	138	0
4024	127	0
4025	137	0
4026	147	0
4027	146	0
4028	144	0
4029	146	0
4030	145	0
4031	136	0
4032	126	0
4033	128	0
4034	127	0
4035	139	0
4036	145	0
4037	138	0
4038	126	0
4039	129	0
4040	118	0
4041	119	0
4042	129	0
4043	119	0
4044	118	0
4045	139	0
4046	146	0
4047	137	0
4048	127	0
4049	127	0
4050	119	0
4051	119	0
4052	138	0
4053	147	0
4054	137	0
4055	117	0
4056	117	0
4057	129	0
4058	119	0
4059	118	0
4060	128	0
4061	119	0
4062	111	0
4063	119	0
4064	129	0
4065	119	0
4066	119	0
4067	128	0
4068	127	0
4069	137	0
4070	138	0
4071	117	0
4072	111	0
4073	120	0
4074	129	0
4075	119	0
4076	111	0
4077	119	0
4078	138	0
4079	139	0
4080	127	0
4081	128	0
4082	118	0
4083	111	0
4084	119	0
4085	139	0
4086	138	0
4087	127	0
4088	137	0
4089	147	0
4090	138	0
4091	117	0
4092	119	0
4093	137	0
4094	139	0
4095	117	0
4096	111	0
4097	111	0
4098	111	0
4099	111	0
4100	111	0
4101	119	0
4102	129	0
4103	119	0
4104	110	0
4105	111	0
4106	111	0
4107	111	0
4108	111	0
4109	111	0
4110	111	0
4111	119	0
4112	138	0
4113	147	0
4114	145	0
4115	136	0
4116	117	0
4117	118	0
4118	130	0
4119	127	0
4120	128	0
4121	127	0
4122	137	0
4123	136	0
4124	119	0
4125	117	0
4126	139	0
4127	147	0
4128	146	0
4129	136	0
4130	117	0
4131	110	0
4132	119	0
4133	139	0
4134	146	0
4135	137	0
4136	126	0
4137	128	0
4138	127	0
4139	128	0
4140	118	0
4141	119	0
4142	128	0
4143	128	0
4144	138	0
4145	147	0
4146	137	0
4147	127	0
4148	128	0
4149	127	0
4150	138	0
4151	136	0
4152	127	0
4153	128	0
4154	119	0
4155	119	0
4156	137	0
4157	139	0
4158	118	0
4159	119	0
4160	136	0
4161	139	0
4162	118	0
4163	118	0
4164	129	0
4165	128	0
4166	139	0
4167	145	0
4168	136	0
4169	117	0
4170	110	0
4171	119	0
4172	129	0
4173	119	0
4174	119	0
4175	129	0
4176	119	0
4177	111	0
4178	119	0
4179	138	0
4180	138	0
4181	127	0
4182	137	0
4183	146	0
4184	138	0
4185	117	0
4186	110	0
4187	111	0
4188	120	0
4189	129	0
4190	119	0
4191	111	0
4192	111	0
4193	119	0
4194	131	0
4195	128	0
4196	138	0
4197	145	0
4198	137	0
4199	117	0
4200	109	0
4201	111	0
4202	111	0
4203	119	0
4204	139	0
4205	138	0
4206	119	0
4207	117	0
4208	137	0
4209	138	0
4210	117	0
4211	111	0
4212	111	0
4213	120	0
4214	138	0
4215	139	0
4216	127	0
4217	136	0
4218	146	0
4219	138	0
4220	126	0
4221	128	0
4222	119	0
4223	119	0
4224	128	0
4225	119	0
4226	118	0
4227	130	0
4228	119	0
4229	119	0
4230	139	0
4231	139	0
4232	119	0
4233	119	0
4234	138	0
4235	147	0
4236	137	0
4237	127	0
4238	136	0
4239	139	0
4240	127	0
4241	128	0
4242	127	0
4243	138	0
4244	145	0
4245	136	0
4246	126	0
4247	137	0
4248	145	0
4249	139	0
4250	126	0
4251	137	0
4252	137	0
4253	117	0
4254	110	0
4255	111	0
4256	111	0
4257	111	0
4258	111	0
4259	120	0
4260	139	0
4261	147	0
4262	137	0
4263	126	0
4264	137	0
4265	146	0
4266	145	0
4267	144	0
4268	145	0
4269	145	0
4270	146	0
4271	136	0
4272	126	0
4273	128	0
4274	118	0
4275	111	0
4276	119	0
4277	139	0
4278	146	0
4279	147	0
4280	144	0
4281	145	0
4282	145	0
4283	136	0
4284	117	0
4285	109	0
4286	111	0
4287	111	0
4288	111	0
4289	120	0
4290	137	0
4291	138	0
4292	117	0
4293	117	0
4294	137	0
4295	147	0
4296	146	0
4297	145	0
4298	144	0
4299	145	0
4300	145	0
4301	137	0
4302	127	0
4303	128	0
4304	127	0
4305	138	0
4306	144	0
4307	146	0
4308	144	0
4309	137	0
4310	117	0
4311	119	0
4312	138	0
4313	146	0
4314	137	0
4315	117	0
4316	109	0
4317	111	0
4318	111	0
4319	119	0
4320	139	0
4321	138	0
4322	118	0
4323	109	0
4324	119	0
4325	139	0
4326	146	0
4327	137	0
4328	117	0
4329	118	0
4330	138	0
4331	147	0
4332	146	0
4333	136	0
4334	126	0
4335	128	0
4336	119	0
4337	119	0
4338	137	0
4339	139	0
4340	127	0
4341	138	0
4342	145	0
4343	146	0
4344	144	0
4345	144	0
4346	145	0
4347	136	0
4348	117	0
4349	109	0
4350	119	0
4351	129	0
4352	119	0
4353	119	0
4354	137	0
4355	147	0
4356	145	0
4357	136	0
4358	116	0
4359	111	0
4360	119	0
4361	139	0
4362	147	0
4363	146	0
4364	136	0
4365	117	0
4366	119	0
4367	139	0
4368	147	0
4369	137	0
4370	127	0
4371	136	0
4372	146	0
4373	146	0
4374	144	0
4375	136	0
4376	117	0
4377	110	0
4378	111	0
4379	111	0
4380	111	0
4381	119	0
4382	138	0
4383	147	0
4384	145	0
4385	144	0
4386	144	0
4387	136	0
4388	117	0
4389	109	0
4390	111	0
4391	119	0
4392	138	0
4393	139	0
4394	118	0
4395	118	0
4396	137	0
4397	139	0
4398	119	0
4399	119	0
4400	129	0
4401	128	0
4402	138	0
4403	146	0
4404	145	0
4405	137	0
4406	127	0
4407	137	0
4408	146	0
4409	137	0
4410	117	0
4411	118	0
4412	129	0
4413	128	0
4414	137	0
4415	137	0
4416	119	0
4417	119	0
4418	137	0
4419	139	0
4420	117	0
4421	111	0
4422	119	0
4423	129	0
4424	119	0
4425	111	0
4426	119	0
4427	130	0
4428	127	0
4429	129	0
4430	118	0
4431	111	0
4432	119	0
4433	131	0
4434	119	0
4435	119	0
4436	128	0
4437	119	0
4438	110	0
4439	111	0
4440	111	0
4441	119	0
4442	131	0
4443	127	0
4444	137	0
4445	136	0
4446	118	0
4447	118	0
4448	129	0
4449	119	0
4450	110	0
4451	119	0
4452	138	0
4453	147	0
4454	146	0
4455	144	0
4456	144	0
4457	136	0
4458	127	0
4459	136	0
4460	145	0
4461	137	0
4462	117	0
4463	111	0
4464	119	0
4465	131	0
4466	119	0
4467	119	0
4468	138	0
4469	137	0
4470	118	0
4471	111	0
4472	119	0
4473	130	0
4474	128	0
4475	129	0
4476	119	0
4477	111	0
4478	119	0
4479	139	0
4480	147	0
4481	146	0
4482	144	0
4483	136	0
4484	117	0
4485	119	0
4486	137	0
4487	138	0
4488	127	0
4489	129	0
4490	127	0
4491	129	0
4492	119	0
4493	119	0
4494	137	0
4495	139	0
4496	118	0
4497	111	0
4498	119	0
4499	139	0
4500	138	0
4501	127	0
4502	137	0
4503	146	0
4504	137	0
4505	116	0
4506	110	0
4507	119	0
4508	131	0
4509	119	0
4510	111	0
4511	119	0
4512	138	0
4513	138	0
4514	127	0
4515	136	0
4516	147	0
4517	146	0
4518	144	0
4519	145	0
4520	136	0
4521	127	0
4522	137	0
4523	146	0
4524	138	0
4525	127	0
4526	137	0
4527	146	0
4528	147	0
4529	144	0
4530	146	0
4531	145	0
4532	145	0
4533	145	0
4534	144	0
4535	136	0
4536	117	0
4537	109	0
4538	111	0
4539	111	0
4540	111	0
4541	111	0
4542	111	0
4543	119	0
4544	129	0
4545	127	0
4546	137	0
4547	145	0
4548	145	0
4549	144	0
4550	146	0
4551	136	0
4552	127	0
4553	128	0
4554	119	0
4555	119	0
4556	128	0
4557	119	0
4558	109	0
4559	111	0
4560	111	0
4561	119	0
4562	131	0
4563	127	0
4564	138	0
4565	145	0
4566	137	0
4567	117	0
4568	111	0
4569	119	0
4570	130	0
4571	127	0
4572	138	0
4573	137	0
4574	117	0
4575	117	0
4576	129	0
4577	119	0
4578	111	0
4579	119	0
4580	129	0
4581	127	0
4582	129	0
4583	127	0
4584	138	0
4585	145	0
4586	138	0
4587	117	0
4588	119	0
4589	128	0
4590	119	0
4591	119	0
4592	128	0
4593	119	0
4594	110	0
4595	111	0
4596	111	0
4597	111	0
4598	120	0
4599	129	0
4600	119	0
4601	110	0
4602	119	0
4603	139	0
4604	147	0
4605	146	0
4606	144	0
4607	145	0
4608	145	0
4609	136	0
4610	117	0
4611	118	0
4612	129	0
4613	127	0
4614	128	0
4615	119	0
4616	119	0
4617	137	0
4618	147	0
4619	137	0
4620	119	0
4621	109	0
4622	119	0
4623	130	0
4624	118	0
4625	111	0
4626	111	0
4627	120	0
4628	139	0
4629	147	0
4630	145	0
4631	136	0
4632	127	0
4633	128	0
4634	127	0
4635	138	0
4636	144	0
4637	138	0
4638	117	0
4639	111	0
4640	111	0
4641	120	0
4642	129	0
4643	127	0
4644	128	0
4645	117	0
4646	111	0
4647	119	0
4648	139	0
4649	138	0
4650	119	0
4651	117	0
4652	129	0
4653	128	0
4654	128	0
4655	127	0
4656	137	0
4657	147	0
4658	139	0
4659	126	0
4660	129	0
4661	127	0
4662	139	0
4663	137	0
4664	127	0
4665	136	0
4666	147	0
4667	137	0
4668	126	0
4669	128	0
4670	127	0
4671	129	0
4672	117	0
4673	111	0
4674	119	0
4675	131	0
4676	127	0
4677	130	0
4678	119	0
4679	119	0
4680	129	0
4681	128	0
4682	138	0
4683	139	0
4684	127	0
4685	137	0
4686	147	0
4687	138	0
4688	127	0
4689	137	0
4690	137	0
4691	127	0
4692	136	0
4693	138	0
4694	119	0
4695	110	0
4696	111	0
4697	119	0
4698	139	0
4699	147	0
4700	137	0
4701	117	0
4702	109	0
4703	111	0
4704	111	0
4705	111	0
4706	111	0
4707	119	0
4708	139	0
4709	137	0
4710	127	0
4711	136	0
4712	137	0
4713	119	0
4714	118	0
4715	138	0
4716	147	0
4717	147	0
4718	144	0
4719	136	0
4720	118	0
4721	118	0
4722	128	0
4723	119	0
4724	119	0
4725	129	0
4726	119	0
4727	119	0
4728	139	0
4729	146	0
4730	137	0
4731	127	0
4732	128	0
4733	118	0
4734	111	0
4735	111	0
4736	112	0
4737	119	0
4738	131	0
4739	127	0
4740	137	0
4741	136	0
4742	127	0
4743	136	0
4744	147	0
4745	146	0
4746	144	0
4747	145	0
4748	136	0
4749	127	0
4750	136	0
4751	145	0
4752	137	0
4753	126	0
4754	137	0
4755	146	0
4756	146	0
4757	136	0
4758	127	0
4759	128	0
4760	127	0
4761	128	0
4762	127	0
4763	129	0
4764	118	0
4765	111	0
4766	118	0
4767	131	0
4768	127	0
4769	129	0
4770	119	0
4771	119	0
4772	129	0
4773	128	0
4774	137	0
4775	139	0
4776	127	0
4777	128	0
4778	127	0
4779	138	0
4780	144	0
4781	137	0
4782	117	0
4783	119	0
4784	137	0
4785	139	0
4786	127	0
4787	128	0
4788	127	0
4789	138	0
4790	145	0
4791	146	0
4792	136	0
4793	119	0
4794	109	0
4795	119	0
4796	130	0
4797	127	0
4798	129	0
4799	119	0
4800	119	0
4801	129	0
4802	128	0
4803	138	0
4804	145	0
4805	137	0
4806	117	0
4807	118	0
4808	129	0
4809	127	0
4810	128	0
4811	119	0
4812	119	0
4813	128	0
4814	120	0
4815	118	0
4816	139	0
4817	137	0
4818	119	0
4819	111	0
4820	119	0
4821	139	0
4822	147	0
4823	147	0
4824	144	0
4825	136	0
4826	117	0
4827	110	0
4828	111	0
4829	119	0
4830	129	0
4831	119	0
4832	119	0
4833	137	0
4834	147	0
4835	137	0
4836	127	0
4837	136	0
4838	145	0
4839	138	0
4840	126	0
4841	128	0
4842	118	0
4843	111	0
4844	119	0
4845	139	0
4846	139	0
4847	127	0
4848	137	0
4849	146	0
4850	138	0
4851	126	0
4852	137	0
4853	137	0
4854	127	0
4855	136	0
4856	138	0
4857	127	0
4858	128	0
4859	127	0
4860	129	0
4861	127	0
4862	129	0
4863	127	0
4864	130	0
4865	127	0
4866	130	0
4867	127	0
4868	129	0
4869	127	0
4870	129	0
4871	118	0
4872	111	0
4873	111	0
4874	120	0
4875	138	0
4876	139	0
4877	117	0
4878	110	0
4879	119	0
4880	129	0
4881	119	0
4882	111	0
4883	119	0
4884	139	0
4885	147	0
4886	138	0
4887	117	0
4888	109	0
4889	119	0
4890	130	0
4891	127	0
4892	139	0
4893	137	0
4894	119	0
4895	117	0
4896	129	0
4897	119	0
4898	111	0
4899	119	0
4900	129	0
4901	119	0
4902	111	0
4903	111	0
4904	119	0
4905	130	0
4906	119	0
4907	111	0
4908	119	0
4909	130	0
4910	127	0
4911	139	0
4912	145	0
4913	138	0
4914	117	0
4915	111	0
4916	111	0
4917	111	0
4918	120	0
4919	139	0
4920	139	0
4921	127	0
4922	136	0
4923	137	0
4924	127	0
4925	136	0
4926	147	0
4927	145	0
4928	136	0
4929	118	0
4930	119	0
4931	138	0
4932	146	0
4933	146	0
4934	144	0
4935	136	0
4936	117	0
4937	110	0
4938	119	0
4939	139	0
4940	138	0
4941	119	0
4942	118	0
4943	137	0
4944	138	0
4945	118	0
4946	119	0
4947	138	0
4948	139	0
4949	127	0
4950	137	0
4951	137	0
4952	127	0
4953	128	0
4954	127	0
4955	129	0
4956	127	0
4957	138	0
4958	137	0
4959	128	0
4960	127	0
4961	127	0
4962	128	0
4963	119	0
4964	118	0
4965	138	0
4966	146	0
4967	137	0
4968	118	0
4969	109	0
4970	119	0
4971	139	0
4972	138	0
4973	119	0
4974	117	0
4975	129	0
4976	128	0
4977	137	0
4978	137	0
4979	118	0
4980	109	0
4981	111	0
4982	112	0
4983	119	0
4984	129	0
4985	119	0
4986	119	0
4987	129	0
4988	128	0
4989	128	0
4990	119	0
4991	118	0
4992	137	0
4993	147	0
4994	137	0
4995	127	0
4996	128	0
4997	119	0
4998	119	0
4999	137	0
5000	147	0
5001	145	0
5002	138	0
5003	125	0
5004	128	0
5005	119	0
5006	110	0
5007	111	0
5008	111	0
5009	111	0
5010	111	0
5011	111	0
5012	119	0
5013	129	0
5014	119	0
5015	119	0
5016	129	0
5017	127	0
5018	129	0
5019	127	0
5020	137	0
5021	136	0
5022	119	0
5023	110	0
5024	111	0
5025	119	0
5026	130	0
5027	128	0
5028	137	0
5029	137	0
5030	127	0
5031	128	0
5032	118	0
5033	111	0
5034	111	0
5035	111	0
5036	119	0
5037	131	0
5038	119	0
5039	119	0
5040	137	0
5041	147	0
5042	146	0
5043	145	0
5044	144	0
5045	136	0
5046	127	0
5047	136	0
5048	146	0
5049	146	0
5050	136	0
5051	118	0
5052	117	0
5053	139	0
5054	138	0
5055	127	0
5056	128	0
5057	119	0
5058	119	0
5059	137	0
5060	139	0
5061	127	0
5062	129	0
5063	127	0
5064	129	0
5065	118	0
5066	111	0
5067	119	0
5068	139	0
5069	147	0
5070	147	0
5071	144	0
5072	136	0
5073	126	0
5074	128	0
5075	118	0
5076	111	0
5077	119	0
5078	131	0
5079	127	0
5080	129	0
5081	118	0
5082	119	0
5083	128	0
5084	119	0
5085	109	0
5086	119	0
5087	129	0
5088	119	0
5089	119	0
5090	128	0
5091	119	0
5092	110	0
5093	119	0
5094	128	0
5095	119	0
5096	119	0
5097	129	0
5098	119	0
5099	110	0
5100	119	0
5101	129	0
5102	119	0
5103	119	0
5104	137	0
5105	147	0
5106	145	0
5107	137	0
5108	117	0
5109	119	0
5110	130	0
5111	119	0
5112	119	0
5113	129	0
5114	119	0
5115	119	0
5116	139	0
5117	138	0
5118	119	0
5119	119	0
5120	128	0
5121	119	0
5122	109	0
5123	111	0
5124	119	0
5125	139	0
5126	147	0
5127	146	0
5128	145	0
5129	145	0
5130	137	0
5131	118	0
5132	118	0
5133	129	0
5134	127	0
5135	128	0
5136	119	0
5137	119	0
5138	137	0
5139	147	0
5140	137	0
5141	127	0
5142	128	0
5143	127	0
5144	129	0
5145	118	0
5146	119	0
5147	137	0
5148	147	0
5149	145	0
5150	145	0
5151	144	0
5152	137	0
5153	127	0
5154	137	0
5155	147	0
5156	146	0
5157	144	0
5158	137	0
5159	127	0
5160	128	0
5161	119	0
5162	119	0
5163	129	0
5164	119	0
5165	118	0
5166	130	0
5167	119	0
5168	119	0
5169	138	0
5170	138	0
5171	118	0
5172	119	0
5173	128	0
5174	128	0
5175	128	0
5176	127	0
5177	137	0
5178	138	0
5179	119	0
5180	117	0
5181	129	0
5182	119	0
5183	110	0
5184	111	0
5185	111	0
5186	119	0
5187	139	0
5188	138	0
5189	127	0
5190	136	0
5191	145	0
5192	138	0
5193	116	0
5194	110	0
5195	111	0
5196	112	0
5197	119	0
5198	130	0
5199	119	0
5200	110	0
5201	119	0
5202	139	0
5203	137	0
5204	119	0
5205	118	0
5206	137	0
5207	147	0
5208	146	0
5209	137	0
5210	125	0
5211	128	0
5212	127	0
5213	138	0
5214	145	0
5215	138	0
5216	127	0
5217	129	0
5218	118	0
5219	111	0
5220	119	0
5221	129	0
5222	119	0
5223	111	0
5224	111	0
5225	111	0
5226	111	0
5227	120	0
5228	139	0
5229	147	0
5230	137	0
5231	117	0
5232	118	0
5233	129	0
5234	119	0
5235	119	0
5236	129	0
5237	119	0
5238	119	0
5239	130	0
5240	127	0
5241	128	0
5242	127	0
5243	128	0
5244	119	0
5245	119	0
5246	128	0
5247	128	0
5248	137	0
5249	146	0
5250	136	0
5251	117	0
5252	118	0
5253	129	0
5254	128	0
5255	138	0
5256	137	0
5257	127	0
5258	136	0
5259	137	0
5260	127	0
5261	137	0
5262	147	0
5263	146	0
5264	144	0
5265	137	0
5266	127	0
5267	128	0
5268	127	0
5269	129	0
5270	118	0
5271	111	0
5272	111	0
5273	120	0
5274	138	0
5275	139	0
5276	127	0
5277	136	0
5278	146	0
5279	146	0
5280	144	0
5281	136	0
5282	117	0
5283	110	0
5284	110	0
5285	111	0
5286	119	0
5287	139	0
5288	138	0
5289	118	0
5290	118	0
5291	137	0
5292	147	0
5293	137	0
5294	127	0
5295	136	0
5296	138	0
5297	127	0
5298	128	0
5299	119	0
5300	119	0
5301	137	0
5302	147	0
5303	146	0
5304	146	0
5305	144	0
5306	145	0
5307	137	0
5308	127	0
5309	137	0
5310	146	0
5311	137	0
5312	117	0
5313	111	0
5314	119	0
5315	131	0
5316	128	0
5317	129	0
5318	127	0
5319	128	0
5320	118	0
5321	119	0
5322	137	0
5323	147	0
5324	136	0
5325	118	0
5326	117	0
5327	129	0
5328	127	0
5329	137	0
5330	147	0
5331	137	0
5332	127	0
5333	128	0
5334	127	0
5335	130	0
5336	127	0
5337	128	0
5338	127	0
5339	139	0
5340	144	0
5341	147	0
5342	144	0
5343	146	0
5344	136	0
5345	117	0
5346	110	0
5347	119	0
5348	130	0
5349	119	0
5350	111	0
5351	119	0
5352	139	0
5353	138	0
5354	127	0
5355	136	0
5356	138	0
5357	127	0
5358	128	0
5359	127	0
5360	138	0
5361	145	0
5362	146	0
5363	136	0
5364	127	0
5365	137	0
5366	147	0
5367	137	0
5368	127	0
5369	137	0
5370	146	0
5371	138	0
5372	127	0
5373	137	0
5374	137	0
5375	119	0
5376	117	0
5377	129	0
5378	127	0
5379	128	0
5380	119	0
5381	118	0
5382	137	0
5383	147	0
5384	137	0
5385	119	0
5386	117	0
5387	129	0
5388	128	0
5389	137	0
5390	147	0
5391	145	0
5392	136	0
5393	116	0
5394	110	0
5395	111	0
5396	119	0
5397	129	0
5398	128	0
5399	137	0
5400	145	0
5401	147	0
5402	144	0
5403	136	0
5404	127	0
5405	137	0
5406	137	0
5407	127	0
5408	128	0
5409	127	0
5410	139	0
5411	145	0
5412	138	0
5413	117	0
5414	119	0
5415	137	0
5416	139	0
5417	127	0
5418	128	0
5419	127	0
5420	138	0
5421	137	0
5422	127	0
5423	128	0
5424	128	0
5425	128	0
5426	127	0
5427	138	0
5428	137	0
5429	127	0
5430	127	0
5431	119	0
5432	119	0
5433	138	0
5434	147	0
5435	145	0
5436	135	0
5437	116	0
5438	118	0
5439	139	0
5440	147	0
5441	137	0
5442	127	0
5443	136	0
5444	137	0
5445	127	0
5446	127	0
5447	119	0
5448	111	0
5449	119	0
5450	139	0
5451	146	0
5452	137	0
5453	127	0
5454	136	0
5455	138	0
5456	119	0
5457	118	0
5458	139	0
5459	146	0
5460	146	0
5461	136	0
5462	126	0
5463	137	0
5464	137	0
5465	118	0
5466	110	0
5467	111	0
5468	111	0
5469	119	0
5470	130	0
5471	127	0
5472	128	0
5473	117	0
5474	110	0
5475	111	0
5476	120	0
5477	129	0
5478	119	0
5479	119	0
5480	137	0
5481	147	0
5482	137	0
5483	126	0
5484	127	0
5485	119	0
5486	119	0
5487	128	0
5488	119	0
5489	118	0
5490	128	0
5491	119	0
5492	118	0
5493	130	0
5494	127	0
5495	138	0
5496	147	0
5497	136	0
5498	116	0
5499	111	0
5500	111	0
5501	111	0
5502	111	0
5503	119	0
5504	131	0
5505	127	0
5506	138	0
5507	145	0
5508	145	0
5509	144	0
5510	145	0
5511	136	0
5512	127	0
5513	128	0
5514	127	0
5515	139	0
5516	145	0
5517	139	0
5518	126	0
5519	138	0
5520	137	0
5521	119	0
5522	118	0
5523	138	0
5524	139	0
5525	127	0
5526	137	0
5527	146	0
5528	139	0
5529	126	0
5530	128	0
5531	127	0
5532	129	0
5533	118	0
5534	119	0
5535	137	0
5536	147	0
5537	145	0
5538	137	0
5539	117	0
5540	118	0
5541	138	0
5542	147	0
5543	145	0
5544	136	0
5545	126	0
5546	128	0
5547	127	0
5548	138	0
5549	145	0
5550	139	0
5551	126	0
5552	129	0
5553	127	0
5554	139	0
5555	138	0
5556	118	0
5557	111	0
5558	120	0
5559	129	0
5560	127	0
5561	129	0
5562	118	0
5563	111	0
5564	119	0
5565	139	0
5566	146	0
5567	147	0
5568	136	0
5569	117	0
5570	118	0
5571	139	0
5572	146	0
5573	137	0
5574	118	0
5575	117	0
5576	138	0
5577	147	0
5578	145	0
5579	136	0
5580	117	0
5581	119	0
5582	137	0
5583	138	0
5584	127	0
5585	137	0
5586	147	0
5587	146	0
5588	136	0
5589	127	0
5590	128	0
5591	119	0
5592	118	0
5593	128	0
5594	119	0
5595	119	0
5596	139	0
5597	137	0
5598	118	0
5599	111	0
5600	110	0
5601	111	0
5602	119	0
5603	139	0
5604	138	0
5605	117	0
5606	110	0
5607	119	0
5608	130	0
5609	119	0
5610	111	0
5611	119	0
5612	130	0
5613	127	0
5614	129	0
5615	117	0
5616	111	0
5617	111	0
5618	112	0
5619	119	0
5620	139	0
5621	138	0
5622	127	0
5623	128	0
5624	127	0
5625	129	0
5626	118	0
5627	111	0
5628	119	0
5629	131	0
5630	127	0
5631	130	0
5632	127	0
5633	128	0
5634	119	0
5635	119	0
5636	137	0
5637	139	0
5638	127	0
5639	138	0
5640	137	0
5641	127	0
5642	137	0
5643	146	0
5644	137	0
5645	126	0
5646	128	0
5647	127	0
5648	129	0
5649	127	0
5650	139	0
5651	137	0
5652	128	0
5653	136	0
5654	139	0
5655	118	0
5656	109	0
5657	111	0
5658	120	0
5659	138	0
5660	138	0
5661	127	0
5662	136	0
5663	147	0
5664	146	0
5665	136	0
5666	117	0
5667	118	0
5668	129	0
5669	119	0
5670	118	0
5671	129	0
5672	119	0
5673	110	0
5674	111	0
5675	119	0
5676	139	0
5677	139	0
5678	118	0
5679	110	0
5680	119	0
5681	139	0
5682	139	0
5683	119	0
5684	109	0
5685	111	0
5686	120	0
5687	138	0
5688	139	0
5689	117	0
5690	110	0
5691	119	0
5692	131	0
5693	127	0
5694	137	0
5695	137	0
5696	127	0
5697	136	0
5698	147	0
5699	138	0
5700	127	0
5701	128	0
5702	127	0
5703	138	0
5704	137	0
5705	119	0
5706	109	0
5707	111	0
5708	119	0
5709	129	0
5710	127	0
5711	137	0
5712	145	0
5713	146	0
5714	136	0
5715	119	0
5716	109	0
5717	111	0
5718	119	0
5719	138	0
5720	139	0
5721	119	0
5722	111	0
5723	119	0
5724	130	0
5725	119	0
5726	111	0
5727	111	0
5728	119	0
5729	138	0
5730	139	0
5731	127	0
5732	136	0
5733	137	0
5734	119	0
5735	117	0
5736	129	0
5737	119	0
5738	119	0
5739	129	0
5740	127	0
5741	137	0
5742	138	0
5743	117	0
5744	111	0
5745	119	0
5746	130	0
5747	119	0
5748	119	0
5749	137	0
5750	147	0
5751	147	0
5752	145	0
5753	136	0
5754	118	0
5755	119	0
5756	128	0
5757	127	0
5758	128	0
5759	127	0
5760	129	0
5761	127	0
5762	130	0
5763	127	0
5764	139	0
5765	145	0
5766	147	0
5767	136	0
5768	119	0
5769	117	0
5770	128	0
5771	119	0
5772	110	0
5773	111	0
5774	119	0
5775	129	0
5776	119	0
5777	110	0
5778	119	0
5779	138	0
5780	137	0
5781	127	0
5782	137	0
5783	146	0
5784	139	0
5785	126	0
5786	128	0
5787	118	0
5788	111	0
5789	119	0
5790	130	0
5791	127	0
5792	139	0
5793	145	0
5794	137	0
5795	117	0
5796	119	0
5797	137	0
5798	147	0
5799	137	0
5800	127	0
5801	128	0
5802	127	0
5803	130	0
5804	127	0
5805	130	0
5806	127	0
5807	130	0
5808	127	0
5809	139	0
5810	144	0
5811	139	0
5812	117	0
5813	111	0
5814	119	0
5815	130	0
5816	127	0
5817	137	0
5818	138	0
5819	127	0
5820	136	0
5821	147	0
5822	146	0
5823	136	0
5824	127	0
5825	136	0
5826	139	0
5827	127	0
5828	136	0
5829	138	0
5830	127	0
5831	128	0
5832	119	0
5833	111	0
5834	111	0
5835	120	0
5836	138	0
5837	147	0
5838	137	0
5839	127	0
5840	136	0
5841	138	0
5842	118	0
5843	111	0
5844	119	0
5845	139	0
5846	138	0
5847	119	0
5848	118	0
5849	137	0
5850	139	0
5851	118	0
5852	111	0
5853	119	0
5854	131	0
5855	127	0
5856	129	0
5857	119	0
5858	119	0
5859	128	0
5860	128	0
5861	128	0
5862	119	0
5863	110	0
5864	119	0
5865	139	0
5866	146	0
5867	146	0
5868	136	0
5869	126	0
5870	128	0
5871	127	0
5872	138	0
5873	137	0
5874	127	0
5875	128	0
5876	128	0
5877	138	0
5878	137	0
5879	119	0
5880	110	0
5881	119	0
5882	130	0
5883	119	0
5884	119	0
5885	128	0
5886	119	0
5887	110	0
5888	120	0
5889	139	0
5890	137	0
5891	119	0
5892	111	0
5893	119	0
5894	130	0
5895	127	0
5896	128	0
5897	118	0
5898	110	0
5899	111	0
5900	112	0
5901	119	0
5902	139	0
5903	138	0
5904	127	0
5905	128	0
5906	119	0
5907	119	0
5908	128	0
5909	127	0
5910	137	0
5911	139	0
5912	117	0
5913	111	0
5914	119	0
5915	130	0
5916	127	0
5917	138	0
5918	145	0
5919	146	0
5920	145	0
5921	146	0
5922	136	0
5923	127	0
5924	128	0
5925	118	0
5926	111	0
5927	111	0
5928	111	0
5929	120	0
5930	139	0
5931	147	0
5932	145	0
5933	135	0
5934	117	0
5935	118	0
5936	129	0
5937	119	0
5938	119	0
5939	129	0
5940	119	0
5941	119	0
5942	139	0
5943	147	0
5944	146	0
5945	137	0
5946	127	0
5947	137	0
5948	146	0
5949	145	0
5950	144	0
5951	136	0
5952	117	0
5953	109	0
5954	111	0
5955	119	0
5956	129	0
5957	127	0
5958	138	0
5959	137	0
5960	127	0
5961	136	0
5962	147	0
5963	137	0
5964	117	0
5965	110	0
5966	119	0
5967	131	0
5968	119	0
5969	110	0
5970	119	0
5971	138	0
5972	139	0
5973	127	0
5974	128	0
5975	127	0
5976	129	0
5977	118	0
5978	119	0
5979	137	0
5980	147	0
5981	137	0
5982	127	0
5983	136	0
5984	137	0
5985	127	0
5986	128	0
5987	127	0
5988	138	0
5989	146	0
5990	147	0
5991	144	0
5992	137	0
5993	127	0
5994	137	0
5995	145	0
5996	137	0
5997	127	0
5998	128	0
5999	127	0
6000	129	0
6001	127	0
6002	129	0
6003	118	0
6004	111	0
6005	111	0
6006	120	0
6007	129	0
6008	120	0
6009	119	0
6010	128	0
6011	127	0
6012	129	0
6013	127	0
6014	128	0
6015	117	0
6016	111	0
6017	111	0
6018	112	0
6019	119	0
6020	130	0
6021	119	0
6022	110	0
6023	119	0
6024	139	0
6025	137	0
6026	119	0
6027	110	0
6028	111	0
6029	111	0
6030	111	0
6031	111	0
6032	111	0
6033	119	0
6034	138	0
6035	147	0
6036	145	0
6037	144	0
6038	145	0
6039	145	0
6040	136	0
6041	117	0
6042	117	0
6043	137	0
6044	137	0
6045	126	0
6046	136	0
6047	145	0
6048	145	0
6049	144	0
6050	136	0
6051	117	0
6052	110	0
6053	111	0
6054	119	0
6055	139	0
6056	138	0
6057	119	0
6058	118	0
6059	137	0
6060	139	0
6061	119	0
6062	118	0
6063	128	0
6064	128	0
6065	139	0
6066	147	0
6067	147	0
6068	137	0
6069	118	0
6070	110	0
6071	119	0
6072	129	0
6073	127	0
6074	129	0
6075	127	0
6076	138	0
6077	144	0
6078	139	0
6079	117	0
6080	119	0
6081	137	0
6082	139	0
6083	118	0
6084	110	0
6085	119	0
6086	129	0
6087	127	0
6088	138	0
6089	145	0
6090	137	0
6091	117	0
6092	119	0
6093	136	0
6094	139	0
6095	126	0
6096	128	0
6097	118	0
6098	119	0
6099	129	0
6100	127	0
6101	137	0
6102	138	0
6103	117	0
6104	110	0
6105	111	0
6106	119	0
6107	139	0
6108	139	0
6109	127	0
6110	128	0
6111	127	0
6112	129	0
6113	118	0
6114	119	0
6115	137	0
6116	147	0
6117	145	0
6118	146	0
6119	145	0
6120	136	0
6121	127	0
6122	136	0
6123	138	0
6124	127	0
6125	128	0
6126	119	0
6127	111	0
6128	119	0
6129	139	0
6130	146	0
6131	139	0
6132	126	0
6133	128	0
6134	119	0
6135	111	0
6136	111	0
6137	119	0
6138	129	0
6139	120	0
6140	119	0
6141	137	0
6142	147	0
6143	145	0
6144	144	0
6145	136	0
6146	127	0
6147	137	0
6148	145	0
6149	138	0
6150	126	0
6151	137	0
6152	137	0
6153	119	0
6154	118	0
6155	138	0
6156	147	0
6157	146	0
6158	136	0
6159	127	0
6160	137	0
6161	147	0
6162	137	0
6163	117	0
6164	110	0
6165	111	0
6166	111	0
6167	119	0
6168	138	0
6169	138	0
6170	127	0
6171	127	0
6172	127	0
6173	139	0
6174	147	0
6175	147	0
6176	144	0
6177	145	0
6178	145	0
6179	145	0
6180	144	0
6181	136	0
6182	117	0
6183	118	0
6184	137	0
6185	147	0
6186	145	0
6187	137	0
6188	127	0
6189	137	0
6190	147	0
6191	146	0
6192	144	0
6193	136	0
6194	117	0
6195	110	0
6196	110	0
6197	111	0
6198	119	0
6199	129	0
6200	127	0
6201	137	0
6202	137	0
6203	127	0
6204	136	0
6205	138	0
6206	127	0
6207	136	0
6208	147	0
6209	146	0
6210	144	0
6211	136	0
6212	127	0
6213	138	0
6214	136	0
6215	119	0
6216	117	0
6217	129	0
6218	119	0
6219	118	0
6220	129	0
6221	127	0
6222	137	0
6223	138	0
6224	119	0
6225	110	0
6226	111	0
6227	111	0
6228	111	0
6229	111	0
6230	111	0
6231	119	0
6232	128	0
6233	127	0
6234	137	0
6235	137	0
6236	127	0
6237	136	0
6238	139	0
6239	127	0
6240	136	0
6241	137	0
6242	127	0
6243	128	0
6244	119	0
6245	119	0
6246	137	0
6247	138	0
6248	127	0
6249	129	0
6250	118	0
6251	111	0
6252	119	0
6253	130	0
6254	119	0
6255	111	0
6256	119	0
6257	129	0
6258	119	0
6259	119	0
6260	128	0
6261	127	0
6262	128	0
6263	119	0
6264	117	0
6265	128	0
6266	119	0
6267	110	0
6268	111	0
6269	119	0
6270	138	0
6271	139	0
6272	127	0
6273	128	0
6274	119	0
6275	118	0
6276	128	0
6277	128	0
6278	138	0
6279	147	0
6280	147	0
6281	145	0
6282	136	0
6283	118	0
6284	119	0
6285	137	0
6286	147	0
6287	145	0
6288	137	0
6289	126	0
6290	136	0
6291	146	0
6292	137	0
6293	117	0
6294	119	0
6295	137	0
6296	138	0
6297	117	0
6298	110	0
6299	110	0
6300	111	0
6301	111	0
6302	111	0
6303	119	0
6304	129	0
6305	119	0
6306	109	0
6307	111	0
6308	119	0
6309	137	0
6310	138	0
6311	119	0
6312	117	0
6313	129	0
6314	128	0
6315	129	0
6316	119	0
6317	110	0
6318	111	0
6319	119	0
6320	129	0
6321	128	0
6322	128	0
6323	127	0
6324	137	0
6325	137	0
6326	127	0
6327	128	0
6328	127	0
6329	138	0
6330	138	0
6331	127	0
6332	128	0
6333	127	0
6334	128	0
6335	127	0
6336	139	0
6337	137	0
6338	127	0
6339	136	0
6340	139	0
6341	118	0
6342	110	0
6343	111	0
6344	111	0
6345	111	0
6346	111	0
6347	111	0
6348	119	0
6349	129	0
6350	119	0
6351	109	0
6352	110	0
6353	111	0
6354	119	0
6355	130	0
6356	119	0
6357	119	0
6358	137	0
6359	139	0
6360	118	0
6361	119	0
6362	128	0
6363	127	0
6364	129	0
6365	127	0
6366	138	0
6367	137	0
6368	128	0
6369	127	0
6370	119	0
6371	119	0
6372	129	0
6373	127	0
6374	139	0
6375	137	0
6376	118	0
6377	118	0
6378	139	0
6379	147	0
6380	146	0
6381	137	0
6382	127	0
6383	128	0
6384	119	0
6385	111	0
6386	111	0
6387	120	0
6388	129	0
6389	128	0
6390	136	0
6391	137	0
6392	127	0
6393	136	0
6394	137	0
6395	119	0
6396	117	0
6397	137	0
6398	138	0
6399	119	0
6400	111	0
6401	119	0
6402	131	0
6403	127	0
6404	129	0
6405	127	0
6406	137	0
6407	137	0
6408	127	0
6409	128	0
6410	128	0
6411	138	0
6412	144	0
6413	137	0
6414	117	0
6415	110	0
6416	119	0
6417	139	0
6418	139	0
6419	118	0
6420	111	0
6421	119	0
6422	139	0
6423	147	0
6424	147	0
6425	144	0
6426	136	0
6427	117	0
6428	119	0
6429	128	0
6430	119	0
6431	119	0
6432	129	0
6433	127	0
6434	137	0
6435	138	0
6436	117	0
6437	111	0
6438	120	0
6439	138	0
6440	138	0
6441	127	0
6442	136	0
6443	147	0
6444	146	0
6445	144	0
6446	137	0
6447	117	0
6448	111	0
6449	111	0
6450	119	0
6451	130	0
6452	127	0
6453	128	0
6454	117	0
6455	110	0
6456	119	0
6457	131	0
6458	127	0
6459	138	0
6460	137	0
6461	119	0
6462	117	0
6463	129	0
6464	119	0
6465	111	0
6466	119	0
6467	138	0
6468	137	0
6469	119	0
6470	117	0
6471	137	0
6472	139	0
6473	119	0
6474	119	0
6475	128	0
6476	128	0
6477	128	0
6478	127	0
6479	137	0
6480	137	0
6481	119	0
6482	117	0
6483	129	0
6484	119	0
6485	110	0
6486	119	0
6487	129	0
6488	119	0
6489	119	0
6490	129	0
6491	128	0
6492	128	0
6493	119	0
6494	110	0
6495	119	0
6496	130	0
6497	127	0
6498	130	0
6499	127	0
6500	129	0
6501	118	0
6502	111	0
6503	119	0
6504	131	0
6505	119	0
6506	119	0
6507	137	0
6508	147	0
6509	145	0
6510	137	0
6511	126	0
6512	137	0
6513	146	0
6514	145	0
6515	136	0
6516	127	0
6517	136	0
6518	147	0
6519	146	0
6520	136	0
6521	117	0
6522	109	0
6523	119	0
6524	129	0
6525	119	0
6526	118	0
6527	128	0
6528	119	0
6529	110	0
6530	119	0
6531	129	0
6532	119	0
6533	119	0
6534	137	0
6535	138	0
6536	118	0
6537	119	0
6538	128	0
6539	119	0
6540	109	0
6541	111	0
6542	111	0
6543	111	0
6544	120	0
6545	129	0
6546	127	0
6547	129	0
6548	127	0
6549	128	0
6550	119	0
6551	111	0
6552	111	0
6553	120	0
6554	129	0
6555	120	0
6556	118	0
6557	128	0
6558	127	0
6559	137	0
6560	146	0
6561	138	0
6562	117	0
6563	119	0
6564	137	0
6565	139	0
6566	118	0
6567	118	0
6568	129	0
6569	128	0
6570	137	0
6571	137	0
6572	127	0
6573	136	0
6574	137	0
6575	119	0
6576	109	0
6577	119	0
6578	130	0
6579	119	0
6580	119	0
6581	128	0
6582	119	0
6583	119	0
6584	129	0
6585	119	0
6586	119	0
6587	139	0
6588	138	0
6589	118	0
6590	119	0
6591	137	0
6592	147	0
6593	145	0
6594	137	0
6595	126	0
6596	137	0
6597	147	0
6598	145	0
6599	144	0
6600	136	0
6601	127	0
6602	137	0
6603	137	0
6604	127	0
6605	128	0
6606	127	0
6607	138	0
6608	145	0
6609	138	0
6610	117	0
6611	119	0
6612	137	0
6613	139	0
6614	127	0
6615	128	0
6616	119	0
6617	119	0
6618	129	0
6619	119	0
6620	110	0
6621	112	0
6622	119	0
6623	129	0
6624	127	0
6625	128	0
6626	127	0
6627	129	0
6628	118	0
6629	119	0
6630	137	0
6631	147	0
6632	145	0
6633	137	0
6634	126	0
6635	137	0
6636	146	0
6637	137	0
6638	116	0
6639	110	0
6640	111	0
6641	120	0
6642	139	0
6643	138	0
6644	118	0
6645	110	0
6646	119	0
6647	131	0
6648	127	0
6649	128	0
6650	119	0
6651	119	0
6652	129	0
6653	128	0
6654	128	0
6655	119	0
6656	118	0
6657	129	0
6658	128	0
6659	128	0
6660	127	0
6661	128	0
6662	118	0
6663	111	0
6664	111	0
6665	112	0
6666	119	0
6667	131	0
6668	127	0
6669	128	0
6670	127	0
6671	128	0
6672	117	0
6673	111	0
6674	111	0
6675	120	0
6676	129	0
6677	120	0
6678	110	0
6679	111	0
6680	120	0
6681	138	0
6682	139	0
6683	127	0
6684	136	0
6685	145	0
6686	137	0
6687	117	0
6688	109	0
6689	111	0
6690	120	0
6691	130	0
6692	128	0
6693	129	0
6694	127	0
6695	137	0
6696	146	0
6697	138	0
6698	117	0
6699	119	0
6700	137	0
6701	147	0
6702	137	0
6703	118	0
6704	118	0
6705	137	0
6706	139	0
6707	127	0
6708	128	0
6709	127	0
6710	129	0
6711	119	0
6712	119	0
6713	129	0
6714	128	0
6715	128	0
6716	119	0
6717	110	0
6718	111	0
6719	112	0
6720	119	0
6721	130	0
6722	119	0
6723	119	0
6724	137	0
6725	147	0
6726	136	0
6727	127	0
6728	136	0
6729	146	0
6730	146	0
6731	136	0
6732	127	0
6733	136	0
6734	147	0
6735	137	0
6736	117	0
6737	119	0
6738	137	0
6739	147	0
6740	137	0
6741	118	0
6742	109	0
6743	119	0
6744	139	0
6745	146	0
6746	137	0
6747	117	0
6748	111	0
6749	119	0
6750	131	0
6751	127	0
6752	129	0
6753	127	0
6754	129	0
6755	127	0
6756	139	0
6757	137	0
6758	119	0
6759	109	0
6760	111	0
6761	119	0
6762	129	0
6763	127	0
6764	128	0
6765	119	0
6766	119	0
6767	128	0
6768	120	0
6769	118	0
6770	130	0
6771	119	0
6772	118	0
6773	129	0
6774	127	0
6775	128	0
6776	119	0
6777	119	0
6778	138	0
6779	139	0
6780	117	0
6781	111	0
6782	111	0
6783	120	0
6784	139	0
6785	147	0
6786	137	0
6787	127	0
6788	137	0
6789	146	0
6790	137	0
6791	126	0
6792	137	0
6793	146	0
6794	138	0
6795	117	0
6796	110	0
6797	111	0
6798	120	0
6799	137	0
6800	138	0
6801	118	0
6802	110	0
6803	119	0
6804	139	0
6805	147	0
6806	137	0
6807	117	0
6808	110	0
6809	119	0
6810	130	0
6811	119	0
6812	119	0
6813	137	0
6814	139	0
6815	118	0
6816	119	0
6817	128	0
6818	119	0
6819	109	0
6820	111	0
6821	111	0
6822	119	0
6823	139	0
6824	138	0
6825	127	0
6826	136	0
6827	137	0
6828	127	0
6829	128	0
6830	127	0
6831	128	0
6832	127	0
6833	139	0
6834	144	0
6835	139	0
6836	117	0
6837	119	0
6838	137	0
6839	147	0
6840	146	0
6841	136	0
6842	125	0
6843	136	0
6844	147	0
6845	145	0
6846	136	0
6847	118	0
6848	110	0
6849	119	0
6850	129	0
6851	119	0
6852	110	0
6853	111	0
6854	111	0
6855	111	0
6856	120	0
6857	137	0
6858	139	0
6859	118	0
6860	110	0
6861	119	0
6862	130	0
6863	127	0
6864	128	0
6865	118	0
6866	118	0
6867	128	0
6868	120	0
6869	110	0
6870	111	0
6871	111	0
6872	119	0
6873	130	0
6874	128	0
6875	137	0
6876	137	0
6877	127	0
6878	137	0
6879	137	0
6880	118	0
6881	109	0
6882	119	0
6883	138	0
6884	138	0
6885	127	0
6886	136	0
6887	137	0
6888	119	0
6889	118	0
6890	129	0
6891	128	0
6892	138	0
6893	137	0
6894	118	0
6895	109	0
6896	110	0
6897	111	0
6898	119	0
6899	139	0
6900	138	0
6901	117	0
6902	118	0
6903	137	0
6904	139	0
6905	118	0
6906	111	0
6907	111	0
6908	111	0
6909	119	0
6910	130	0
6911	127	0
6912	136	0
6913	137	0
6914	117	0
6915	118	0
6916	139	0
6917	147	0
6918	146	0
6919	145	0
6920	144	0
6921	136	0
6922	117	0
6923	109	0
6924	119	0
6925	139	0
6926	147	0
6927	138	0
6928	127	0
6929	137	0
6930	147	0
6931	146	0
6932	144	0
6933	145	0
6934	145	0
6935	136	0
6936	117	0
6937	109	0
6938	111	0
6939	119	0
6940	129	0
6941	128	0
6942	138	0
6943	145	0
6944	137	0
6945	127	0
6946	137	0
6947	147	0
6948	146	0
6949	144	0
6950	145	0
6951	144	0
6952	136	0
6953	127	0
6954	136	0
6955	137	0
6956	118	0
6957	117	0
6958	139	0
6959	147	0
6960	146	0
6961	144	0
6962	136	0
6963	127	0
6964	137	0
6965	146	0
6966	137	0
6967	117	0
6968	110	0
6969	111	0
6970	112	0
6971	111	0
6972	120	0
6973	130	0
6974	119	0
6975	111	0
6976	119	0
6977	138	0
6978	147	0
6979	146	0
6980	136	0
6981	127	0
6982	136	0
6983	137	0
6984	117	0
6985	111	0
6986	119	0
6987	138	0
6988	139	0
6989	118	0
6990	118	0
6991	128	0
6992	119	0
6993	119	0
6994	137	0
6995	147	0
6996	146	0
6997	137	0
6998	126	0
6999	128	0
7000	119	0
7001	118	0
7002	137	0
7003	139	0
7004	118	0
7005	111	0
7006	118	0
7007	130	0
7008	127	0
7009	128	0
7010	118	0
7011	111	0
7012	119	0
7013	139	0
7014	138	0
7015	127	0
7016	128	0
7017	119	0
7018	110	0
7019	111	0
7020	111	0
7021	111	0
7022	120	0
7023	138	0
7024	147	0
7025	136	0
7026	126	0
7027	128	0
7028	127	0
7029	128	0
7030	118	0
7031	111	0
7032	111	0
7033	120	0
7034	138	0
7035	147	0
7036	145	0
7037	136	0
7038	126	0
7039	128	0
7040	119	0
7041	110	0
7042	111	0
7043	111	0
7044	119	0
7045	139	0
7046	147	0
7047	145	0
7048	144	0
7049	145	0
7050	144	0
7051	136	0
7052	117	0
7053	118	0
7054	138	0
7055	139	0
7056	117	0
7057	111	0
7058	119	0
7059	130	0
7060	127	0
7061	138	0
7062	137	0
7063	118	0
7064	119	0
7065	139	0
7066	147	0
7067	146	0
7068	136	0
7069	117	0
7070	118	0
7071	129	0
7072	119	0
7073	118	0
7074	138	0
7075	138	0
7076	127	0
7077	128	0
7078	127	0
7079	138	0
7080	137	0
7081	119	0
7082	110	0
7083	111	0
7084	119	0
7085	139	0
7086	147	0
7087	145	0
7088	136	0
7089	117	0
7090	119	0
7091	138	0
7092	147	0
7093	146	0
7094	137	0
7095	117	0
7096	119	0
7097	138	0
7098	138	0
7099	127	0
7100	137	0
7101	136	0
7102	118	0
7103	110	0
7104	119	0
7105	139	0
7106	147	0
7107	137	0
7108	117	0
7109	119	0
7110	138	0
7111	139	0
7112	127	0
7113	137	0
7114	138	0
7115	127	0
7116	128	0
7117	127	0
7118	139	0
7119	145	0
7120	146	0
7121	136	0
7122	127	0
7123	136	0
7124	147	0
7125	146	0
7126	144	0
7127	146	0
7128	145	0
7129	146	0
7130	145	0
7131	145	0
7132	144	0
7133	136	0
7134	127	0
7135	137	0
7136	147	0
7137	145	0
7138	136	0
7139	127	0
7140	136	0
7141	146	0
7142	137	0
7143	126	0
7144	137	0
7145	138	0
7146	127	0
7147	128	0
7148	127	0
7149	139	0
7150	145	0
7151	138	0
7152	117	0
7153	119	0
7154	137	0
7155	147	0
7156	137	0
7157	127	0
7158	137	0
7159	147	0
7160	138	0
7161	126	0
7162	137	0
7163	137	0
7164	119	0
7165	111	0
7166	119	0
7167	139	0
7168	147	0
7169	147	0
7170	136	0
7171	126	0
7172	137	0
7173	137	0
7174	119	0
7175	118	0
7176	130	0
7177	128	0
7178	137	0
7179	146	0
7180	146	0
7181	136	0
7182	127	0
7183	137	0
7184	146	0
7185	146	0
7186	144	0
7187	137	0
7188	117	0
7189	119	0
7190	137	0
7191	147	0
7192	137	0
7193	127	0
7194	136	0
7195	137	0
7196	118	0
7197	118	0
7198	138	0
7199	139	0
7200	127	0
7201	128	0
7202	127	0
7203	138	0
7204	137	0
7205	127	0
7206	128	0
7207	119	0
7208	119	0
7209	137	0
7210	139	0
7211	127	0
7212	128	0
7213	118	0
7214	111	0
7215	119	0
7216	139	0
7217	138	0
7218	119	0
7219	117	0
7220	138	0
7221	147	0
7222	137	0
7223	117	0
7224	109	0
7225	111	0
7226	111	0
7227	111	0
7228	111	0
7229	119	0
7230	138	0
7231	137	0
7232	127	0
7233	136	0
7234	146	0
7235	146	0
7236	136	0
7237	117	0
7238	110	0
7239	119	0
7240	129	0
7241	127	0
7242	129	0
7243	127	0
7244	138	0
7245	145	0
7246	139	0
7247	126	0
7248	129	0
7249	127	0
7250	139	0
7251	145	0
7252	146	0
7253	136	0
7254	127	0
7255	137	0
7256	147	0
7257	138	0
7258	125	0
7259	128	0
7260	119	0
7261	119	0
7262	128	0
7263	128	0
7264	128	0
7265	127	0
7266	128	0
7267	119	0
7268	111	0
7269	111	0
7270	120	0
7271	138	0
7272	147	0
7273	137	0
7274	127	0
7275	128	0
7276	127	0
7277	138	0
7278	136	0
7279	118	0
7280	111	0
7281	119	0
7282	129	0
7283	127	0
7284	138	0
7285	137	0
7286	118	0
7287	109	0
7288	111	0
7289	119	0
7290	130	0
7291	128	0
7292	138	0
7293	145	0
7294	145	0
7295	136	0
7296	117	0
7297	118	0
7298	137	0
7299	139	0
7300	127	0
7301	137	0
7302	146	0
7303	138	0
7304	127	0
7305	128	0
7306	127	0
7307	138	0
7308	137	0
7309	119	0
7310	110	0
7311	111	0
7312	119	0
7313	139	0
7314	139	0
7315	127	0
7316	128	0
7317	127	0
7318	129	0
7319	118	0
7320	119	0
7321	137	0
7322	147	0
7323	137	0
7324	127	0
7325	136	0
7326	146	0
7327	146	0
7328	136	0
7329	117	0
7330	109	0
7331	119	0
7332	130	0
7333	127	0
7334	138	0
7335	145	0
7336	146	0
7337	136	0
7338	127	0
7339	128	0
7340	119	0
7341	119	0
7342	128	0
7343	128	0
7344	137	0
7345	139	0
7346	118	0
7347	118	0
7348	129	0
7349	119	0
7350	119	0
7351	138	0
7352	147	0
7353	146	0
7354	137	0
7355	118	0
7356	119	0
7357	129	0
7358	119	0
7359	111	0
7360	119	0
7361	130	0
7362	128	0
7363	139	0
7364	137	0
7365	127	0
7366	128	0
7367	119	0
7368	111	0
7369	118	0
7370	131	0
7371	119	0
7372	111	0
7373	119	0
7374	139	0
7375	138	0
7376	127	0
7377	137	0
7378	146	0
7379	146	0
7380	136	0
7381	127	0
7382	128	0
7383	127	0
7384	128	0
7385	127	0
7386	139	0
7387	144	0
7388	147	0
7389	144	0
7390	147	0
7391	144	0
7392	136	0
7393	117	0
7394	117	0
7395	129	0
7396	127	0
7397	129	0
7398	127	0
7399	128	0
7400	119	0
7401	111	0
7402	119	0
7403	131	0
7404	127	0
7405	139	0
7406	137	0
7407	127	0
7408	137	0
7409	147	0
7410	137	0
7411	127	0
7412	137	0
7413	147	0
7414	147	0
7415	144	0
7416	145	0
7417	136	0
7418	118	0
7419	109	0
7420	119	0
7421	130	0
7422	127	0
7423	130	0
7424	127	0
7425	137	0
7426	137	0
7427	128	0
7428	136	0
7429	147	0
7430	137	0
7431	117	0
7432	109	0
7433	119	0
7434	130	0
7435	119	0
7436	111	0
7437	119	0
7438	138	0
7439	138	0
7440	128	0
7441	136	0
7442	147	0
7443	147	0
7444	136	0
7445	126	0
7446	137	0
7447	147	0
7448	145	0
7449	145	0
7450	146	0
7451	145	0
7452	146	0
7453	136	0
7454	127	0
7455	137	0
7456	146	0
7457	146	0
7458	144	0
7459	146	0
7460	145	0
7461	137	0
7462	125	0
7463	128	0
7464	127	0
7465	129	0
7466	118	0
7467	111	0
7468	119	0
7469	139	0
7470	138	0
7471	119	0
7472	118	0
7473	137	0
7474	146	0
7475	136	0
7476	127	0
7477	136	0
7478	147	0
7479	138	0
7480	126	0
7481	129	0
7482	127	0
7483	130	0
7484	127	0
7485	129	0
7486	127	0
7487	138	0
7488	137	0
7489	119	0
7490	117	0
7491	138	0
7492	138	0
7493	118	0
7494	111	0
7495	119	0
7496	131	0
7497	127	0
7498	129	0
7499	119	0
7500	119	0
7501	137	0
7502	139	0
7503	119	0
7504	119	0
7505	138	0
7506	147	0
7507	137	0
7508	127	0
7509	136	0
7510	146	0
7511	138	0
7512	126	0
7513	136	0
7514	147	0
7515	147	0
7516	144	0
7517	137	0
7518	127	0
7519	129	0
7520	127	0
7521	128	0
7522	127	0
7523	129	0
7524	119	0
7525	119	0
7526	137	0
7527	139	0
7528	127	0
7529	137	0
7530	136	0
7531	127	0
7532	136	0
7533	139	0
7534	118	0
7535	111	0
7536	119	0
7537	129	0
7538	119	0
7539	111	0
7540	119	0
7541	129	0
7542	127	0
7543	139	0
7544	145	0
7545	137	0
7546	127	0
7547	138	0
7548	146	0
7549	146	0
7550	136	0
7551	117	0
7552	117	0
7553	129	0
7554	119	0
7555	119	0
7556	129	0
7557	119	0
7558	110	0
7559	111	0
7560	119	0
7561	129	0
7562	128	0
7563	128	0
7564	118	0
7565	110	0
7566	111	0
7567	120	0
7568	138	0
7569	147	0
7570	137	0
7571	117	0
7572	118	0
7573	137	0
7574	139	0
7575	118	0
7576	119	0
7577	129	0
7578	128	0
7579	129	0
7580	127	0
7581	138	0
7582	146	0
7583	138	0
7584	127	0
7585	128	0
7586	127	0
7587	129	0
7588	127	0
7589	138	0
7590	136	0
7591	128	0
7592	136	0
7593	139	0
7594	119	0
7595	118	0
7596	129	0
7597	128	0
7598	138	0
7599	146	0
7600	146	0
7601	145	0
7602	136	0
7603	118	0
7604	119	0
7605	137	0
7606	138	0
7607	127	0
7608	137	0
7609	145	0
7610	137	0
7611	117	0
7612	110	0
7613	119	0
7614	139	0
7615	146	0
7616	137	0
7617	127	0
7618	128	0
7619	127	0
7620	129	0
7621	127	0
7622	139	0
7623	145	0
7624	147	0
7625	136	0
7626	127	0
7627	128	0
7628	119	0
7629	110	0
7630	111	0
7631	120	0
7632	138	0
7633	139	0
7634	127	0
7635	136	0
7636	137	0
7637	119	0
7638	111	0
7639	119	0
7640	139	0
7641	138	0
7642	119	0
7643	118	0
7644	137	0
7645	139	0
7646	117	0
7647	118	0
7648	128	0
7649	119	0
7650	119	0
7651	137	0
7652	147	0
7653	145	0
7654	137	0
7655	117	0
7656	119	0
7657	139	0
7658	138	0
7659	127	0
7660	137	0
7661	137	0
7662	127	0
7663	127	0
7664	127	0
7665	137	0
7666	137	0
7667	127	0
7668	127	0
7669	119	0
7670	119	0
7671	138	0
7672	147	0
7673	146	0
7674	144	0
7675	144	0
7676	145	0
7677	136	0
7678	127	0
7679	137	0
7680	137	0
7681	118	0
7682	118	0
7683	138	0
7684	139	0
7685	119	0
7686	117	0
7687	128	0
7688	127	0
7689	128	0
7690	127	0
7691	137	0
7692	138	0
7693	127	0
7694	128	0
7695	119	0
7696	119	0
7697	129	0
7698	119	0
7699	119	0
7700	131	0
7701	127	0
7702	128	0
7703	119	0
7704	118	0
7705	129	0
7706	128	0
7707	128	0
7708	119	0
7709	118	0
7710	129	0
7711	119	0
7712	118	0
7713	129	0
7714	127	0
7715	138	0
7716	146	0
7717	145	0
7718	144	0
7719	147	0
7720	144	0
7721	136	0
7722	127	0
7723	136	0
7724	146	0
7725	145	0
7726	144	0
7727	145	0
7728	144	0
7729	145	0
7730	145	0
7731	145	0
7732	145	0
7733	136	0
7734	117	0
7735	118	0
7736	128	0
7737	127	0
7738	129	0
7739	127	0
7740	137	0
7741	137	0
7742	119	0
7743	117	0
7744	130	0
7745	128	0
7746	138	0
7747	145	0
7748	146	0
7749	145	0
7750	145	0
7751	136	0
7752	127	0
7753	137	0
7754	138	0
7755	127	0
7756	128	0
7757	127	0
7758	137	0
7759	137	0
7760	119	0
7761	117	0
7762	130	0
7763	127	0
7764	129	0
7765	119	0
7766	119	0
7767	129	0
7768	128	0
7769	137	0
7770	146	0
7771	146	0
7772	144	0
7773	136	0
7774	118	0
7775	109	0
7776	119	0
7777	130	0
7778	119	0
7779	119	0
7780	128	0
7781	128	0
7782	137	0
7783	138	0
7784	127	0
7785	137	0
7786	147	0
7787	138	0
7788	127	0
7789	137	0
7790	137	0
7791	127	0
7792	128	0
7793	127	0
7794	138	0
7795	145	0
7796	146	0
7797	144	0
7798	147	0
7799	144	0
7800	145	0
7801	136	0
7802	127	0
7803	136	0
7804	137	0
7805	127	0
7806	127	0
7807	127	0
7808	137	0
7809	138	0
7810	118	0
7811	110	0
7812	119	0
7813	138	0
7814	138	0
7815	127	0
7816	137	0
7817	146	0
7818	137	0
7819	117	0
7820	118	0
7821	128	0
7822	119	0
7823	110	0
7824	111	0
7825	120	0
7826	138	0
7827	139	0
7828	118	0
7829	110	0
7830	119	0
7831	139	0
7832	147	0
7833	146	0
7834	144	0
7835	136	0
7836	118	0
7837	119	0
7838	137	0
7839	139	0
7840	127	0
7841	137	0
7842	146	0
7843	146	0
7844	145	0
7845	145	0
7846	136	0
7847	119	0
7848	117	0
7849	128	0
7850	119	0
7851	119	0
7852	129	0
7853	127	0
7854	137	0
7855	139	0
7856	127	0
7857	127	0
7858	119	0
7859	110	0
7860	111	0
7861	120	0
7862	138	0
7863	146	0
7864	137	0
7865	117	0
7866	109	0
7867	119	0
7868	130	0
7869	127	0
7870	138	0
7871	145	0
7872	146	0
7873	136	0
7874	127	0
7875	128	0
7876	119	0
7877	119	0
7878	137	0
7879	147	0
7880	137	0
7881	118	0
7882	109	0
7883	119	0
7884	130	0
7885	127	0
7886	138	0
7887	145	0
7888	137	0
7889	117	0
7890	111	0
7891	119	0
7892	139	0
7893	137	0
7894	118	0
7895	110	0
7896	111	0
7897	111	0
7898	111	0
7899	120	0
7900	130	0
7901	127	0
7902	128	0
7903	127	0
7904	128	0
7905	127	0
7906	139	0
7907	144	0
7908	139	0
7909	126	0
7910	139	0
7911	146	0
7912	146	0
7913	144	0
7914	136	0
7915	127	0
7916	128	0
7917	127	0
7918	128	0
7919	118	0
7920	119	0
7921	128	0
7922	120	0
7923	118	0
7924	129	0
7925	119	0
7926	119	0
7927	129	0
7928	119	0
7929	111	0
7930	119	0
7931	129	0
7932	119	0
7933	111	0
7934	111	0
7935	111	0
7936	111	0
7937	111	0
7938	119	0
7939	138	0
7940	138	0
7941	127	0
7942	128	0
7943	119	0
7944	119	0
7945	137	0
7946	139	0
7947	127	0
7948	138	0
7949	146	0
7950	146	0
7951	136	0
7952	127	0
7953	136	0
7954	139	0
7955	127	0
7956	128	0
7957	127	0
7958	138	0
7959	139	0
7960	127	0
7961	128	0
7962	119	0
7963	111	0
7964	119	0
7965	129	0
7966	119	0
7967	111	0
7968	111	0
7969	111	0
7970	119	0
7971	131	0
7972	119	0
7973	110	0
7974	119	0
7975	139	0
7976	147	0
7977	147	0
7978	144	0
7979	136	0
7980	117	0
7981	110	0
7982	110	0
7983	111	0
7984	111	0
7985	120	0
7986	129	0
7987	127	0
7988	137	0
7989	137	0
7990	127	0
7991	128	0
7992	119	0
7993	111	0
7994	111	0
7995	120	0
7996	129	0
7997	128	0
7998	137	0
7999	145	0
