Oscilloscope data. 
Time step = 1,000 uS
Voltage step = 62,50 mV
Zero level = 127

N 	Smpl.	Trig

0	132	0
1	137	0
2	142	0
3	144	0
4	145	0
5	144	0
6	143	0
7	139	0
8	133	0
9	128	0
10	123	0
11	119	0
12	115	0
13	111	0
14	111	0
15	111	0
16	113	0
17	117	0
18	123	0
19	127	0
20	132	0
21	137	0
22	141	0
23	144	0
24	146	0
25	144	0
26	143	0
27	139	0
28	133	0
29	128	0
30	123	0
31	119	0
32	113	0
33	111	0
34	111	0
35	111	0
36	113	0
37	117	0
38	123	0
39	127	0
40	132	0
41	138	0
42	141	0
43	144	0
44	145	0
45	144	0
46	143	0
47	139	0
48	134	0
49	128	0
50	123	0
51	118	0
52	113	0
53	111	0
54	110	0
55	111	0
56	113	0
57	117	0
58	122	0
59	127	0
60	132	0
61	138	0
62	141	0
63	144	0
64	145	0
65	144	0
66	143	0
67	139	0
68	134	0
69	128	0
70	123	0
71	119	0
72	115	0
73	112	0
74	110	0
75	111	0
76	113	0
77	117	0
78	123	0
79	127	0
80	132	0
81	138	0
82	141	0
83	144	0
84	145	0
85	144	0
86	143	0
87	139	0
88	133	0
89	128	0
90	123	0
91	117	0
92	115	0
93	111	0
94	111	0
95	111	0
96	113	0
97	116	0
98	122	0
99	127	0
100	132	0
101	138	0
102	141	0
103	144	0
104	145	0
105	144	0
106	142	0
107	139	0
108	133	0
109	128	0
110	123	0
111	118	0
112	115	0
113	111	0
114	111	0
115	111	0
116	113	0
117	117	0
118	122	0
119	127	0
120	132	0
121	137	0
122	142	0
123	144	0
124	145	0
125	144	0
126	143	0
127	139	0
128	134	0
129	128	0
130	123	0
131	119	0
132	115	0
133	112	0
134	111	0
135	111	0
136	113	0
137	117	0
138	122	0
139	127	0
140	132	0
141	137	0
142	142	0
143	144	0
144	145	0
145	145	0
146	142	0
147	139	0
148	134	0
149	129	0
150	123	0
151	118	0
152	115	0
153	111	0
154	111	0
155	111	0
156	113	0
157	117	0
158	122	0
159	127	0
160	132	0
161	138	0
162	142	0
163	144	0
164	145	0
165	144	0
166	143	0
167	139	0
168	134	0
169	128	0
170	123	0
171	118	0
172	114	0
173	111	0
174	111	0
175	111	0
176	113	0
177	117	0
178	121	0
179	127	0
180	132	0
181	137	0
182	142	0
183	144	0
184	145	0
185	144	0
186	143	0
187	139	0
188	133	0
189	128	0
190	123	0
191	118	0
192	115	0
193	111	0
194	111	0
195	111	0
196	113	0
197	117	0
198	122	0
199	127	0
200	132	0
201	138	0
202	141	0
203	143	0
204	145	0
205	144	0
206	143	0
207	138	0
208	133	0
209	128	0
210	123	0
211	118	0
212	114	0
213	112	0
214	111	0
215	111	0
216	113	0
217	117	0
218	123	0
219	127	0
220	132	0
221	137	0
222	141	0
223	143	0
224	145	0
225	144	0
226	143	0
227	139	0
228	133	0
229	128	0
230	123	0
231	119	0
232	115	0
233	111	0
234	110	0
235	111	0
236	114	0
237	117	0
238	122	0
239	127	0
240	132	0
241	137	0
242	141	0
243	144	0
244	145	0
245	144	0
246	143	0
247	139	0
248	135	0
249	128	0
250	123	0
251	119	0
252	115	0
253	111	0
254	111	0
255	111	0
256	113	0
257	117	0
258	122	0
259	127	0
260	132	0
261	138	0
262	143	0
263	144	0
264	145	0
265	144	0
266	143	0
267	139	0
268	134	0
269	128	0
270	123	0
271	118	0
272	115	0
273	111	0
274	111	0
275	111	0
276	113	0
277	116	0
278	122	0
279	127	0
280	132	0
281	138	0
282	141	0
283	143	0
284	145	0
285	144	0
286	143	0
287	139	0
288	134	0
289	128	0
290	123	0
291	119	0
292	115	0
293	111	0
294	111	0
295	111	0
296	113	0
297	117	0
298	123	0
299	127	0
300	132	0
301	137	0
302	141	0
303	144	0
304	145	0
305	144	0
306	143	0
307	139	0
308	134	0
309	128	0
310	123	0
311	118	0
312	115	0
313	111	0
314	111	0
315	111	0
316	113	0
317	117	0
318	122	0
319	127	0
320	132	0
321	138	0
322	141	0
323	144	0
324	145	0
325	144	0
326	143	0
327	139	0
328	134	0
329	128	0
330	123	0
331	118	0
332	115	0
333	111	0
334	111	0
335	111	0
336	113	0
337	117	0
338	121	0
339	127	0
340	133	0
341	137	0
342	142	0
343	144	0
344	145	0
345	144	0
346	143	0
347	139	0
348	133	0
349	128	0
350	123	0
351	118	0
352	115	0
353	111	0
354	111	0
355	111	0
356	113	0
357	117	0
358	123	0
359	127	0
360	132	0
361	137	0
362	141	0
363	144	0
364	144	0
365	144	0
366	143	0
367	139	0
368	133	0
369	128	0
370	123	0
371	118	0
372	115	0
373	111	0
374	111	0
375	111	0
376	113	0
377	117	0
378	123	0
379	127	0
380	132	0
381	137	0
382	141	0
383	143	0
384	146	0
385	144	0
386	143	0
387	139	0
388	134	0
389	128	0
390	123	0
391	118	0
392	114	0
393	111	0
394	111	0
395	111	0
396	113	0
397	117	0
398	122	0
399	127	0
400	132	0
401	138	0
402	141	0
403	144	0
404	144	0
405	144	0
406	143	0
407	139	0
408	134	0
409	128	0
410	123	0
411	119	0
412	115	0
413	111	0
414	111	0
415	111	0
416	112	0
417	116	0
418	123	0
419	127	0
420	132	0
421	137	0
422	142	0
423	144	0
424	145	0
425	144	0
426	143	0
427	139	0
428	133	0
429	128	0
430	123	0
431	118	0
432	115	0
433	112	0
434	111	0
435	111	0
436	113	0
437	117	0
438	122	0
439	127	0
440	132	0
441	137	0
442	142	0
443	144	0
444	145	0
445	144	0
446	143	0
447	139	0
448	133	0
449	128	0
450	123	0
451	118	0
452	115	0
453	111	0
454	111	0
455	111	0
456	113	0
457	117	0
458	122	0
459	127	0
460	132	0
461	137	0
462	142	0
463	144	0
464	145	0
465	144	0
466	143	0
467	139	0
468	133	0
469	128	0
470	123	0
471	118	0
472	115	0
473	112	0
474	111	0
475	111	0
476	113	0
477	117	0
478	123	0
479	127	0
480	132	0
481	138	0
482	141	0
483	144	0
484	145	0
485	144	0
486	143	0
487	139	0
488	133	0
489	128	0
490	123	0
491	118	0
492	115	0
493	111	0
494	110	0
495	111	0
496	113	0
497	117	0
498	121	0
499	127	0
500	132	0
501	138	0
502	141	0
503	143	0
504	145	0
505	144	0
506	143	0
507	139	0
508	133	0
509	128	0
510	123	0
511	119	0
512	115	0
513	111	0
514	111	0
515	111	0
516	113	0
517	117	0
518	123	0
519	127	0
520	132	0
521	138	0
522	142	0
523	144	0
524	145	0
525	144	0
526	143	0
527	139	0
528	133	0
529	128	0
530	123	0
531	119	0
532	115	0
533	112	0
534	111	0
535	111	0
536	113	0
537	117	0
538	123	0
539	127	0
540	132	0
541	137	0
542	142	0
543	144	0
544	145	0
545	144	0
546	143	0
547	139	0
548	134	0
549	128	0
550	123	0
551	119	0
552	115	0
553	111	0
554	111	0
555	111	0
556	113	0
557	117	0
558	122	0
559	127	0
560	132	0
561	137	0
562	142	0
563	143	0
564	145	0
565	144	0
566	143	0
567	139	0
568	133	0
569	128	0
570	123	0
571	118	0
572	115	0
573	111	0
574	111	0
575	111	0
576	113	0
577	117	0
578	122	0
579	127	0
580	132	0
581	137	0
582	142	0
583	144	0
584	145	0
585	144	0
586	143	0
587	139	0
588	133	0
589	128	0
590	123	0
591	119	0
592	115	0
593	111	0
594	111	0
595	111	0
596	113	0
597	117	0
598	123	0
599	127	0
600	132	0
601	137	0
602	141	0
603	144	0
604	145	0
605	144	0
606	143	0
607	139	0
608	133	0
609	128	0
610	123	0
611	118	0
612	115	0
613	112	0
614	111	0
615	111	0
616	113	0
617	117	0
618	122	0
619	127	0
620	133	0
621	138	0
622	142	0
623	144	0
624	145	0
625	145	0
626	143	0
627	138	0
628	133	0
629	128	0
630	123	0
631	119	0
632	114	0
633	111	0
634	111	0
635	111	0
636	113	0
637	117	0
638	122	0
639	127	0
640	132	0
641	137	0
642	141	0
643	144	0
644	145	0
645	144	0
646	143	0
647	139	0
648	134	0
649	128	0
650	123	0
651	118	0
652	115	0
653	112	0
654	111	0
655	111	0
656	113	0
657	117	0
658	122	0
659	127	0
660	132	0
661	137	0
662	141	0
663	144	0
664	145	0
665	144	0
666	143	0
667	139	0
668	133	0
669	128	0
670	123	0
671	119	0
672	115	0
673	111	0
674	110	0
675	111	0
676	113	0
677	117	0
678	121	0
679	127	0
680	132	0
681	137	0
682	142	0
683	144	0
684	145	0
685	144	0
686	143	0
687	139	0
688	133	0
689	128	0
690	123	0
691	119	0
692	115	0
693	111	0
694	111	0
695	111	0
696	113	0
697	117	0
698	123	0
699	127	0
700	132	0
701	137	0
702	141	0
703	144	0
704	145	0
705	144	0
706	143	0
707	139	0
708	133	0
709	128	0
710	123	0
711	118	0
712	114	0
713	112	0
714	111	0
715	111	0
716	112	0
717	117	0
718	122	0
719	127	0
720	132	0
721	137	0
722	141	0
723	144	0
724	145	0
725	144	0
726	143	0
727	139	0
728	134	0
729	128	0
730	123	0
731	119	0
732	114	0
733	111	0
734	111	0
735	111	0
736	113	0
737	117	0
738	122	0
739	127	0
740	132	0
741	138	0
742	142	0
743	144	0
744	145	0
745	144	0
746	143	0
747	139	0
748	133	0
749	128	0
750	123	0
751	118	0
752	115	0
753	111	0
754	111	0
755	111	0
756	113	0
757	117	0
758	123	0
759	127	0
760	132	0
761	138	0
762	142	0
763	143	0
764	145	0
765	144	0
766	143	0
767	139	0
768	133	0
769	128	0
770	123	0
771	119	0
772	115	0
773	111	0
774	111	0
775	111	0
776	113	0
777	117	0
778	122	0
779	127	0
780	132	0
781	137	0
782	142	0
783	144	0
784	145	0
785	144	0
786	142	0
787	139	0
788	134	0
789	128	0
790	123	0
791	119	0
792	115	0
793	112	0
794	111	0
795	111	0
796	113	0
797	116	0
798	122	0
799	127	0
800	132	0
801	138	0
802	141	0
803	144	0
804	144	0
805	144	0
806	143	0
807	139	0
808	134	0
809	128	0
810	123	0
811	119	0
812	114	0
813	111	0
814	111	0
815	111	0
816	113	0
817	117	0
818	122	0
819	127	0
820	132	0
821	138	0
822	142	0
823	144	0
824	145	0
825	144	0
826	143	0
827	139	0
828	133	0
829	128	0
830	123	0
831	118	0
832	115	0
833	111	0
834	111	0
835	111	0
836	113	0
837	117	0
838	122	0
839	127	0
840	132	0
841	137	0
842	141	0
843	144	0
844	145	0
845	144	0
846	143	0
847	139	0
848	133	0
849	128	0
850	123	0
851	119	0
852	115	0
853	111	0
854	111	0
855	111	0
856	113	0
857	117	0
858	122	0
859	127	0
860	132	0
861	137	0
862	141	0
863	144	0
864	145	0
865	145	0
866	143	0
867	139	0
868	134	0
869	128	0
870	123	0
871	118	0
872	115	0
873	111	0
874	111	0
875	111	0
876	114	0
877	116	0
878	123	0
879	127	0
880	132	0
881	138	0
882	142	0
883	144	0
884	145	0
885	144	0
886	143	0
887	139	0
888	135	0
889	128	0
890	123	0
891	119	0
892	115	0
893	111	0
894	111	0
895	111	0
896	114	0
897	117	0
898	122	0
899	127	0
900	132	0
901	138	0
902	141	0
903	144	0
904	145	0
905	144	0
906	143	0
907	139	0
908	134	0
909	128	0
910	123	0
911	117	0
912	114	0
913	111	0
914	111	0
915	111	0
916	114	0
917	116	0
918	123	0
919	127	0
920	132	0
921	138	0
922	142	0
923	143	0
924	145	0
925	144	0
926	143	0
927	139	0
928	134	0
929	128	0
930	123	0
931	119	0
932	114	0
933	112	0
934	111	0
935	111	0
936	113	0
937	117	0
938	123	0
939	127	0
940	132	0
941	138	0
942	141	0
943	144	0
944	145	0
945	144	0
946	143	0
947	139	0
948	133	0
949	128	0
950	123	0
951	119	0
952	115	0
953	112	0
954	111	0
955	111	0
956	113	0
957	117	0
958	123	0
959	127	0
960	132	0
961	138	0
962	141	0
963	144	0
964	145	0
965	145	0
966	143	0
967	139	0
968	133	0
969	128	0
970	123	0
971	119	0
972	115	0
973	111	0
974	111	0
975	111	0
976	113	0
977	116	0
978	121	0
979	127	0
980	132	0
981	138	0
982	141	0
983	144	0
984	144	0
985	144	0
986	143	0
987	139	0
988	133	0
989	128	0
990	123	0
991	117	0
992	114	0
993	111	0
994	111	0
995	111	0
996	113	0
997	116	0
998	122	0
999	127	0
